2.04339666845
2.03740571897
2.02569687131
2.00847862716
1.98590811618
1.95810599198
1.92517314962
1.88720944148
1.84433445105
1.79671006529
1.74456406538
1.6882132666
1.62808398501
1.56472698895
1.4988238901
1.43118242025
1.36271934111
1.29443160145
1.22735813273
1.16253555177
1.10095065553
1.04349156877
0.990899185318
0.943722242809
0.902282397724
0.866657565171
0.836690003946
0.812019884068
0.792138023344
0.776446791694
0.76431785369
0.755138735303
0.748344855013
0.743437555613
0.739990887763
0.737650555788
0.736128125697
0.73519288228
0.734662968476
0.734396811353
0.73428537743
0.734245490434
0.734214253246
0.734144508502
0.7340012209
0.733758647511
0.733398165693
0.732906641625
0.732275239932
0.731498592597
0.730574261177
0.729502438977
0.728285848474
0.726929793148
0.725442321279
0.723834451516
0.722120395621
0.720317693235
0.718447148881
0.716532438108
0.714599237586
0.71267374867
0.710780545717
0.708939809319
0.707164209418
0.705455964645
0.703804856764
0.702188104693
0.700572854181
0.698921507016
0.697199222524
0.695381913458
0.693462365157
0.691452199041
0.689378497119
0.687275735961
0.68517550717
0.683097460217
0.681044501785
0.679003712785
0.676952429922
0.674867279173
0.672733086496
0.670548561462
0.668326366093
0.666086741589
0.663846472936
0.661608246704
0.659357507627
0.657071569122
0.654737570222
0.652366672475
0.64999168422
0.647648606998
0.645358526033
0.643127010312
0.640960265371
0.638877910573
0.636903037279
0.635036274016
0.63324690755
0.631497995654
0.629770067183
0.628044830208
0.626279828959
0.624425415759
0.622459734073
0.620382988636
0.618189529616
0.615879359576
0.613478829025
0.611012587134
0.608483754408
0.605894784987
0.603238214903
0.600478180037
0.5975795534
0.594510822551
0.591232518425
0.587724410992
0.583971687896
0.579959791524
0.575684747697
0.571124301716
0.566252194044
0.561029364185
0.555432927959
0.549453542622
0.543100595197
0.536384801063
0.529325304837
0.52193898505
0.514262981005
0.506372872383
0.498365022248
0.490320351594
0.482287304706
0.474279677404
0.466308239738
0.458387884917
0.450517440545
0.442682269031
0.434913280208
0.427778414024
0.427268836646
0.485574834011
0.61471679459
0.711369793224
0.730101983948
0.713265349906
0.660774640499
0.586236157753
0.527881727823
0.568883877845
0.669397344574
0.588962280651
0.469030389433
0.476798483393
0.50380362627
0.516671004579
0.503805089806
0.456162854654
0.398475223809
0.463867950536
0.511797907743
0.436274444184
0.375362217669
0.39697655492
0.431450674919
0.454259361313
0.465691812952
0.466258658672
0.457261133663
0.439753681001
0.415841812652
0.390540897517
0.373381333387
0.374391820712
0.391451556799
0.410524119411
0.420936363886
0.416316868098
0.398431490816
0.376069584346
0.358964431635
0.351744601726
0.352732397795
0.357253706298
0.361158418943
0.362132532481
0.359555746363
0.353910604242
0.346776094572
0.340529440357
0.337481508773
0.338404264721
0.341570154249
0.343839488259
0.343130706841
0.339756818032
0.335985529904
0.333939871623
0.333993120774
0.334952624617
0.335345235142
0.334424091321
0.332378168729
0.330186988174
0.328935205908
0.328899164624
0.329207783106
0.328778896005
0.327470927091
0.326171486318
0.325634117101
0.32563139227
0.325382120096
0.324516853095
0.323448687959
0.322782862897
0.322451265348
0.321831247914
0.320802513759
0.319911645123
0.319344876245
0.318667335385
0.317693836888
0.316797262128
0.316106859393
0.315239967124
