1.18990104249
1.18989313016
1.18987770251
1.18985509843
1.18982560354
1.18978945453
1.18974684302
1.18969791901
1.18964279397
1.18958154358
1.18951421015
1.18944080478
1.18936130921
1.18927567751
1.18918383752
1.1890856921
1.18898112019
1.1888699778
1.18875209872
1.18862729521
1.18849535858
1.18835605955
1.18820914867
1.18805435656
1.18789139408
1.18771995251
1.18753970357
1.1873502995
1.18715137301
1.18694253727
1.18672338581
1.18649349248
1.18625241137
1.18599967667
1.18573480269
1.18545728374
1.18516659413
1.18486218819
1.18454350036
1.18420994529
1.18386091808
1.18349579455
1.18311393163
1.18271466788
1.18229732414
1.18186120431
1.18140559627
1.18092977306
1.18043299417
1.1799145071
1.17937354913
1.17880934936
1.17822113101
1.17760811399
1.17696951779
1.17630456462
1.17561248297
1.17489251133
1.17414390229
1.17336592695
1.17255787946
1.17171908184
1.17084888893
1.16994669331
1.16901193026
1.16804408241
1.16704268408
1.166007325
1.16493765323
1.16383337692
1.16269426466
1.16152014403
1.16031089792
1.15906645824
1.15778679656
1.15647191127
1.15512181086
1.15373649303
1.15231591943
1.15085998607
1.14936848948
1.14784108947
1.1462772692
1.14467629409
1.14303717159
1.14135861431
1.1396390097
1.13787639984
1.1360684756
1.13421258913
1.13230578896
1.13034488107
1.12832651823
1.12624731811
1.12410400843
1.12189359412
1.11961353836
1.11726194585
1.11483773358
1.11234077206
1.10977197983
1.1071333551
1.10442793334
1.10165966634
1.09883322841
1.0959537667
1.0930266242
1.0900570737
1.08705010545
1.08401030943
1.08094188169
1.07784876424
1.07473490025
1.07160455681
1.06846264147
1.06531492717
1.06216810895
1.05902965165
1.05590744616
1.05280935996
1.04974282187
1.04671459262
1.04373082044
1.04079736774
1.0379202556
1.03510597505
1.03236142375
1.02969337209
1.02710759227
1.02460797568
1.0221959849
1.01987058835
1.01762851369
1.01546445011
1.01337092316
1.01133793724
1.0093528479
1.00740092411
1.00546659416
1.00353481271
1.00159191536
0.999625899026
0.997626693422
0.995586879284
0.993502485963
0.991373004465
0.989200409179
0.986988073567
0.984740419452
0.982462902915
0.980161481487
0.977841926414
0.975510062075
0.973172618979
0.97083736562
0.968512665475
0.966207505759
0.96393129746
0.961692581514
0.959498080736
0.957352798768
0.955259970529
0.953221467721
0.951239033694
0.949314542
0.94744987617
0.945646960243
0.943906934014
0.942229967483
0.940615213779
0.939060652013
0.937563450437
0.936119640364
0.934724288264
0.933371483696
0.932055024138
0.930768895305
0.929507554964
0.928265499444
0.927037060195
0.92581644189
0.924598445021
0.923378959728
0.922154779969
0.920922880963
0.919680009699
0.918422790444
0.917147815405
0.915851751075
0.914531453776
0.913184459907
0.911808857177
0.910402211356
0.90896111608
0.907482240795
0.90597111731
0.904523051025
0.904408379232
0.924375915242
1.15200463604
0.904729456997
1.37699830007
0.932174162666
1.08291021987
0.932155424755
1.09039408461
1.0271153692
0.960807442685
1.06699504759
0.981018237372
0.901493205949
1.02219286209
0.954016812057
0.894065794264
0.969590197713
0.987205036248
0.924806839335
0.8859339728
0.941934370193
0.967777917114
0.916087454015
0.883222201931
0.912856482633
0.933772219772
0.912253535802
0.881758802701
0.893789286969
0.913483950067
0.894345437239
0.878596595165
0.893236962174
0.898462847126
0.88282717989
0.878225752868
0.889810606743
0.884289348541
0.875131517542
0.882142623005
0.882664420233
0.874412364622
0.87685652787
0.879597654061
0.873189647554
0.874128602778
0.876488794997
0.872002516121
0.872088995344
0.873927316155
0.870293473195
0.870784813583
0.871532141103
0.86876736059
0.869507597156
0.869335696795
0.867398902851
0.868354315199
0.867058270233
0.866427118986
0.866616488063
0.865153479141
0.865486146024
0.86440541304
0.864090884561
0.863567979553
0.862838571755
0.862518548746
0.861664753612
0.861303694863
0.860504644756
0.859950132961
0.859305464221
0.858469977828
0.857977534007
0.857009434567
0.856322810499
0.855616678691
0.854604414047
0.853714064063
0.852935282154
0.852047385421
0.851055869049
0.850035149447
0.849158067546
0.848923559025
0.852507666347
0.871028477615
0.958893213849
0.84300613982
0.962490610887
0.860845414869
0.901464520067
0.838232986299
0.89571215526
0.859218496371
0.852037395803
0.878213583222
0.8348674244
0.865573816937
0.84341192375
0.845811700826
0.853910290787
0.830398069428
0.852268356889
0.828450197337
0.84411661698
0.830509978087
0.837750347392
0.82959130924
0.833452700962
0.829103161443
0.830366019159
0.825895394154
0.828966553843
0.823287880402
0.828119241354
0.819836813785
0.825712802717
0.818238148156
0.822331513327
0.818943458742
0.816963550462
0.819849179701
0.814745307882
0.814720126463
0.816385338099
0.812646940593
0.810617646541
0.81229366525
0.812411309909
0.80856076996
0.806284618458
0.806334319237
0.807318841719
0.808300974832
0.806883637304
0.80688594998
0.806414465286
0.811944074763
0.822481777251
0.859153409415
0.794640798364
0.861448512486
0.795432134738
0.83352596623
0.793498038033
0.820320182921
0.795739133839
0.807191778781
0.801020212784
0.796391449748
0.79557639215
0.795548236337
0.789461546413
0.796718862718
0.781224209012
0.79427569946
0.778815330671
0.789213061151
0.782993094981
0.778322028275
0.787198134215
0.777688208113
0.775244799708
0.782806874841
0.778787794188
0.770633829681
0.773318268607
0.779461164336
0.774962732743
0.76962133172
0.765895614426
0.764168387316
0.763546984832
0.765090966153
0.776273055616
0.816527228038
0.792633833929
0.757780528376
0.79890650623
0.764644996111
0.770338977096
0.777049625167
0.751346240854
0.769677297973
0.755356781681
0.751225574506
0.76332884069
0.750545340628
0.74616502267
0.754653688576
0.753158830698
0.746860098705
0.741578537893
0.740100543634
0.741433011795
0.747172085724
0.765358799622
0.788495260022
0.849385605866
0.745457586788
0.918880889075
0.734640617648
0.865506187582
0.841629014203
0.7430903351
0.849996605065
0.749486004376
0.770970349335
0.811422376037
0.756218522413
0.732603783501
0.784062041803
0.772950639716
0.725654622575
0.743937432036
0.766837956648
0.741949836756
0.722729437804
0.746929819473
0.742594179032
0.720768719149
0.734870786301
0.737958547357
0.72074511086
0.727033712002
0.732331093647
0.71901559444
0.724018487981
0.727162575042
0.717653645517
0.721672473205
0.722721785987
0.716002167121
0.720380609954
0.71874625764
0.715215390836
0.718856503723
0.714874925053
0.715659335588
0.715974812921
0.713113552634
0.715156337973
0.712646171761
0.713200213834
0.712662065341
0.711456311361
0.712014445682
0.710307320303
0.710990515343
0.709389985386
0.709877074657
0.708496409818
0.708745788731
0.707549667567
0.707654705952
0.706524207083
0.706532220969
0.705469143055
0.70535718683
0.704458216894
0.703990776505
0.703502903744
0.702595595346
0.70216911072
0.70156235084
0.700662576048
0.69992765812
