-1.0, -0.915111670782
1.0, 0.743464570111
1.0, 0.717651884162
1.0, 0.229889052291
-1.0, 0.761831192635
-1.0, -0.218386409896
-1.0, -0.795550578156
-1.0, -0.911943071802
-1.0, -0.892192898808
-1.0, -0.897477790277
-1.0, -0.937570165526
-1.0, -0.87290548779
-1.0, -0.868485962738
-1.0, -0.623169803516
-1.0, -0.664154728895
1.0, 0.666880707426
-1.0, -0.137058096937
-1.0, -0.87304418665
-1.0, -0.367356025438
1.0, 0.700331632495
1.0, 0.883849519131
-1.0, -0.972917401419
-1.0, -0.956498021381
-1.0, -0.678719068973
-1.0, -0.99729007287
1.0, -0.560794202911
-1.0, -0.411147437242
-1.0, -0.829778419352
1.0, 0.845965914669
-1.0, 0.2231143885
-1.0, -0.753605772239
-1.0, -0.0378221677373
-1.0, -0.133093817802
-1.0, -0.415198145641
1.0, -0.7433167875
-1.0, -0.526220634738
-1.0, -0.173931792578
-1.0, -0.835730851979
-1.0, -0.955518310556
-1.0, -0.713483269191
-1.0, -0.822423903341
1.0, 0.350715940243
1.0, 0.595541418956
1.0, 0.610953679738
-1.0, 0.373997662944
-1.0, -0.785995513626
-1.0, -0.686807647097
-1.0, -0.462447789323
-1.0, -0.936939362755
-1.0, -0.962705218889
-1.0, -0.61388400877
-1.0, -0.931549233963
-1.0, -0.996050039253
1.0, 0.567579980374
-1.0, -0.371455110212
-1.0, -0.998525443764
-1.0, -0.997220632434
1.0, 0.507891188223
-1.0, 0.836710729988
-1.0, -0.469413292271
-1.0, -0.819993038674
-1.0, -0.314486914082
-1.0, -0.634555216231
-1.0, -0.613456805314
-1.0, -0.96283326421
-1.0, -0.988042430905
-1.0, -0.0408391427738
-1.0, -0.833394943317
-1.0, -0.512551669207
1.0, 0.227023694519
-1.0, -0.298277693089
-1.0, -0.910890669464
-1.0, -0.911827148812
1.0, 0.4450650764
-1.0, -0.535500128573
1.0, 0.775353680781
1.0, 0.380652497866
-1.0, -0.522078358728
-1.0, -0.849539338072
1.0, 0.333299399671
-1.0, -0.840751891125
1.0, -0.961451161294
1.0, -0.979708255162
-1.0, -0.893679892897
-1.0, -0.999567170252
-1.0, -0.519942814726
-1.0, -0.994991304743
-1.0, -0.143473090067
-1.0, -0.012808654082
-1.0, -0.81115887142
1.0, 0.520968713149
-1.0, -0.801613794127
-1.0, -0.812997731467
-1.0, -0.17330566794
-1.0, -0.963303159124
-1.0, -0.23804923391
-1.0, -0.500458333444
-1.0, -0.0134132262933
-1.0, -0.430352261522
-1.0, -0.618730606925
-1.0, -0.39287936265
1.0, 0.86128134782
1.0, 0.161636369051
-1.0, -0.375523362858
-1.0, -0.700769563605
-1.0, -0.0984224209072
-1.0, -0.0530279360901
-1.0, -0.720133057537
-1.0, -0.91518894923
-1.0, -0.88967734147
-1.0, -0.924889809633
-1.0, -0.71354181706
-1.0, -0.869593193195
-1.0, -0.912168171386
-1.0, -0.493209148939
1.0, 0.909674055439
-1.0, 0.613640741428
-1.0, -0.753152469521
-1.0, 0.743339706098
-1.0, -0.782887471863
-1.0, -0.354998293967
-1.0, -0.860491195778
-1.0, -0.429587414341
-1.0, -0.335928288941
1.0, 0.662205936213
1.0, -0.369879586785
-1.0, -0.889858995797
-1.0, -0.999708852786
-1.0, -0.800848311661
-1.0, -0.933800100733
1.0, 0.01322124232
-1.0, -0.78021704676
-1.0, -0.996927090793
-1.0, -0.738075452374
-1.0, -0.808950302469
1.0, 0.375755808117
-1.0, -0.384977503167
-1.0, -0.978355871938
-1.0, -0.899171560444
-1.0, -0.911879074701
-1.0, -0.648653654206
-1.0, -0.471742750374
-1.0, -0.602465261412
-1.0, -0.364851544661
1.0, 0.84078680837
1.0, 0.652470964452
-1.0, -0.859689613583
1.0, 0.672858417261
-1.0, 0.489408892469
1.0, 0.0956224443364
-1.0, -0.347035971194
-1.0, -0.129821148256
-1.0, -0.457087150183
-1.0, -0.835782839508
-1.0, -0.619084788965
-1.0, -0.94331413113
-1.0, -0.966741027
-1.0, -0.993919983784
-1.0, -0.267364188119
-1.0, -0.243382678788
-1.0, -0.885524257759
1.0, 0.793623494878
1.0, 0.541379409505
1.0, 0.94930460371
1.0, 0.65356971031
-1.0, -0.771451389654
-1.0, -0.505024512247
-1.0, -0.959512512543
-1.0, -0.931150796851
1.0, -0.772691904704
-1.0, -0.757403193646
1.0, -0.994906934533
-1.0, -0.993610327492
-1.0, -0.789053845865
-1.0, 0.561048197974
-1.0, -0.270936392466
1.0, 0.194713304417
-1.0, -0.510766132984
-1.0, -0.991899570691
-1.0, -0.629352332967
-1.0, -0.939948087915
1.0, -0.951181281539
-1.0, -0.239144998593
-1.0, -0.721642919111
-1.0, -0.987978716558
-1.0, -0.956709250004
1.0, -0.71330790157
-1.0, -0.717477112629
-1.0, -0.950952174071
-1.0, -0.434451777789
-1.0, -0.582476065996
-1.0, -0.962519090704
-1.0, -0.374659493039
1.0, -0.993636345638
-1.0, -0.675925433507
1.0, 0.852421795546
-1.0, -0.942157973419
1.0, 0.573093818387
-1.0, -0.960950135404
1.0, 0.572668811982
-1.0, -0.956363729452
-1.0, -0.652195715655
-1.0, -0.971447253851
-1.0, 0.310373027072
-1.0, -0.171934232696
-1.0, 0.437310467866
1.0, 0.837577883587
1.0, 0.304512103468
-1.0, -0.961155528267
-1.0, -0.996430183497
-1.0, -0.723172296532
-1.0, -0.972898238284
1.0, -0.373984335609
-1.0, -0.650375488165
-1.0, -0.975190276739
-1.0, -0.984468667925
-1.0, -0.867121982108
-1.0, -0.97542468753
-1.0, -0.431989819024
1.0, 0.351106634742
-1.0, -0.780834436473
-1.0, -0.747546535027
-1.0, -0.72634513535
-1.0, -0.885699896028
-1.0, -0.534407432094
-1.0, -0.542688528505
-1.0, 0.0940374120431
-1.0, -0.0937878774721
-1.0, -0.54788461195
-1.0, -0.816641920586
-1.0, -0.863504958085
-1.0, -0.426978526432
-1.0, -0.656643820869
1.0, 0.463969189036
1.0, 0.29088596824
-1.0, -0.889263672156
1.0, 0.325166694504
1.0, 0.886866269919
1.0, 0.501099350668
-1.0, -0.99836006555
-1.0, -0.931943867443
1.0, 0.185106723589
-1.0, -0.983061142572
-1.0, -0.924637878621
-1.0, -0.996772511731
-1.0, -0.758350692569
-1.0, -0.985726205146
-1.0, -0.246836060728
-1.0, -0.993740790461
-1.0, -0.935780487589
1.0, 0.00426952720581
-1.0, -0.206187601497
-1.0, -0.81089022103
-1.0, -0.990804932283
-1.0, -0.807370296471
-1.0, -0.166681424559
1.0, 0.354224283146
-1.0, 0.0999589307114
-1.0, -0.962341898232
1.0, 0.91547510056
1.0, 0.143098643926
-1.0, -0.0301591589592
-1.0, -0.802842257534
-1.0, -0.756454176461
-1.0, -0.917916399627
-1.0, -0.964722345785
-1.0, -0.501309774103
-1.0, -0.147808908355
1.0, -0.888392983978
-1.0, -0.568817517647
-1.0, -0.857491227934
-1.0, -0.988429883522
-1.0, -0.707998830246
1.0, 0.434160800572
-1.0, -0.604624453574
-1.0, -0.27475700725
-1.0, -0.933214718298
-1.0, -0.52655682211
-1.0, -0.280951219426
1.0, -0.319002021309
-1.0, -0.568945314722
-1.0, -0.989137624341
-1.0, -0.987945500277
-1.0, -0.864579561471
-1.0, -0.67061045826
-1.0, -0.754449096104
1.0, -0.421371220435
1.0, 0.285303609854
1.0, 0.938067602467
-1.0, -0.619599731943
-1.0, -0.424404401006
-1.0, -0.896117748458
-1.0, -0.0470087313939
-1.0, -0.9914067955
1.0, 0.101224685769
-1.0, -0.441422208251
-1.0, -0.889100961506
-1.0, -0.992904673496
-1.0, -0.901948908823
-1.0, -0.430945498874
-1.0, -0.723110858602
-1.0, -0.348814755073
-1.0, -0.114522228418
1.0, 0.400128623246
1.0, 0.603102958874
-1.0, -0.814216522893
-1.0, -0.720131556282
-1.0, -0.944500359946
-1.0, -0.446722324463
-1.0, -0.473761106507
-1.0, -0.943117079183
1.0, -0.184998360678
-1.0, -0.506092451905
-1.0, -0.927911941781
-1.0, -0.981029771517
1.0, -0.0984142056037
1.0, 0.265906612617
-1.0, -0.232201709389
-1.0, -0.956823011858
-1.0, -0.936073893634
-1.0, -0.662734615601
-1.0, -0.995166383545
-1.0, -0.195688535306
-1.0, -0.488523970311
-1.0, -0.488003831855
-1.0, -0.335109071361
1.0, -0.616204552066
1.0, -0.0519116214093
-1.0, -0.878722990926
1.0, 0.690344451119
1.0, 0.3314394505
-1.0, -0.0940328116955
-1.0, -0.378318771282
1.0, 0.130979845092
-1.0, -0.614699193617
-1.0, -0.476609631929
1.0, 0.0972281691887
-1.0, -0.987672369524
1.0, 0.435070720257
-1.0, -0.880485093177
1.0, 0.629652329577
-1.0, -0.989159488419
-1.0, -0.954105166368
1.0, 0.525031332853
1.0, 0.257853670075
-1.0, -0.375389603773
1.0, -0.239976951311
-1.0, -0.736704925731
1.0, -0.0996636058384
1.0, 0.153011136022
-1.0, -0.954152107931
-1.0, -0.793764076542
-1.0, -0.130987519108
-1.0, -0.971525838935
-1.0, -0.848959250617
-1.0, -0.631134290597
1.0, -0.853426207672
1.0, 0.803724503082
1.0, -0.206303306682
1.0, -0.149367794809
-1.0, -0.45541026244
-1.0, -0.758731794282
1.0, 0.144860918895
1.0, 0.181433385182
-1.0, -0.328507483454
1.0, -0.975811384661
-1.0, -0.902534053268
1.0, 0.787271792716
-1.0, -0.777880466259
-1.0, -0.373590479415
-1.0, -0.976986260437
1.0, 0.95448651265
1.0, 0.437043232013
1.0, 0.7804934276
1.0, 0.208363115379
-1.0, -0.67263501986
-1.0, -0.524012647364
1.0, -0.174186030009
-1.0, -0.865084008397
-1.0, -0.97914753036
-1.0, -0.727340694951
-1.0, -0.98920481053
-1.0, -0.439364305049
-1.0, -0.639071016443
1.0, -0.381938051794
-1.0, -0.944809740186
-1.0, -0.678635773228
-1.0, -0.609051255759
-1.0, -0.838401486634
1.0, 0.198240289209
-1.0, -0.650234514633
-1.0, -0.999000384119
-1.0, -0.704854073097
-1.0, -0.761286794863
-1.0, -0.261668390741
-1.0, -0.443397395493
1.0, -0.0237160046272
1.0, 0.05194245926
-1.0, -0.970358715043
-1.0, -0.184949712328
-1.0, -0.244156621236
1.0, 0.520022637189
1.0, -0.561345990741
1.0, 0.711830623366
1.0, 0.0719254864812
-1.0, -0.893284371943
1.0, 0.0182169128763
-1.0, -0.940472703553
-1.0, -0.21581928429
-1.0, -0.961737862145
-1.0, -0.99557761023
-1.0, -0.944167720631
1.0, 0.348034827192
-1.0, -0.741238038956
-1.0, -0.692770345202
-1.0, -0.893082531163
-1.0, -0.88365859649
-1.0, -0.934928417945
-1.0, -0.494819675547
-1.0, -0.315758281822
-1.0, -0.612851811547
-1.0, -0.931695594619
1.0, 0.305529359662
-1.0, -0.120727999084
-1.0, -0.998749324094
-1.0, -0.995422779638
-1.0, -0.805692464918
1.0, -0.194698219542
-1.0, -0.519800368327
-1.0, -0.804144313619
-1.0, -0.786988402045
1.0, -0.0635813722256
-1.0, -0.824056295435
1.0, 0.86189083874
-1.0, -0.268787944163
1.0, 0.472820940665
-1.0, -0.945116907361
-1.0, -0.797687738877
1.0, 0.820669261594
-1.0, -0.33736474691
-1.0, -0.93631219542
-1.0, -0.289367607052
-1.0, -0.806055866994
1.0, -0.797749683983
-1.0, -0.158845369071
-1.0, -0.99962848886
-1.0, -0.957858732396
-1.0, -0.9456096932
1.0, 0.145925389781
1.0, 0.600721899624
-1.0, -0.757185639397
-1.0, -0.232217085132
1.0, 0.461704599981
1.0, 0.991519413426
-1.0, -0.824110242039
-1.0, -0.999972395214
1.0, 0.541876605561
-1.0, -0.872908590141
-1.0, -0.991943180051
-1.0, -0.667757083078
-1.0, -0.971882742543
-1.0, -0.748450286981
-1.0, -0.062351953728
1.0, 0.979368160682
-1.0, -0.790852377347
1.0, 0.58985334919
-1.0, -0.900119233557
-1.0, -0.245473015366
1.0, 0.179396824752
-1.0, -0.616702948097
-1.0, -0.773824158025
-1.0, -0.910609795497
-1.0, -0.966368522687
-1.0, -0.849611218446
-1.0, -0.905844276658
-1.0, -0.607150016597
-1.0, 0.281538948511
-1.0, -0.445168750177
-1.0, -0.77455998122
1.0, 0.676604040087
-1.0, -0.736361875791
1.0, 0.216847499375
-1.0, -0.214577754391
-1.0, -0.180678732807
-1.0, -0.489867012064
-1.0, -0.897880750702
-1.0, -0.757296855049
-1.0, -0.902768449402
-1.0, -0.967314992456
-1.0, -0.992664685865
1.0, 0.865629311947
-1.0, -0.699308723771
-1.0, -0.948201736034
-1.0, -0.851774596599
1.0, 0.217060442705
-1.0, -0.703094832848
-1.0, -0.9418343837
-1.0, -0.972197661968
-1.0, -0.800263324697
-1.0, 0.328822935721
-1.0, -0.410215007001
-1.0, -0.590086141339
-1.0, -0.374426497419
-1.0, -0.939327804828
1.0, 0.763535225162
1.0, 0.875138303385
-1.0, -0.508916841017
-1.0, -0.989507289882
-1.0, -0.584889442061
-1.0, -0.606635956728
-1.0, -0.825472645933
1.0, 0.346338292254
-1.0, -0.57980460471
-1.0, -0.804490374559
1.0, -0.990333316987
-1.0, -0.924062039781
-1.0, -0.994369967109
-1.0, -0.99819557758
1.0, 0.940319591031
-1.0, 0.24114369013
1.0, 0.0806196684301
1.0, 0.504437305883
1.0, -0.0118984688342
-1.0, -0.996257222273
1.0, 0.797517259995
1.0, 0.635632440554
-1.0, -0.207245977601
-1.0, -0.999671424613
-1.0, -0.401912323847
-1.0, -0.995568721662
-1.0, -0.733705412645
-1.0, -0.832023771639
-1.0, -0.30407791854
-1.0, -0.894816064871
-1.0, -0.952673650922
-1.0, -0.950196778742
1.0, -0.701166463428
1.0, 0.0140890054017
-1.0, -0.953044682916
-1.0, -0.996736334648
-1.0, -0.889434204063
1.0, -0.0951332987045
1.0, -0.116077712191
-1.0, -0.999335689122
-1.0, -0.998626621448
-1.0, -0.420940310938
1.0, 0.771557103857
-1.0, -0.00806723405968
-1.0, -0.539231605629
1.0, 0.22265406833
-1.0, -0.158839981995
-1.0, -0.812037512483
-1.0, -0.707547216682
-1.0, -0.82296837019
-1.0, -0.926860593785
1.0, -0.429068675149
1.0, -0.45739661791
-1.0, -0.98815548973
-1.0, -0.997646391849
-1.0, -0.768941650457
1.0, 0.727559757736
-1.0, -0.205115979253
-1.0, -0.367433304062
-1.0, -0.29253827692
-1.0, -0.749408557592
-1.0, -0.932735197615
-1.0, -0.697122582958
-1.0, -0.877122611722
-1.0, -0.413023272067
1.0, 0.277514345029
-1.0, -0.316132386929
-1.0, -0.996788451014
-1.0, -0.989177569518
-1.0, -0.92695560818
1.0, 0.787022390455
1.0, 0.653230399762
-1.0, -0.162705725701
-1.0, -0.513103438723
-1.0, -0.600327929578
-1.0, -0.464996346463
-1.0, -0.989280344038
-1.0, -0.903082969873
-1.0, -0.612303314079
-1.0, -0.875113677117
-1.0, -0.647442882073
1.0, -0.133019133014
1.0, 0.119949033542
-1.0, -0.947908413476
1.0, 0.335534752772
1.0, 0.120557827794
1.0, 0.565644565638
-1.0, -0.784342580581
1.0, -0.451625669412
-1.0, -0.918050088923
-1.0, -0.830316137036
-1.0, -0.684763951798
-1.0, -0.928742957602
-1.0, -0.97480030324
-1.0, -0.828865763565
-1.0, -0.760328702849
-1.0, -0.723923052526
-1.0, -0.803903226402
-1.0, 0.51350515302
1.0, 0.370382601542
1.0, 0.657826501178
-1.0, -0.705845257386
-1.0, -0.941767460377
-1.0, -0.809918328118
-1.0, -0.821358541824
-1.0, -0.966298199265
-1.0, -0.822937318963
1.0, 0.330350039789
-1.0, -0.386324959856
-1.0, -0.989307168279
-1.0, -0.993543514387
-1.0, -0.760534028969
-1.0, -0.320671695397
-1.0, -0.629717652036
-1.0, -0.607451102809
1.0, 0.260942292281
1.0, 0.926562143169
-1.0, -0.898343840496
-1.0, -0.859413525457
-1.0, -0.904766477172
-1.0, -0.736119869434
-1.0, -0.636107306277
-1.0, -0.649384706198
-1.0, -0.957972297398
1.0, 0.618016146294
1.0, -0.262554694172
-1.0, -0.971649267276
1.0, -0.999786490152
1.0, 0.604331359054
1.0, -0.248049806987
-1.0, -0.438912950512
-1.0, -0.550917184313
1.0, 0.768463611218
1.0, 0.524458670436
-1.0, -0.407802120401
-1.0, -0.983279902511
-1.0, -0.117543169012
-1.0, -0.405278640933
-1.0, -0.926412049177
-1.0, -0.975435275468
-1.0, -0.275140380816
-1.0, -0.721072451896
-1.0, -0.660965184619
1.0, 0.9830886323
1.0, 0.355670954968
