2.40321793161
2.40312690841
2.40294937766
2.4026891407
2.40234934428
2.40193253306
2.40144069556
2.40087530413
2.40023734974
2.39952737188
2.39874548407
2.39789139542
2.39696442849
2.39596353375
2.39488730094
2.39373396741
2.39250142381
2.391187217
2.38978855061
2.38830228302
2.38672492314
2.38505262375
2.38328117258
2.38140598115
2.37942207127
2.37732405914
2.37510613716
2.37276205319
2.37028508727
2.3676680257
2.36490313234
2.36198211699
2.35889610068
2.35563557784
2.35219037497
2.34854960587
2.34470162306
2.34063396536
2.33633330138
2.33178536888
2.32697490974
2.32188560065
2.31649997943
2.31079936709
2.30476378585
2.2983718736
2.29160079516
2.28442615157
2.2768218882
2.26876020371
2.26021146179
2.25114410869
2.24152460016
2.23131734254
2.22048465397
2.20898675289
2.19678178318
2.18382588653
2.17007333557
2.15547674291
2.1399873642
2.12355551545
2.10613112695
2.08766445729
2.06810699152
2.04741254514
2.02553859134
2.00244782073
1.97810992913
1.95250361055
1.92561870705
1.89745843546
1.86804157529
1.83740446392
1.80560261124
1.77271172325
1.73882792071
1.70406696572
1.6685623704
1.63246236076
1.59592579672
1.5591172902
1.5222018919
1.48533980501
1.44868160716
1.41236440669
1.37650923291
1.34121978439
1.3065824721
1.27266753403
1.23953089731
1.20721643926
1.17575834973
1.14518340487
1.11551310069
1.08676572723
1.05895856227
1.03211039966
1.00624458825
0.981392640338
0.957598282377
0.934921583713
0.91344253527
0.893263191841
0.874507284478
0.857316127615
0.841839801043
0.828223118254
0.816586905588
0.807006564755
0.79949144596
0.793969584797
0.790282131959
0.788189975994
0.787392043576
0.787551709171
0.788332741668
0.789425591279
0.79056927872
0.791561556629
0.792259968406
0.792577086133
0.792472793963
0.791923357851
0.79093698342
0.789550075505
0.787823303313
0.785837057288
0.783685821575
0.781471096273
0.779292809348
0.77723964009
0.775379246315
0.773749883696
0.772355128182
0.771163202848
0.770111733797
0.769117740506
0.768091546661
0.766952342726
0.765642545029
0.764138001267
0.762451569874
0.760628715908
0.758735510542
0.756841559294
0.755002318638
0.753246117986
0.751570251351
0.749947706195
0.748342355878
0.746727200975
0.745098748431
0.743481445282
0.741919220754
0.740456190897
0.739114227144
0.73787878548
0.736702597339
0.735527753965
0.73431403945
0.733054466641
0.731766197517
0.730463841592
0.729137435337
0.727754316507
0.726283691323
0.72472239355
0.723098147678
0.721445986212
0.719779439861
0.718085600283
0.716348910868
0.71457474473
0.712783268159
0.71098318822
0.709163070496
0.707313166653
0.705445354441
0.703579616133
0.701716988012
0.699843673925
0.697959340509
0.696077756893
0.69420184048
0.692328046184
0.69047050489
0.688647427133
0.686855681598
0.685087912148
0.683345588173
0.681621246056
0.679909665862
0.678220688501
0.676553629423
0.674902227171
0.673267391901
0.671641561104
0.670023980719
0.668414430813
0.666804230561
0.665193110765
0.663577204254
0.661956939663
0.66032412883
0.658670815216
0.656991782517
0.65528565134
0.65354875445
0.651778904118
0.649973458235
0.648130127555
0.646243150567
0.644312020346
0.642335872784
0.640309855135
0.638232194162
0.6361013452
0.633915447498
0.631674295513
0.629374342438
0.627013571394
0.624591584309
0.622143834473
0.619989736821
0.621218098459
0.653928710603
0.623485149569
0.609548033403
0.608309615668
0.6183918428
0.671374980341
0.627810970134
0.682959084672
0.596624467758
0.646329544365
0.648711702262
0.623092051838
0.603820118748
0.60254527153
0.625010264299
0.617394976037
0.588144487667
0.595680383563
0.59436465011
0.593069305291
0.576346130269
0.582876461756
0.581054506029
0.56847879959
0.5902544444
0.584441538416
0.566133312782
0.591341720386
0.556866105294
0.574761683905
0.557437385019
0.560260778566
0.559889371955
0.556250253117
0.55538849553
0.547045473732
0.54524329878
0.54910944056
0.547363628103
0.536101928412
0.545542881846
0.56748793575
0.536883604051
0.577862472588
0.528964348956
0.555785747971
0.558651204085
0.522353748093
0.555900950589
0.535413975477
0.522961312572
0.542927183612
0.531137720708
0.513361608996
0.533650257303
0.513010883118
0.519801375381
0.520601913084
0.507345696727
0.518882198568
0.506914965536
0.509852754751
0.510052406829
0.502751518986
0.508194101819
0.500164843393
0.504609689697
0.49928156299
0.500459434603
0.497639952022
0.497611142084
0.495449794879
0.495250124272
0.492516980814
0.493171574404
0.489931432715
0.491068066806
0.487716971223
0.487624373997
0.486202882067
0.483806971359
0.483557137733
0.482199540959
0.479887974151
0.478461326451
0.477744349539
0.477445538279
0.477152839687
0.48083907197
0.487507132223
0.519336054854
0.47340368797
0.543759588839
0.471520746386
0.506350449665
0.466412894438
0.491882787479
0.492593981439
0.458915310013
0.48812643646
0.489044103828
0.457684216775
0.463876347303
0.479455486663
0.452698808528
0.45861076739
0.468779743326
0.453321365236
0.450467268031
0.460807012291
0.446706048561
0.450432144483
0.453579075389
0.443754639571
0.448284721003
0.447050794916
0.441681012573
0.446402415704
0.440987112105
0.441668535755
0.4416678342
0.438157417995
0.440484063706
0.436323270132
0.43822355939
0.435204634792
0.435698459184
0.434192238886
0.433420354029
0.432429026346
0.431711839299
0.430403796441
0.430106162637
0.428108273786
0.428180870915
0.426176487922
0.425689954892
0.424750442093
0.422898789143
0.422339126137
0.421492410589
0.419613402166
0.41796207295
0.416820527639
0.416014627982
0.416180109177
0.417717034428
0.425883684048
0.433344179745
0.466489100817
0.412967688448
0.50509883541
0.407725896646
0.459120253109
0.417950068311
0.427510337212
0.421105585844
0.413621585024
0.424909080002
0.395594500847
0.421808815858
0.392303505809
0.406245073326
0.402792211596
0.390067554229
0.403431240165
0.386041652067
0.397519451251
0.385835814162
0.392113507881
0.384536202318
0.387542836948
0.384056592692
0.383951975615
