2.91982231393
2.91953365792
2.91896998173
2.91814204191
2.91705795425
2.91572338623
2.91414170895
2.91231411262
2.91023968904
2.90791548323
2.90533651596
2.90249577807
2.89938419691
2.89599057452
2.89230149664
2.88830121114
2.88397147359
2.8792913572
2.87423702362
2.8687814502
2.86289410859
2.85654058838
2.84968215872
2.8422752594
2.83427091182
2.82561403896
2.81624268213
2.80608710106
2.79506874324
2.78309906766
2.7700782091
2.75589347103
2.74041764003
2.72350712305
2.70499992329
2.68471349309
2.66244253704
2.63795689066
2.61099967389
2.58128602377
2.54850285059
2.51231024369
2.47234537251
2.42822997082
2.37958271601
2.32603794534
2.26727206168
2.20303850596
2.13321112509
2.05783401609
1.97717351907
1.89176529986
1.80244708849
1.71036655095
1.61695484938
1.52386012226
1.43284111817
1.34562881691
1.26377256022
1.18849632565
1.12059682742
1.06041050049
1.00785620669
0.962533050683
0.923836523901
0.891061265689
0.863476448105
0.840374791419
0.821101781405
0.805070935537
0.791769069876
0.780754580259
0.771651451878
0.764141340059
0.75795542271
0.752866989136
0.748685119361
0.745249425455
0.74242565913
0.740101968543
0.738185636202
0.736600194183
0.735282863837
0.734182296568
0.7332566033
0.7324716599
0.731799670702
0.731217966779
0.730708011825
0.730254587098
0.729845127555
0.729469183351
0.729117983828
0.728784084244
0.728461078643
0.728143365107
0.727825952096
0.727504296657
0.727174166989
0.726831523188
0.726472411037
0.726092864507
0.725688813197
0.725255991305
0.724789844956
0.724285434766
0.723737330408
0.723139493756
0.722485146703
0.721766619178
0.720975171951
0.720100787517
0.719131920531
0.718055196578
0.71685504417
0.715513239217
0.714008333006
0.712314923159
0.710402711612
0.708235275073
0.705768456176
0.702948280459
0.699708345715
0.69596677969
0.691623238662
0.686557222223
0.68063047822
0.673698642524
0.665639924799
0.656408505684
0.646109068719
0.635056680639
0.623752926363
0.612767568108
0.602675121875
0.594074322631
0.587355066587
0.582335134432
0.578408765353
0.575069643949
0.5721406714
0.569583348787
0.567310698736
0.565263594069
0.563481190612
0.561972742079
0.560637937143
0.559352075084
0.558014247627
0.556499376515
0.554707367919
0.552673714528
0.550505722516
0.548326112963
0.546298925575
0.544472022859
0.542786712184
0.541184508378
0.539534604381
0.537816268651
0.536039283579
0.534291394708
0.532630707465
0.531078428465
0.529583347412
0.52811486906
0.52664424962
0.525192497462
0.523744467305
0.522254100829
0.520655190012
0.518921317175
0.517122202332
0.515356304804
0.51366473879
0.512014981483
0.510338872332
0.508612027448
0.506867601691
0.505304514121
0.505278273198
0.515155849559
0.589941326157
0.604133909531
0.533655482443
0.700415107677
0.590143765053
0.66396655183
0.693581745819
0.707466883867
0.713768851322
0.716187772566
0.716181274653
0.714015447319
0.709224730561
0.700721022392
0.687626079908
0.672194177307
0.659585595665
0.650563819031
0.645500736812
0.646572437853
0.649564597733
0.650940975304
0.650697838946
0.649488016071
0.647637206443
0.645062488814
0.641519215153
0.63697570301
0.631824884172
0.626634383989
0.62174108438
0.617534544629
0.6146713438
0.613341192982
0.613082110431
0.613242922852
0.612648673143
0.610407085569
0.607074638902
0.603747919786
0.601274509617
0.60002338926
0.598708126905
0.596994917378
0.595442057314
0.59335985908
0.589441617054
0.585503624123
0.58393513338
0.581068986875
0.577379987259
0.572808744684
0.566905991335
0.562379001786
0.555303107273
0.5501323329
0.545635096197
0.543637070138
0.544493722385
0.548674614412
0.545835432557
0.547306641739
0.542358846998
0.544935927464
0.541031865795
0.554338586941
0.536261998129
0.532857310736
0.535257878171
0.564782089119
0.528633042035
0.620976925939
0.522502161035
0.567815614352
0.551131389271
0.530951405011
0.551310015055
0.519911610034
0.540654435184
0.524509609293
0.529914855433
0.51954278169
0.519787988215
0.519887088002
0.515762685868
0.511615514614
0.512956493938
0.510863605865
0.514962008791
0.503075032217
0.506410058345
0.507891450429
0.500033394592
0.499878197698
0.50222148459
0.496282849482
0.492567965472
0.49177544677
0.489569432624
0.499994617057
0.52361888868
0.485752323046
0.544583014844
0.484710430009
0.525502534541
0.536712482025
0.482800474557
0.515015779778
0.54075441309
0.498467253124
0.476949864499
0.503578805951
0.521795583761
0.512317629199
0.483708540952
0.47370469081
0.493267522123
0.50550479091
0.493407117408
0.472599501561
0.46901027438
0.480508337628
0.486136129911
0.478840923447
0.467130700415
0.466039627093
0.473088083419
0.472388095762
0.463467737033
0.460249693459
0.464036812622
0.462295580513
0.454984565728
0.456116242907
0.458364044344
0.451805152371
0.452357971142
0.453936382681
0.449359400335
0.448758173659
0.450167767674
0.446798781583
0.447269646871
0.44775741108
0.445256034256
0.445743187332
0.445396330781
0.44374212569
0.44454867651
0.443442775637
0.442772852295
0.442824994139
0.441466366116
0.441592897969
0.440776287455
0.440113966589
0.439574483181
0.438251508658
0.43743656746
0.435524775761
0.433932693906
0.431194964186
0.429012875047
0.428060954602
0.427365060512
0.427313937405
0.443238002375
0.431296353839
