1.04620548439
1.04576317198
1.04490097925
1.04363830414
1.04199176299
1.03997542237
1.03760101175
1.03487811841
1.03181436615
1.02841557933
1.02468593365
1.02062809525
1.01624334952
1.01153172099
1.00649208568
1.00112227723
0.995419188108
0.989378867131
0.982996614527
0.9762670758
0.969184335565
0.961742012555
0.953933356982
0.945751351423
0.937188816401
0.928238521777
0.918893305092
0.90914619792
0.898990561226
0.888420230687
0.87742967275
0.866014152096
0.854169910962
0.841894360479
0.829186283924
0.816046051301
0.802475844242
0.7884798896
0.774064699448
0.759239314392
0.744015546272
0.728408215328
0.712435375901
0.696118523681
0.679482776475
0.662557019464
0.645374005133
0.627970397424
0.610386749434
0.59266740418
0.574860308706
0.557016733263
0.539190889464
0.521439444317
0.5038209308
0.486395060125
0.469221945844
0.45236125526
0.43587130886
0.419808153298
0.40422463738
0.389169523103
0.374686664723
0.360814287759
0.347584396755
0.335022335491
0.32314651654
0.311968329037
0.301492224839
0.291715974615
0.282631077564
0.274223301822
0.266473327877
0.259357464508
0.25284840609
0.246916001328
0.24152800634
0.236650799052
0.232250036698
0.228291243275
0.224740318826
0.221563966969
0.218730041028
0.216207812262
0.213968166061
0.211983733542
0.210228966868
0.20868016694
0.207315471919
0.206114814598
0.205059855879
0.2041339008
0.203321802635
0.202609859708
0.201985708702
0.201438217479
0.200957379737
0.200534213233
0.2001606628
0.199829508992
0.199534282829
0.199269186893
0.199029022786
0.198809124848
0.198605299906
0.198413772758
0.198231137061
0.198054311263
0.197880499197
0.197707155004
0.197531951999
0.197352755189
0.197167597098
0.19697465664
0.196772240756
0.196558768576
0.196332757875
0.196092813589
0.195837618187
0.195565923649
0.195276544836
0.194968353969
0.194640275938
0.194291284106
0.19392039626
0.193526670314
0.193109199393
0.192667105952
0.192199534698
0.191705644307
0.191184598248
0.190635555553
0.190057663043
0.189450051371
0.188811838198
0.188142142714
0.187440116395
0.186704994945
0.185936175572
0.185133321685
0.184296493652
0.183426299646
0.182524055347
0.181591936569
0.180633105932
0.179651794892
0.178653326128
0.177644067915
0.176631319847
0.175623135475
0.174628090065
0.173655000542
0.172712602018
0.171809185638
0.170952210216
0.170147915976
0.169400987436
0.168714322345
0.168088952612
0.167524127769
0.167017524308
0.166565511155
0.166163406005
0.165805699939
0.16548628052
0.16519870589
0.16493655345
0.164693804374
0.164465176811
0.164246327795
0.164033908026
0.163825527618
0.163619711147
0.163415864022
0.163214192823
0.163015509535
0.162820930193
0.162631564494
0.162448275297
0.162271486998
0.162100987341
0.161935766531
0.161774021723
0.161613358752
0.161451069145
0.161284407483
0.161110947823
0.160929016954
0.160737990481
0.160538327085
0.160331454422
0.160119527196
0.159904958491
0.159689882834
0.159475768796
0.159263155461
0.159051611264
0.158840023282
0.158626992061
0.158411273985
