1.21426139145
1.21425810802
1.21425170548
1.21424232364
1.21423007985
1.21421507085
1.21419737432
1.21417705038
1.21415414283
1.21412868029
1.21410067717
1.21407013453
1.21403704085
1.21400137268
1.21396309518
1.21392216257
1.21387851857
1.2138320967
1.21378282051
1.2137306038
1.21367535074
1.21361695599
1.21355530466
1.21349027239
1.21342172523
1.21334951958
1.21327350205
1.21319350928
1.21310936777
1.21302089361
1.21292789225
1.21283015818
1.21272747461
1.21261961311
1.21250633326
1.21238738222
1.21226249429
1.21213139046
1.21199377794
1.21184934965
1.21169778368
1.21153874274
1.21137187359
1.21119680644
1.21101315437
1.21082051265
1.21061845809
1.21040654842
1.21018432157
1.209951295
1.20970696495
1.20945080578
1.20918226923
1.2089007837
1.2086057535
1.20829655821
1.20797255189
1.20763306244
1.20727739091
1.20690481087
1.20651456775
1.20610587836
1.20567793027
1.20522988138
1.20476085957
1.2042699623
1.20375625642
1.20321877807
1.20265653259
1.20206849472
1.20145360881
1.20081078922
1.20013892095
1.19943686038
1.19870343624
1.1979374508
1.19713768126
1.19630288138
1.19543178336
1.19452309992
1.19357552663
1.19258774445
1.1915584225
1.19048622089
1.18936979378
1.18820779242
1.18699886821
1.18574167558
1.1844348747
1.18307713373
1.18166713058
1.18020355388
1.17868510301
1.17711048694
1.17547842165
1.17378762582
1.17203681467
1.17022469167
1.16834993808
1.16641120013
1.16440707423
1.1623360903
1.16019669392
1.15798722832
1.15570591738
1.15335085174
1.15091998016
1.14841110936
1.1458219159
1.14314997416
1.14039280516
1.13754795101
1.1346130795
1.13158612276
1.12846545253
1.12525009205
1.12193996156
1.11853614955
1.11504119688
1.1114593743
1.10779692771
1.10406225994
1.10026601428
1.09642102603
1.09254211457
1.08864570287
1.08474927374
1.0808707012
1.07702752734
1.07323628169
1.06951195149
1.0658676969
1.06231485749
1.05886321856
1.0555214123
1.05229724985
1.04919775257
1.04622870665
1.043393712
1.04069290469
1.03812172876
1.0356702245
1.03332321017
1.03106145463
1.02886355807
1.02670794733
1.02457432923
1.02244421065
1.02030059343
1.01812742271
1.01590950523
1.01363327682
1.01128814607
1.00886760666
1.00636932817
1.00379409165
1.00114429893
0.998423135774
0.995634891247
0.99278581553
0.989884266747
0.98693951389
0.983959964227
0.980952272051
0.977921802922
0.974873285875
0.971810347685
0.968734471606
0.965645293823
0.962542708898
0.959428782505
0.956307914911
0.953186527853
0.950073680291
0.946980964951
0.943920000699
0.940899703237
0.937925656576
0.935000016359
0.932121212329
0.929285785558
0.926491266945
0.923736791097
0.921022814143
0.918350720141
0.915720389815
0.913128529263
0.910569095063
0.908033590074
0.905512944967
0.902999110059
0.900484996624
0.897964533937
0.895431198985
0.892877699277
0.890295936472
0.887677811955
0.885016247379
0.88230578099
0.879542447156
0.876722804455
0.873843109691
0.870899811987
0.867890377489
0.864813492863
0.86166778796
0.858450411662
0.855157012663
0.851783162959
0.848324041579
0.844772512835
0.841119275758
0.83735330288
0.833463331589
0.829435648632
0.825258544533
0.820924466831
0.816514798195
0.81294165086
0.822610693464
0.975767462994
0.95433146873
0.888491530761
0.820014638748
0.796265469454
0.803376674098
0.875864450043
0.803467908975
0.766400953276
0.795076745292
0.814230704965
0.792432074514
0.759733476608
0.745423533614
0.73813391999
0.735066966986
0.739719826968
0.783535921872
0.771321153414
0.72348720505
0.711372321719
0.730959316398
0.772774422023
0.700439682907
0.725958365922
0.735271814681
0.686609980725
0.699768698166
0.715658368817
0.684019734996
0.67016838455
0.688972705331
0.702119095972
0.677067687872
0.65682638529
0.649427474816
0.652148854672
0.669001327571
0.705332164596
0.639048139197
0.655063957697
0.674161984356
0.629459025064
0.627443732758
0.657964821046
0.611439066844
0.642246233648
0.607493819393
0.628552263461
0.602359641114
0.617672670018
0.596591297067
0.61024488654
0.588674071454
0.603051048497
0.58211590104
0.595378086078
0.578077092736
0.583139954082
0.577516510254
0.56988585906
0.575591603882
0.564613513835
0.563103012025
0.565997007714
0.55683308683
0.551995124843
0.554264241555
0.552897487705
0.547481096775
0.541565151213
0.537104723702
0.53379478691
0.53285654088
0.543991731942
0.61645730396
0.554973845963
0.514572234287
0.54012022151
0.515555104139
0.51183685308
0.526190970197
0.500386348904
0.503285097679
0.511799150048
0.491772399669
0.489339338342
0.500689792574
0.494818407328
0.482155434075
0.474050567444
0.472524807832
0.477677434037
0.494562590142
0.540156104285
0.46083263688
0.501829453373
0.459088487512
0.47916811675
0.448028621263
0.469316427029
0.457052795899
0.444243567341
0.45922147457
0.439388103566
0.445694458052
0.443402352444
0.433567551985
0.441770501679
0.428695141361
0.435772297728
0.427211541584
0.429253856202
0.426006721791
0.423864820178
0.422877416271
0.420451804213
0.418887777458
0.417942683303
0.414180552486
0.415536938536
0.41041623067
0.411662835722
0.408195357204
0.406234613293
0.406372673471
0.402448970879
0.401050666533
0.400754114027
0.398055327002
