1.35810780181
1.35808807989
1.35804961922
1.35799325241
1.35791967412
1.35782945213
1.35772303724
1.35760077184
1.35746289756
1.35730956185
1.35714082377
1.35695665895
1.35675696376
1.35654155896
1.35631019256
1.35606254226
1.3557982173
1.35551675977
1.35521764558
1.35490028486
1.35456402205
1.35420813555
1.35383183696
1.35343427001
1.35301450908
1.35257155737
1.35210434471
1.35161172505
1.35109247349
1.35054528306
1.34996876101
1.34936142481
1.34872169767
1.34804790367
1.34733826242
1.34659088332
1.34580375928
1.34497475991
1.3441016242
1.34318195265
1.34221319869
1.34119265953
1.34011746629
1.33898457338
1.33779074713
1.33653255356
1.33520634523
1.33380824728
1.33233414238
1.33077965466
1.32914013265
1.327410631
1.32558589111
1.3236603206
1.32162797153
1.31948251757
1.31721722993
1.31482495231
1.31229807496
1.30962850789
1.30680765381
1.30382638074
1.30067499525
1.29734321654
1.2938201526
1.29009427925
1.28615342366
1.28198475406
1.27757477791
1.27290935134
1.26797370345
1.26275247967
1.25722980962
1.25138940586
1.24521470132
1.23868903473
1.23179589481
1.22451923601
1.21684388
1.2087560187
1.20024383568
1.19129826287
1.18191388791
1.17209002426
1.1618319486
1.15115229896
1.1400726089
1.12862492818
1.11685344614
1.10481599113
1.09258522879
1.08024932732
1.06791180775
1.05569026369
1.04371363539
1.03211777878
1.02103920012
1.01060704491
1.00093372959
0.992104956416
0.984170195172
0.977134963622
0.970956300661
0.965542631557
0.960758755707
0.956435996069
0.952386752594
0.948421951579
0.944369323956
0.940090180714
0.935492427692
0.930537969192
0.925243349939
0.919673411181
0.913928787562
0.90812909537
0.902394459706
0.896828388479
0.891504779872
0.886461043284
0.88169808979
0.877186602824
0.87287785357
0.868716614827
0.864653544423
0.860654714858
0.856706644891
0.852816111238
0.84900506275
0.84530199427
0.841731987897
0.838308068912
0.835026328581
0.831866329893
0.828796768677
0.825784630843
0.822804778212
0.819846586635
0.816915220422
0.81402713309
0.811201722339
0.808452760169
0.805783425099
0.803187198574
0.800654078817
0.798178761154
0.795766128862
0.793430591694
0.7911892728
0.789053027071
0.787021122706
0.785083268052
0.783227348898
0.781446586925
0.779740096431
0.778106613025
0.77653774991
0.775017967262
0.773531856292
0.772071545053
0.770636632077
0.769227306965
0.767839143872
0.766465638524
0.765104238489
0.763756808165
0.762423341266
0.761097663681
0.75977105462
0.758437776711
0.757094036136
0.755733401915
0.754347981964
0.752933994326
0.751491739808
0.750020614485
0.748519446429
0.746990432007
0.745436640406
0.743858378677
0.742257001936
0.740636293804
0.73899833776
0.737345539317
0.735681794778
0.734007862108
0.732323400248
0.730627212983
0.728915000992
0.72718349199
0.72542879903
0.723647691953
0.721837798867
0.719995825129
0.71811955198
0.716206435708
0.714255881285
0.712267056071
0.710239495987
0.708171064585
0.706058791903
0.703898796144
0.701686344933
0.699416169795
0.697082058318
0.694678062939
0.692199316484
0.689641438407
0.686999736299
0.684269069342
0.681443397538
0.678515685709
0.675477702276
0.672324684991
0.669066925774
0.665871286696
0.66452428068
0.687753329358
0.93982881338
0.682923762739
0.798264975296
0.684746596877
0.764490614181
0.676277645013
0.718684213559
0.754630920318
0.658985338306
0.690388978455
0.754424831239
0.746791868845
0.678069605555
0.639413926369
0.674198843274
0.718101451512
0.728628601044
0.700832482897
0.660258428139
0.638321563757
0.645597443773
0.666216299805
0.676240843268
0.664814104077
0.639698244906
0.622344406118
0.627242660571
0.642151984535
0.642652201927
0.626745453336
0.615962996761
0.622127042442
0.630830897477
0.627240802534
0.615939787973
0.612746391337
0.618839414064
0.619756022631
0.612980376192
0.609845087959
0.613356188579
0.614587580601
0.610322200489
0.607381945056
0.609320828649
0.609571284136
0.606139922775
0.605225581419
0.606765281626
0.605463519468
0.603204764818
0.603745693293
0.603478976983
0.601424432999
0.601357190535
0.601308328877
0.59965872355
0.599365072302
0.598900937791
0.597462180883
0.597321846769
0.596287891806
0.59544147041
0.594890846943
0.593655526186
0.593181724244
0.591956467119
0.591350052906
0.590115844115
0.589365244632
0.588112080727
0.587268915456
0.58597860886
0.584903480902
0.583716983547
0.582347929362
0.581151462704
0.579776812671
0.578253576103
0.576774120286
0.575303593371
0.573792725489
0.572289525511
0.571161813032
0.572040412497
0.582453935126
0.622020680512
0.593795415731
0.56594852016
0.605310499033
0.559745309299
0.58568003831
0.555506322061
0.578753012325
0.561811242005
0.557357301307
0.567063012675
0.547642960395
0.561913584563
0.546758720231
0.552589166463
0.547796300609
0.546814998225
0.544612212699
0.54391900595
0.540303982129
0.542526258239
0.536303212202
0.540460598517
0.532932533718
0.537921335626
0.532275455803
0.531781357485
0.53305706079
0.527636217594
0.528868881797
0.527959018153
0.524140888772
0.523778358484
0.524757458635
0.523350463025
0.52023497081
0.517859157488
0.516573856299
0.516413287709
0.519609577643
0.534356230092
0.590197254965
0.514289412392
0.55744087108
0.514059462102
0.536799580846
0.505494025336
0.531293581729
0.516061128759
0.507212727936
0.521534576368
0.501071077339
0.512521919394
0.506370366426
0.500788405186
0.507200877398
0.495416101755
0.505093329161
0.493747269282
0.500652886098
0.492672093795
0.497568246272
0.491596931355
0.494781174079
0.48988353079
0.493011829717
0.487927400133
0.491017354621
0.486145626052
0.488765794043
0.485188392927
0.485661362162
0.484597127267
0.482529391301
0.483611956688
0.4811632158
0.480344199964
0.480748879434
0.478630799973
0.477428714922
0.477654180624
0.476797089362
0.475107130235
0.473602228096
0.472522401706
0.471795131776
0.471892815963
0.474842627731
0.486212568638
0.52485527909
0.469688738699
0.494952608724
0.470050726252
0.481194259264
0.473020387334
0.466334429337
0.478059629633
0.459469189451
0.473502086375
0.465458591895
0.457840050976
0.470831135268
0.464917687853
0.453676754373
0.46036880347
0.466093425313
0.455426022357
0.450052589394
0.454084737378
0.460682450071
0.46430498501
0.456916441973
0.450429921088
0.446611194301
0.445831231802
0.448860277846
0.467747864793
0.448892215936
0.440586566429
0.454241735384
0.459983725447
0.450794556885
0.43865478941
0.4343980239
0.436481259641
0.446637304146
0.473008233506
0.431567583801
0.452609263933
0.431159731171
0.443292807488
0.430231524841
0.434195007923
0.433664183035
0.425269855364
0.43509586188
0.423335732301
0.427028143737
0.427147203954
0.419723664865
0.424824679447
0.422121304141
0.417310508813
0.419797358178
0.420005780666
0.415735199778
