0.269979366471
0.269973175704
0.269961109719
0.269943442973
0.26992041218
0.269892219387
0.269859034804
0.269820999397
0.269778227265
0.269730807807
0.269678807706
0.269622272742
0.269561229441
0.269495686583
0.269425636582
0.269351056737
0.269271910386
0.269188147954
0.269099707923
0.269006517709
0.26890849448
0.268805545908
0.26869757086
0.268584460042
0.268466096596
0.268342356654
0.268213109865
0.268078219876
0.267937544796
0.267790937632
0.267638246697
0.267479316006
0.267313985658
0.267142092197
0.26696346897
0.266777946481
0.266585352741
0.266385513622
0.26617825322
0.265963394239
0.265740758391
0.265510166829
0.265271440625
0.265024401291
0.264768871374
0.264504675112
0.264231639197
0.263949593627
0.263658372694
0.263357816102
0.263047770251
0.262728089692
0.262398638786
0.262059293576
0.261709943897
0.261350495751
0.260980873947
0.260601025043
0.260210920591
0.259810560711
0.259399977987
0.258979241707
0.258548462426
0.258107796868
0.257657453122
0.257197696125
0.256728853379
0.256251320849
0.255765568955
0.255272148574
0.254771696908
0.254264943069
0.253752713196
0.253235934847
0.25271564042
0.252192969247
0.25166916801
0.251145589019
0.250623685871
0.250105005937
0.249591179049
0.249083901732
0.248584916254
0.248095983723
0.24761885044
0.247155206692
0.246706637155
0.246274562108
0.245860168647
0.245464331171
0.245087520386
0.244729700212
0.244390211994
0.244067645752
0.243759698785
0.243463023647
0.243173071685
0.242883948315
0.242588319718
0.242277463831
0.241941673334
0.241571445442
0.241160264813
0.2407101178
0.240240171665
0.239794764106
0.239437503633
0.239215887663
0.239112113618
0.239037840128
0.238896350004
0.23865440311
0.238361246627
0.23810683581
0.237953234179
0.237890695725
0.237851968539
0.237768719325
0.237622973338
0.23745546006
0.237322633035
0.237239048493
0.23716534538
0.237053699121
0.236897541385
0.236732672602
0.236591189888
0.236463410797
0.236315819016
0.236139203144
0.235959737733
0.235799418631
0.235645807624
0.235476644672
0.235297448018
0.235129324316
0.234971271669
0.234805046225
0.234629346888
0.234457984949
0.234289322078
0.234109507448
0.233920548103
0.233731410295
0.233534845787
0.233323926954
0.233106144926
0.232880597769
0.232638866161
0.232386205794
0.232121911382
0.231839177612
0.23154394856
0.231232428444
0.230904956525
0.230564787871
0.230208438435
0.22984159116
0.229460184932
0.22906900841
0.228664971189
0.228251497776
0.227827933788
0.227395127729
0.226955900909
0.22650959082
0.226057674974
0.225602918327
0.225147599693
0.224694021407
0.224245102561
0.223807460392
0.22341303611
0.223277601419
0.225208985485
0.232176866472
0.243527677977
0.249709080063
0.241526318857
0.23714986155
0.237975494568
0.249874681749
0.230222141767
0.234006087312
0.236755607023
0.22304284184
0.245022102073
0.240177015326
0.22946174267
0.240987629747
0.228658202905
0.22536156396
0.232891053866
0.221096900037
0.225332093596
0.230223604544
0.227249437842
0.222444447407
0.227653889066
0.223531987821
0.221927085571
0.224560110622
0.221945336482
0.220011266559
0.222502916313
0.220113179969
0.221652735832
0.219129644229
0.22118999687
0.218837222627
0.219883732898
0.218750243811
0.219886797769
0.218365781743
0.218794672537
0.217693075808
0.218412352002
0.218491424567
0.217401464656
0.219162681618
0.218909096559
0.217152620938
0.221545507139
0.222018886071
0.221269165005
0.221236977171
0.218937891922
0.217938569984
0.223714959676
0.231946878577
0.219104689816
0.249907295478
0.217704518414
0.230513600614
0.224227223052
0.217639609742
0.228098646861
0.215985113394
0.221457139711
0.222109661378
0.216299210403
0.219973944384
0.217357824113
0.216806483297
0.219273722155
0.216582346491
0.216245984661
0.217673045059
0.215529498635
0.217241887263
0.216087064101
0.215276639085
0.216451882597
0.215138200847
0.216232462973
0.214628834862
0.215990877117
0.214376557301
0.21517759742
0.214236551045
0.214928952265
0.213894006875
0.214301120089
0.213642910923
0.213824411922
0.213852984333
0.213338194259
0.214029294727
0.213881449271
0.212855094133
0.21453660313
0.217333639734
0.213338211949
0.223847716464
0.220957175605
0.225779959988
0.213434481045
0.236900875129
0.217580310262
0.232618713924
0.229053764897
0.217596213185
0.219613584085
0.2276035918
0.215076856239
0.224577743165
0.228688006896
0.219797548403
0.212287662546
0.226924687492
0.219661325606
0.213534993748
0.221031598364
0.220423016417
0.214215081441
0.213617262661
0.217973430838
0.217488141507
0.214067118626
0.214270718555
0.215892218445
0.214356314645
0.212357594904
0.213081119567
0.214321385788
0.212464615741
0.213404534725
0.21288177198
0.21194916646
0.212238538855
0.212917096344
0.212539989872
0.211876093542
0.211829974656
0.211767325128
0.211245319567
0.211697926017
0.211160796672
0.210977998755
0.210959650369
0.210626583149
0.210725265481
0.210160584612
0.21033021687
0.209828883649
0.209926538557
0.209574944354
0.209405286857
0.209464405595
0.209087806085
0.208787765699
0.208733427443
0.208902848618
0.209055285158
0.209595080806
0.208777248189
0.208350237264
0.208157580846
0.208639905446
0.209304072048
0.21292480073
0.216333800877
0.226238479191
0.230878031936
0.211768228882
0.243277691177
0.218284382967
0.23038339074
0.214927974524
0.218096185436
0.223526727722
0.215615273418
0.212079987385
0.215628436815
0.214884997358
0.210013858139
0.222794277725
0.20937602863
0.210124055154
0.212297097996
0.211546236368
0.210023877094
0.209460034035
0.210820649412
0.211614781031
0.209092084762
0.207725066112
0.208578652714
0.208606189718
0.207642683952
0.207129001957
0.207549945681
0.207150760341
0.206124814552
0.206856751514
0.206098830496
0.205725174091
0.206102078567
0.205694046688
0.205336173317
0.205470712929
0.204695287477
0.205266233154
0.204716690005
0.20484556449
0.204347908085
0.204541977529
0.203998999561
0.204338180148
0.204105204695
0.204446266729
0.204869134736
0.204009322633
0.20444606983
0.203461360638
0.204768798376
0.20775452801
0.21502790572
0.230798283291
0.217093268822
0.224759415234
0.215145637501
0.223192682794
0.215958498721
0.221907300007
0.213922892094
0.226530686466
0.217007864805
0.227989171415
0.223227981077
0.21598859546
0.221431756603
0.219529796518
0.215038071086
0.218935256787
0.219142609592
0.214794909747
0.218069324985
0.213469683953
0.214880298677
0.215085717916
0.213821722091
0.213660057321
0.213935312734
0.213198632871
0.213729914676
0.212930558572
0.212705749174
0.212011057342
0.212303525669
0.211820605725
0.212292193759
0.211930384661
0.211718224756
0.211897493026
0.211290201242
0.211339317312
0.211266597385
0.210955875002
0.21079268919
0.210955846828
0.211516679312
0.211461617107
0.212924404001
0.211978843705
0.214105412207
0.212123131037
0.214962572203
0.212968676106
0.222691944231
0.213891552406
0.236650034658
0.224696311598
0.239422733679
0.232416189934
0.218306411912
0.231082675473
0.223238320482
0.215775613657
0.225681222151
0.230793049541
0.222461723089
0.211416086751
0.232252910437
0.227428203484
0.212893074874
0.222129861553
0.230970755159
0.228027150243
0.217490814055
0.212861597988
0.214847231553
0.223555239528
0.218383727628
0.21344460244
0.213984569593
0.215241388435
0.217301966805
0.217832351892
0.216149735597
0.214391867957
0.212889906063
0.211656083762
0.21385165287
0.213813075368
0.211075243548
0.212105100853
0.21317862063
0.21290749592
0.211297413793
0.211418434033
0.212512155295
0.210637205637
0.211431906306
0.211708787995
0.210749656433
0.210673016021
0.21116005917
0.210256157318
0.210746603743
0.210597872151
0.210064919255
0.210572146706
0.209948571601
0.21023161992
0.210056989341
0.209925968478
0.209982803627
0.209790103971
0.209866200856
0.209620618263
0.209735983946
0.209525456724
0.209586164082
0.209414409831
0.209453147901
0.209335091128
0.209304787832
0.209269939519
0.209157814017
0.209183124556
0.209086124603
0.209038131031
0.209038476946
0.208948146206
0.208889533475
0.208879571202
0.20884628287
0.208795855614
0.208736003393
0.208706956214
0.20875349017
0.209124466291
0.210013805575
0.213601670798
0.208465183562
0.212115746383
0.223381176044
0.227327285574
0.212875558555
0.242617927534
0.212501899208
0.219312326653
0.221630419561
0.213810027196
0.213335877373
0.209637151015
0.212734009536
0.212168062055
0.213517402778
0.210368178151
0.209843523841
0.212441909585
0.211676423782
0.21180462603
0.209781812327
0.209734451404
0.211405829875
0.209469271715
0.217623143468
0.226922081432
0.236820410146
0.224304031724
0.211531493795
0.240689263723
0.220638362712
0.216305911539
0.226927507775
0.235328805751
0.236134212332
0.229459905353
0.218282755919
0.212232605812
0.226384523866
0.228434723262
0.209660512298
0.213733442328
0.219875004918
0.222984235702
0.219253173695
0.213538358296
0.208631124028
0.217794046312
0.218247134341
0.209031479103
0.211380032017
0.214154743943
0.215509731503
0.215329815669
0.213904528981
0.211997340187
0.210007831906
0.211339204415
0.213085504945
0.209635069359
0.209953031367
0.211188469511
0.211165650412
0.209492893344
0.209067449803
0.210737484234
0.208699559981
0.209631055721
0.20990942679
0.208608062399
0.209336927872
0.20899018125
0.208527684399
0.209123026347
0.208476073823
0.208617710088
0.208663092352
0.208233511647
0.208579930926
0.208103605914
0.208325440108
0.208083561506
0.208113738522
0.208089873364
0.207941100739
0.207978014427
0.207836780211
0.207849738497
0.207740762745
0.207725674759
0.207704791824
0.207598960414
0.207661565126
0.207498564255
0.207530583025
0.207470799719
0.20738264552
0.207407173636
0.207338388048
0.207256950627
0.207244094096
0.207234212329
0.207202624534
0.207150971811
0.207132607065
0.207199168364
0.207648309425
0.208830025645
0.214503763806
0.207047968459
0.210310449008
0.222859495309
0.229409094074
0.215831297554
0.22110777504
0.213179412456
0.214826881462
0.211690007741
0.212824319161
0.213251252154
0.210411573643
0.231509718233
0.213316534184
0.218430324752
0.210975270082
0.215109805946
0.210115910174
0.211912547438
0.211993236939
0.209281012573
0.211868833729
0.209247878407
0.209985898714
0.211394544166
0.209581461517
0.208048020743
0.211546165056
0.212053367849
0.213462646944
0.208783428227
0.220194621415
0.211783226696
0.220564478003
0.217208203841
0.207972778917
0.225531645999
0.209384022568
0.212280497749
0.218849637655
0.216380328319
0.209193609584
0.214156469617
0.210437847541
0.209933807847
0.213234599063
0.212035729828
0.207528008806
0.213725937014
0.207191222968
0.210617328315
0.208819422328
0.209068555194
0.207505483086
0.208899126675
0.207849928619
0.208847364479
0.206624651582
0.208117506184
0.206509216623
0.20799718647
0.207216961314
0.206699080337
0.208125981231
0.207325943441
0.206150256359
0.208115172159
0.210533741992
0.205888988999
0.210688592766
0.219895042094
0.227676734491
0.216763266342
0.210844483125
0.22112599566
0.212280577295
0.21735299825
0.218106760626
0.212488234366
0.209264459209
0.210604527132
0.211676527943
0.214492357747
0.206550987667
0.218422452134
0.206323240501
0.211800248022
0.212123599992
0.207498154668
0.211027546505
0.20815587941
0.208601430676
0.210061475527
0.207000403278
0.209241338395
0.206662491506
0.208165029928
0.207452806561
0.207513058369
0.206856640461
0.207346799528
0.206694069556
0.207161975413
0.206062004786
0.206977521006
0.205853513283
