-1.0, -0.585562276067
-1.0, -0.223504896468
-1.0, -0.925027746413
-1.0, -0.974866697797
-1.0, -0.901803586555
-1.0, -0.798484850525
-1.0, -0.629125104082
-1.0, -0.888346927978
-1.0, -0.798332740645
-1.0, -0.347963519034
-1.0, -0.984170176958
1.0, 0.127381513776
-1.0, -0.997081752442
-1.0, -0.996802779878
-1.0, -0.426739149218
-1.0, -0.960915737988
-1.0, -0.613897245261
-1.0, -0.877745388812
-1.0, 0.0187934194719
-1.0, -0.981152568347
-1.0, -0.894569460493
1.0, -0.378315958351
-1.0, -0.483385950063
-1.0, -0.989017277518
-1.0, -0.83737142929
-1.0, -0.853701061719
-1.0, -0.60704180985
-1.0, -0.811601169402
-1.0, -0.963275329749
-1.0, -0.802374146466
-1.0, -0.942825652275
-1.0, -0.955809934506
-1.0, -0.943179119262
-1.0, -0.939212398608
-1.0, -0.960440697406
-1.0, -0.924719128557
-1.0, -0.817096779865
1.0, 0.0331532241139
-1.0, -0.995172197968
-1.0, -0.545731597366
-1.0, -0.881104187333
-1.0, -0.809906751081
-1.0, -0.63214222292
1.0, 0.340397780938
1.0, 0.689007887545
-1.0, -0.561828550201
-1.0, -0.749404693899
1.0, 0.704939615742
1.0, 0.589026131877
-1.0, -0.882669730738
-1.0, -0.998018013262
-1.0, -0.752781066065
1.0, -0.0631298684786
-1.0, -0.985778524207
1.0, -0.491754700802
-1.0, -0.781807448569
1.0, 0.866422357024
-1.0, -0.860073221413
-1.0, -0.981012447652
-1.0, -0.844521469977
-1.0, -0.99513555876
-1.0, -0.998343086081
-1.0, -0.969234655591
-1.0, -0.996508993336
-1.0, -0.413348054289
-1.0, -0.349507562679
1.0, 0.734931983612
-1.0, -0.985600359747
1.0, 0.639103890872
-1.0, -0.660702474421
-1.0, -0.996123758334
-1.0, -0.994043265037
-1.0, -0.998905201998
-1.0, -0.999291577505
-1.0, -0.863759044597
-1.0, -0.939704016081
-1.0, -0.996179122061
1.0, 0.725957353776
1.0, -0.994822136354
1.0, 0.268190783695
-1.0, -0.853168560906
-1.0, -0.974294932246
1.0, 0.910394213722
-1.0, -0.975415177281
-1.0, -0.990704205552
-1.0, -0.938803134238
1.0, 0.334757835206
-1.0, -0.864657073777
-1.0, -0.639013510259
-1.0, -0.998479641009
-1.0, -0.593844128267
-1.0, -0.959577162179
-1.0, -0.950597102076
-1.0, -0.915235284032
-1.0, -0.953757150392
-1.0, 0.377918666501
-1.0, -0.898017899182
-1.0, -0.977754370641
-1.0, -0.939919970018
-1.0, -0.960788409838
-1.0, -0.488399830023
-1.0, -0.851909143069
-1.0, -0.675096020281
-1.0, -0.18765497811
-1.0, -0.964993473024
-1.0, -0.967513427585
-1.0, -0.925738087232
1.0, -0.527000227714
-1.0, -0.895379498338
-1.0, -0.867491075778
-1.0, -0.994185459974
-1.0, -0.738112235952
1.0, 0.517337713207
-1.0, -0.986998515245
-1.0, -0.845186160401
1.0, -0.103200981416
1.0, 0.818812858569
-1.0, -0.915358301558
-1.0, -0.987138333311
1.0, -0.135654595403
-1.0, -0.782264808371
-1.0, -0.780513597767
1.0, -0.958572806671
-1.0, -0.997152266473
-1.0, -0.765779793577
-1.0, -0.672122385477
-1.0, -0.816211718784
-1.0, -0.913845885505
-1.0, -0.943912823075
-1.0, -0.94562899264
-1.0, -0.784822853205
1.0, -0.761451184433
-1.0, -0.99435407569
-1.0, -0.880882377616
-1.0, -0.764694837616
1.0, -0.946142537841
-1.0, 0.0323352602339
-1.0, -0.998066010493
-1.0, -0.865118852342
-1.0, -0.976855678187
-1.0, -0.782497071888
-1.0, -0.936233036458
-1.0, -0.581647860791
-1.0, -0.862589615526
-1.0, -0.885963901277
1.0, -0.0633039993872
-1.0, -0.446354681758
1.0, -0.553538318316
1.0, 0.555394322549
-1.0, -0.840759063848
1.0, 0.417826297205
-1.0, -0.922171476611
1.0, 0.131426971749
1.0, 0.88580399313
1.0, 0.758007836595
-1.0, -0.960611990841
-1.0, -0.98612268589
1.0, 0.833324852924
-1.0, -0.958584495851
-1.0, -0.934959767528
-1.0, -0.975340230028
-1.0, -0.80130812831
-1.0, -0.983116843107
-1.0, -0.901282927736
-1.0, -0.975801573559
-1.0, -0.965098199058
-1.0, -0.858118565594
-1.0, -0.934769339707
-1.0, -0.920788144083
-1.0, -0.694862186159
-1.0, -0.669783737268
-1.0, -0.956185256296
-1.0, -0.914641785776
-1.0, -0.51639125043
-1.0, -0.983502658939
-1.0, -0.426685559953
-1.0, -0.735973364256
-1.0, -0.59471618567
-1.0, -0.964932318379
1.0, -0.951451888763
1.0, 0.36499713122
1.0, 0.588631519013
1.0, 0.978472433206
-1.0, -0.923608626032
-1.0, -0.914109273169
-1.0, -0.990143322897
1.0, 0.418046564323
-1.0, -0.946858293078
-1.0, -0.862034250741
-1.0, -0.733869171285
-1.0, -0.463742106652
-1.0, -0.692238978226
1.0, -0.40911263424
-1.0, -0.989714922194
-1.0, -0.825845168781
-1.0, -0.971736884928
-1.0, -0.870142680599
-1.0, -0.773429639471
-1.0, -0.843135209983
-1.0, -0.888220518728
1.0, 0.315903457278
-1.0, -0.990296793927
-1.0, -0.486885168177
-1.0, -0.918251005983
1.0, 0.543635674235
-1.0, -0.999352433482
-1.0, -0.795595676037
-1.0, -0.698437876087
1.0, 0.762602694204
-1.0, -0.984097233736
-1.0, -0.970853279307
-1.0, -0.402209362367
-1.0, -0.577063277726
-1.0, -0.581047267321
-1.0, -0.64739561307
-1.0, -0.909158857332
1.0, -0.255550331054
-1.0, -0.854989230379
-1.0, -0.993435456656
-1.0, -0.920727352245
-1.0, -0.878448162329
-1.0, -0.644493913905
-1.0, -0.887574328453
-1.0, -0.990673733327
1.0, 0.846778166287
-1.0, -0.949140665577
-1.0, -0.899040631133
-1.0, -0.933817267825
-1.0, -0.961200837562
-1.0, -0.911921925816
1.0, 0.618561737225
-1.0, -0.521319164094
-1.0, -0.831307114856
-1.0, -0.625422598884
-1.0, -0.854933612885
-1.0, -0.629715008662
-1.0, -0.755876159731
-1.0, -0.765947676769
-1.0, -0.962584943201
-1.0, -0.896457182633
-1.0, -0.958286238986
-1.0, -0.780234913807
-1.0, -0.923161891617
-1.0, -0.857878922211
-1.0, -0.695537773263
-1.0, -0.70574078004
-1.0, -0.917232172464
1.0, 0.301300658369
-1.0, -0.976272828359
-1.0, -0.303090311065
-1.0, -0.918590078025
-1.0, -0.780240432249
-1.0, -0.57907697704
-1.0, -0.963664325165
-1.0, -0.713389398034
-1.0, -0.993035961613
-1.0, -0.681535384095
-1.0, -0.916317929427
-1.0, -0.97239411214
-1.0, -0.839969476847
-1.0, -0.982752173516
-1.0, -0.593978366472
-1.0, -0.935662865759
1.0, 0.378918156119
1.0, 0.78782544384
-1.0, -0.82133225566
-1.0, -0.682292248822
-1.0, -0.97319817879
-1.0, -0.830101349688
1.0, 0.436910717694
-1.0, -0.918566156497
-1.0, -0.318302350644
-1.0, -0.959498461992
-1.0, -0.628846434165
-1.0, -0.847416885437
-1.0, -0.735061275694
1.0, 0.645150126508
-1.0, -0.959337440582
-1.0, -0.545536237809
-1.0, -0.995857994523
-1.0, -0.897803724835
1.0, -0.0141057470107
-1.0, -0.924686032583
-1.0, -0.922182017228
-1.0, -0.37007526463
-1.0, -0.797098937286
-1.0, -0.888394521845
-1.0, -0.978698615399
-1.0, -0.856555807792
-1.0, -0.748995622258
-1.0, -0.795676323489
-1.0, -0.253521461025
-1.0, -0.659665295102
-1.0, -0.8437237249
-1.0, -0.906603112919
-1.0, -0.57772100387
-1.0, -0.892333072602
1.0, -0.560760085566
-1.0, -0.979726262541
-1.0, -0.657228092768
1.0, 0.629621125212
-1.0, -0.930339284683
-1.0, -0.874085255253
-1.0, -0.912340071007
1.0, 0.685735438305
-1.0, -0.479275920662
-1.0, -0.995655463
-1.0, -0.408027471094
-1.0, -0.590841659072
-1.0, -0.738952094131
-1.0, -0.94557458874
-1.0, -0.992027252729
-1.0, -0.919795955529
-1.0, -0.980284168822
-1.0, -0.899385301679
1.0, 0.499996782878
1.0, 0.0745225420298
-1.0, -0.473129618239
1.0, 0.684622643127
-1.0, -0.666690258199
-1.0, -0.997140597955
-1.0, -0.728293885795
-1.0, -0.928320076988
1.0, 0.108621320652
-1.0, -0.88846536895
-1.0, -0.537611258373
-1.0, -0.586243644397
-1.0, -0.952400927918
-1.0, -0.860559745092
1.0, 0.83114325245
-1.0, -0.98302077054
-1.0, -0.905050770066
-1.0, -0.853851246183
-1.0, -0.801061913902
-1.0, -0.686033836057
-1.0, -0.738219108003
-1.0, -0.680220334382
-1.0, -0.819329459156
-1.0, -0.943894734809
-1.0, -0.979276333106
-1.0, -0.38969655245
-1.0, -0.899911573285
-1.0, -0.871686355545
-1.0, -0.985940676784
-1.0, -0.727578390857
-1.0, -0.854797606016
-1.0, -0.723109103154
-1.0, -0.951067458428
-1.0, -0.941668676608
1.0, -0.141191868432
1.0, 0.418055985052
1.0, -0.985461809267
-1.0, -0.0313614257519
-1.0, -0.998982099092
-1.0, -0.772065542537
-1.0, -0.903552827388
-1.0, -0.728408766084
-1.0, -0.852312286732
-1.0, -0.68720867199
-1.0, -0.689678588821
-1.0, -0.959917898696
-1.0, -0.966826384803
-1.0, -0.930290166746
-1.0, -0.954780783574
-1.0, -0.986402577685
-1.0, -0.935252855558
1.0, -0.929672071332
1.0, -0.546953872352
1.0, 0.640483011024
-1.0, -0.989732436397
1.0, 0.801833430481
1.0, 0.619928519623
1.0, 0.787198948947
1.0, 0.624572498813
-1.0, -0.722636495576
-1.0, -0.999772806107
-1.0, -0.895402501747
-1.0, -0.990503939036
-1.0, -0.972916297551
-1.0, -0.888527557289
-1.0, -0.491368123946
-1.0, -0.988378273986
-1.0, -0.518336249002
-1.0, -0.823593849283
-1.0, -0.986511476769
-1.0, -0.924747425167
-1.0, -0.942691035548
-1.0, -0.935715852179
-1.0, -0.971469902442
-1.0, -0.959307620456
-1.0, -0.944923819634
1.0, -0.964551067225
-1.0, -0.663200612885
-1.0, -0.974353562959
-1.0, -0.979609583135
-1.0, -0.758084832281
-1.0, -0.98053740484
-1.0, -0.968000512071
-1.0, -0.802893805926
-1.0, -0.974911687454
-1.0, -0.4582734634
-1.0, -0.964737389314
-1.0, -0.648876802828
-1.0, -0.964873039914
-1.0, -0.716168187913
-1.0, -0.872964546074
-1.0, -0.89119305663
-1.0, -0.959228851669
-1.0, -0.929633245218
-1.0, -0.979106215726
-1.0, -0.881799435261
-1.0, -0.937102485562
1.0, -0.981186538635
-1.0, -0.817436863933
-1.0, -0.945177622413
-1.0, -0.852104724183
-1.0, -0.975398633904
