0.655549210006
0.655546924816
0.655542469044
0.655535940468
0.65552742144
0.655516980133
0.655504671667
0.655490539102
0.655474614328
0.655456918854
0.655437464504
0.655416254033
0.655393281666
0.65536853357
0.655341988268
0.65531361699
0.655283383975
0.655251246735
0.655217156264
0.655181057216
0.655142888052
0.655102581145
0.655060062864
0.655015253634
0.654968067965
0.654918414464
0.654866195831
0.654811308832
0.654753644265
0.654693086901
0.654629515431
0.654562802385
0.654492814058
0.654419410421
0.654342445034
0.654261764952
0.654177210636
0.654088615859
0.653995807623
0.653898606076
0.653796824441
0.653690268955
0.653578738818
0.653462026168
0.653339916062
0.65321218649
0.653078608409
0.652938945813
0.652792955827
0.652640388852
0.652480988738
0.652314493018
0.652140633184
0.651959135027
0.651769719039
0.651572100882
0.651365991938
0.651151099935
0.650927129668
0.650693783809
0.650450763827
0.650197771013
0.649934507621
0.649660678136
0.649375990669
0.649080158492
0.648772901711
0.648453949087
0.648123040013
0.647779926638
0.647424376154
0.647056173236
0.646675122633
0.646281051917
0.645873814371
0.645453292007
0.645019398714
0.644572083501
0.644111333829
0.643637178993
0.643149693539
0.642649000663
0.642135275566
0.641608748701
0.641069708877
0.640518506144
0.639955554401
0.639381333652
0.63879639184
0.638201346163
0.637596883805
0.636983761973
0.63636280717
0.635734913604
0.635101040639
0.634462209233
0.633819497259
0.633174033664
0.632526991415
0.631879579189
0.631233031814
0.630588599442
0.629947535529
0.629311083648
0.62868046326
0.628056854554
0.627441382522
0.626835100456
0.626238973089
0.625653859628
0.625080496942
0.6245194832
0.623971262249
0.623436109048
0.622914116435
0.622405183543
0.621909006114
0.621425068967
0.620952640844
0.620490771796
0.620038293274
0.619593821026
0.619155760869
0.618722317391
0.618291505599
0.61786116552
0.617428979749
0.616992493973
0.616549140469
0.616096264631
0.615631154599
0.615151074077
0.614653298452
0.614135154293
0.613594062279
0.613027583482
0.612433468718
0.611809710397
0.611154595834
0.610466760367
0.609745237869
0.60898950526
0.608199516611
0.607375721418
0.60651906089
0.605630935965
0.604713141803
0.603767766154
0.602797053951
0.601803247855
0.600788424011
0.599754352259
0.598702417522
0.597633639378
0.596548814845
0.595448781784
0.594334758758
0.59320867184
0.592073348152
0.590932462038
0.589790176698
0.58865052532
0.587516687791
0.586390390953
0.585271647153
0.584158935845
0.583049761766
0.581941364413
0.580831289893
0.579717621418
0.578598885513
0.577473902733
0.57634195743
0.575203471953
0.574060931747
0.572919439226
0.571786368601
0.570670184388
0.569579055654
0.568519833107
0.567497295627
0.566513120382
0.565564487138
0.564643191585
0.5637363065
0.562828238705
0.561902882967
0.560945164473
0.559942710729
0.5588881699
0.557780854162
0.556626040794
0.555432514292
0.554210353026
0.552969167906
0.55171576895
0.550452458255
0.549177725914
0.547887908506
0.54657828263
0.545244655245
0.543884535368
0.542496345361
0.54107884222
0.539630840123
0.538150455211
0.536635881532
0.535085781815
0.533498969541
0.53187401094
0.530207534084
0.528493805565
0.526724811287
0.52489240968
0.522990311174
0.521014561434
0.518960754088
0.516820657823
0.514580949518
0.512225674224
0.50973910915
0.507106317037
0.504310708268
0.501330795244
0.498141906469
0.494720143287
0.491042412718
0.487085289611
0.482822719567
0.478248052569
0.473449161344
0.470081160161
0.492798857529
0.468025925344
0.477681408424
0.45693580986
0.473258557929
0.454717530481
0.522224184884
0.511653477112
0.450449618141
0.426391951774
0.415245519567
0.436970327421
0.469277045184
0.493257905375
0.443054489233
0.4114474747
0.440117989911
0.394267962749
0.423986600006
0.433342899392
0.41487800312
0.390014547738
0.40668186518
0.421210849155
0.382118117624
0.382208381008
0.397829935844
0.401372367992
0.388802655497
0.372970041079
0.380258659981
0.390682849093
0.372728055202
0.368291886122
0.375509465682
0.374409451274
0.365395733922
0.364013327299
0.370707590837
0.365245176033
0.361509710281
0.364776673218
0.363066945967
0.357827069374
0.359951010935
0.359490029856
0.355872861843
0.358053019318
0.35621512398
0.3537472333
0.355095814347
0.352038993307
0.352233954276
0.351758352486
0.349720810935
0.35022639406
0.348001169231
0.347780033221
0.346512977066
0.345625152422
0.344753264897
0.343696275912
0.342647604653
0.341607749324
0.340307595806
0.339561663544
0.337993203398
0.337195313883
0.335796664878
0.334303325641
0.333377155403
0.33212123246
0.330309684338
0.328700693798
0.327332847208
0.326104289681
0.325601726802
0.327114654842
0.342687532174
0.319217713876
0.355986594139
0.34172628898
0.350348138895
0.316198338198
0.345269610263
0.318968299313
0.338493361248
0.321077567031
0.310390463237
0.327508502712
0.304673588737
0.311363460768
0.316486243669
0.303835854038
0.304229823961
0.309362313956
0.297941974115
0.303935083566
0.302421651321
0.295597339117
0.30155874082
0.294767007405
0.296350419954
0.296337645315
0.29191828915
0.295303604862
0.290342452799
0.292575579312
0.289515201329
0.290175560963
0.288061719679
0.288125633326
0.286890655963
0.286189066991
0.284863890939
0.284738609961
0.282939056781
0.283334666533
0.281166288373
0.280888064757
0.279913343012
0.278282007421
0.277791050518
0.276841561559
0.275394694265
0.274093128902
0.273174356053
0.272548228048
0.27223460032
0.27520444636
0.279734573536
0.311365756068
0.27910983137
0.371470245013
0.310077715405
0.358500599572
0.323897330197
0.268010104292
0.365586823713
0.266810699438
0.293931659791
0.332826547988
0.341298689685
0.316441556511
0.271228689972
0.264148432541
0.312261333895
0.298020374781
0.256150838466
0.265119547481
0.285334310922
0.293884276022
0.286653964672
0.268212021038
0.252492020636
0.257198180527
0.272996760994
0.275019071271
0.260568074146
0.249816558499
0.251835551391
0.258823969745
0.262105693069
0.258850567295
0.251541466391
0.246748093421
0.249276691206
0.253831718847
0.251867707648
0.246447816265
0.245552985112
0.248260785982
0.249198303003
0.24677980547
0.244122860983
0.244735919369
0.246362360576
0.245028760158
0.242976650837
0.24334406228
0.244208463292
0.243353379995
0.241912472321
0.242044740284
0.242544173931
0.241577239516
0.240767882933
0.241077432387
0.240927982049
0.240019219734
0.2397943412
0.239877053458
0.23917829917
0.238782185737
0.238767353123
0.238192791336
0.23778239098
0.237647079156
0.237044788038
0.236754843862
0.236394514676
0.23584347911
0.235562900626
0.234976891809
0.234600115956
0.234053457706
0.233571279485
0.233019578741
0.232475844314
0.23187423179
0.231293259222
0.230614735699
0.230001075667
0.229258772596
0.228562671704
0.227813133967
0.226987462372
0.226185831329
