2.28782883731
2.28780690298
2.28776412743
2.28770143598
2.28761960024
2.28751925045
2.28740088643
2.28726488719
2.28711151938
2.2869409446
2.28675322582
2.28654833285
2.286326147
2.28608646499
2.2858290022
2.28555339523
2.28525920392
2.28494591277
2.28461293187
2.28425959729
2.28388517106
2.2834888406
2.28306971782
2.28262683771
2.2821591565
2.28166554944
2.28114480813
2.28059563739
2.28001665175
2.27940637141
2.27876321778
2.27808550854
2.27737145211
2.27661914165
2.27582654844
2.27499151468
2.27411174557
2.27318480073
2.27220808485
2.27117883748
2.27009412196
2.26895081336
2.26774558537
2.26647489598
2.265134972
2.26372179209
2.26223106832
2.2606582261
2.25899838217
2.25724632069
2.25539646707
2.25344285927
2.25137911658
2.24919840517
2.24689340057
2.24445624632
2.24187850866
2.23915112669
2.23626435754
2.2332077161
2.22996990845
2.22653875867
2.22290112797
2.21904282543
2.21494850953
2.21060157918
2.20598405347
2.20107643861
2.19585758091
2.19030450427
2.18439223062
2.17809358169
2.17137896037
2.16421610986
2.15656984886
2.14840178127
2.13966997867
2.13032863486
2.12032769175
2.10961243724
2.09812307694
2.08579428376
2.07255473204
2.05832662733
2.04302524819
2.02655852451
2.00882668737
1.9897220403
1.96912892169
1.94692395537
1.9229767226
1.89715103778
1.86930707433
1.83930467005
1.80700824489
1.77229388586
1.73505928135
1.69523729015
1.65281394073
1.60785145199
1.56051625057
1.51111066889
1.46010479434
1.40816179318
1.35614656101
1.30510538456
1.25620601311
1.21063546269
1.16946672323
1.13352048294
1.10325595531
1.07871977502
1.05956473413
1.045128948
1.03455054077
1.02688851147
1.02122627725
1.01674554129
1.01276905122
1.00877798487
1.0044123218
0.999461680485
0.993851370394
0.987625284354
0.980924805492
0.973961883252
0.966985274738
0.960241489888
0.953935192584
0.948196012334
0.943058498286
0.938459191053
0.934250830743
0.930230316355
0.92617514639
0.921882538725
0.917205526056
0.912080512132
0.90654106499
0.900713639818
0.894793221864
0.889001102249
0.883532868932
0.878510492246
0.87395487527
0.869791023508
0.865886367723
0.862108012532
0.858374539903
0.8546787995
0.851070852151
0.847610298111
0.844315679512
0.841143975834
0.838017234679
0.83488117456
0.831753558565
0.828722363004
0.825889715657
0.823302224817
0.820923238467
0.818669734006
0.816480506689
0.814353671148
0.812321036057
0.810391945986
0.80853404665
0.806715450605
0.804951354226
0.803284348609
0.801717893864
0.800198145073
0.798673786641
0.797141750227
0.795610359128
0.794056004713
0.792457136577
0.790830370078
0.789185976879
0.787498817111
0.78576522923
0.784021678284
0.782287108124
0.780566377513
0.778880630144
0.777222901905
0.775566789158
0.773915703786
0.772261858548
0.770589173098
0.768893712765
0.76715523685
0.765377206247
0.763564916101
0.761714600768
0.759830151259
0.757909745181
0.755969609463
0.754007495103
0.75202101687
0.74999579256
0.747927679238
0.745806129817
0.743629165334
0.7414025671
0.73912858281
0.736805968959
0.734430455107
0.731994467647
0.729486100155
0.726895577678
0.724216379186
0.721442638248
0.718569741162
0.71559038887
0.71250717368
0.70942394376
0.707189204808
0.713513073151
0.786772477229
0.733781625024
0.696110243623
0.701319159558
0.738029753903
0.690388426394
0.695316481768
0.704728823717
0.673172952982
0.685407205622
0.688153696767
0.666230222975
0.663715523756
0.671756882482
0.667645900829
0.654782541562
0.646148675017
0.642194438491
0.639451938674
0.64307394488
0.668484237521
0.772293600315
0.637903602331
0.766709004559
0.624509182736
0.736572899474
0.705779892598
0.638392142527
0.694697810887
0.62166493634
0.646609487631
0.69280546612
0.671577027906
0.606794649643
0.607689021448
0.654535156564
0.645867455916
0.595093629541
0.592558204349
0.620465640636
0.628954781805
0.60846301931
0.584110301832
0.584817841868
0.601344647556
0.602664155303
0.584654435046
0.573223592069
0.581683223728
0.589544202476
0.581841267471
0.570542612337
0.572608032913
0.578561119279
0.573927113529
0.566814692927
0.568746797014
0.571871434256
0.567546575944
0.56285196547
0.565147075456
0.566044025885
0.561629473988
0.560310510155
0.561919943774
0.559909356209
0.557423168273
0.558226202892
0.557254119878
0.554687020739
0.554890090237
0.554190336206
0.551965397002
0.551826326077
0.550677822672
0.549050437804
0.548746132309
0.546962299983
0.546082751796
0.54495369771
0.543420120943
0.542492548651
0.540771897716
0.539762920188
0.537949789871
0.536776676991
0.534938205283
0.533514546873
0.531711088155
0.529941154775
0.528217682763
0.526127931897
0.524219349491
0.522210327212
0.51991568881
0.517610209023
0.515338194823
0.51301423725
0.510659772462
0.508597622958
0.508201760675
0.517971673515
0.567384783379
0.538250110368
0.495377626554
0.534324091084
0.500965275145
0.498270375713
0.517811159351
0.482565279352
0.492258796867
0.49906867796
0.474949132767
0.476052340633
0.483942307918
0.472755671331
0.462040353195
0.466751668337
0.472662697204
0.46374533816
0.455335708685
0.449630324379
0.446452963993
0.444273708673
0.444688074104
0.457321345974
0.512325943102
0.474800670044
0.43226667004
0.48220152001
0.434973464803
0.445297978782
0.447645152314
0.418702494472
0.443771963355
0.417386053835
0.435651470334
0.425648642968
0.415193530241
0.427675993218
0.404276302047
0.421969652883
0.41083316546
0.402783939546
0.413485021352
0.399030783907
0.403398842
0.402070733875
0.394372050671
0.401111953886
0.391177220637
0.396074756784
0.390556261534
0.390981719388
0.389744124202
0.38692472744
0.387452080386
0.383951043925
0.384796003148
0.381447456864
0.381789583913
0.379312584178
0.378793978215
0.377375659302
0.375478002383
0.375430156664
0.372695163798
0.372210935849
0.371200795205
0.368693109701
0.367621987896
0.367079500132
0.365660851749
0.363751267743
0.361888129807
0.360415768909
0.360130815547
0.365862479708
0.394884493726
0.376767183244
0.350529612247
0.366978713875
0.352603145227
0.350755102866
0.35867964244
0.342136046168
0.347554293211
0.347382641186
0.337119169825
0.338602342342
0.341394347679
0.334675621657
0.330280721964
0.332407068594
0.334582567258
0.330390040976
0.325686320418
0.322310852866
0.320426908657
0.319214902457
0.320037767739
0.329080264469
0.366095949041
0.336761731714
0.311421755186
0.342430893082
0.310530673659
0.322805357458
0.317084761754
0.304107161647
0.319038326106
0.302147919095
0.313577950468
0.298219743456
0.309139089544
0.294909669685
0.305535462401
0.292425344912
0.299529470453
0.291763273546
0.292397227473
0.292786776071
0.286850725637
0.29143778404
0.285306846857
0.285177312905
0.286782762469
0.281278921759
0.28125179866
0.28295263695
0.279385153174
0.276127411007
0.276656053528
0.277604101621
0.275471659939
0.272488402149
0.270175568015
0.268526643893
0.267125673214
0.266048598041
0.266261404609
0.273258320004
0.316198592949
0.286905127142
0.259560579599
0.268180177081
0.288995123953
0.254484502894
0.276390819046
0.251923272787
0.269794888071
0.25843089189
0.253703323355
0.261997995974
0.246135932572
0.257849287416
0.252680055263
0.244324433624
0.25332370639
0.244594425159
0.244377308104
0.247201462832
0.239720174942
0.244580046423
0.240165117372
0.239839140944
0.240381952782
0.236789807704
0.239199714292
0.235297147816
0.237231415097
0.234363232018
0.235221830698
0.233456385817
0.233505339563
0.232271421842
0.232015554138
0.230819005041
0.230804168041
0.22920802272
0.229506940229
0.227813963847
0.227850824401
0.226715860734
0.225881284926
0.225634209729
0.224323683996
0.223591919916
0.223211299389
0.222220505354
0.221017602744
0.220100534887
0.219439273488
0.219009688511
0.219413788767
0.221842276129
0.229956186289
0.248954546672
0.218579670929
0.220889866134
0.23630356253
0.2129575477
0.232523405513
0.221355763398
0.216687607287
0.222721448028
0.208945003041
0.220639344737
0.206054306446
0.210770748624
0.21144673673
0.202494534114
0.210284841999
0.202616695383
0.204259089665
0.204576181864
0.199668206007
0.203805378457
0.198430601924
0.201045001072
0.19846465024
0.198305355265
0.197972606134
0.19649313751
0.196774031439
0.195177159076
0.19541950458
0.194043533995
0.193987254452
0.193200218933
0.192385789505
