2.95096173002
2.95088448895
2.95073384739
2.95051304748
2.95022478289
2.94987124286
2.94945415094
2.94897479886
2.94843407609
2.94783249538
2.94717021482
2.94644705654
2.94566252244
2.94481580708
2.94390580815
2.94293113436
2.94189011122
2.94078078462
2.93960092244
2.93834801414
2.93701926854
2.93561160965
2.9341216708
2.9325457868
2.93087998436
2.92911997058
2.92726111952
2.92529845677
2.92322664192
2.92103994881
2.91873224346
2.91629695947
2.91372707079
2.91101506145
2.90815289234
2.90513196433
2.90194307784
2.89857638811
2.89502135602
2.89126669391
2.88730030569
2.88310922098
2.87867952215
2.87399626385
2.86904338382
2.86380360411
2.85825832146
2.85238748543
2.84616946284
2.83958088644
2.83259648607
2.82518889964
2.81732846114
2.80898296264
2.80011738627
2.79069360192
2.78067002551
2.77000123181
2.75863751483
2.74652438753
2.73360201122
2.71980454331
2.70505939018
2.68928634958
2.67239662428
2.65429168595
2.63486196461
2.61398533541
2.59152537104
2.567329324
2.54122580091
2.51302208965
2.48250110304
2.44941791229
2.41349586331
2.37442230817
2.33184405295
2.28536274017
2.23453057619
2.17884712132
2.11775833808
2.05065981526
1.97690713328
1.89583777503
1.80681078572
1.7092722663
1.60285592452
1.48752651558
1.36376694499
1.23279292932
1.09674968509
0.958807848023
0.823051002277
0.694071242528
0.57629117758
0.473185507104
0.386682256117
0.316976037531
0.262790031114
0.221918911964
0.191809884195
0.170005541893
0.15439156116
0.14327994043
0.135390096154
0.129783473794
0.125787531568
0.122926947365
0.120868257012
0.119378153568
0.118293302055
0.117499010807
0.116914371592
0.116481982265
0.116160857878
0.115921538387
0.115742702818
0.115608815765
0.115508482532
0.115433292462
0.115377000216
0.115334942278
0.115303618251
0.115280388322
0.115263253179
0.115250692869
0.115241548033
0.115234931856
0.1152301644
0.115226723356
0.115224206914
0.115222305639
0.115220781061
0.115219449318
0.115218168595
0.115216829456
0.115215347378
0.115213656952
0.115211707392
0.115209459023
0.11520688055
0.115203946913
0.115200637612
0.115196935383
0.115192825168
0.115188293287
0.115183326792
0.115177912952
0.115172038831
0.115165690958
0.115158855045
0.11515151576
0.115143656523
0.115135259331
0.115126304597
0.115116770994
0.115106635301
0.115095872247
0.115084454342
0.115072351702
0.115059531845
0.115045959474
0.115031596228
0.1150164004
0.115000326619
0.114983325486
0.114965343163
0.114946320898
0.114926194495
0.114904893699
0.114882341505
0.114858453373
0.114833136332
0.114806287973
0.1147777953
0.11474753344
0.114715364173
0.114681134275
0.114644673638
0.114605793127
0.11456428215
0.114519905854
0.11447240191
0.114421476772
0.114366801295
0.114308005573
0.114244672777
0.114176331764
0.114102448119
0.114022413233
0.113935530898
0.113841000783
0.113737897973
0.113625147564
0.113501493021
0.11336545669
0.1132152904
0.113048913554
0.1128638354
0.112657057423
0.11242495093
0.112163104401
0.111866135513
0.111527465513
0.111139061923
0.110691175695
0.110172143511
0.109568417307
0.10886515686
0.108048013151
0.107107101314
0.10604424167
0.104883076707
0.103676342255
0.102496139706
0.101397620004
0.100386218789
0.099438888137
0.0985396595416
0.0976536534461
0.0967013276317
0.0956093761472
0.0943810646083
0.0930880889624
0.0917985356675
0.0906001363718
0.0896315701429
0.0889281061092
0.0883958764845
0.0879063886631
0.0873615065743
0.0867702305659
0.0861880265177
0.0856819175044
0.0852601729899
0.0848828458864
0.0845066028518
0.0840872277416
0.0836289200847
0.083153652995
