1.0, 0.532519003502
1.0, 0.841994847272
-1.0, 0.685920321878
-1.0, 0.466039495531
1.0, 0.869514778354
1.0, 0.985147466219
1.0, 0.966460171008
1.0, 0.902006185185
-1.0, 0.673045858108
1.0, 0.743944612857
1.0, 0.666793556456
-1.0, 0.288107815401
1.0, 0.815214545732
1.0, 0.610527020259
1.0, 0.939121534122
1.0, 0.823951098616
1.0, 0.556433132372
1.0, 0.701632737621
1.0, 0.910013690407
1.0, 0.852231107437
1.0, 0.75358515564
1.0, 0.418988285785
1.0, 0.808140655503
-1.0, 0.874150664983
1.0, 0.587720985719
1.0, 0.681822838983
1.0, 0.9919040623
1.0, 0.838745672429
1.0, 0.916246130492
1.0, 0.852684353328
1.0, 0.714770237204
1.0, 0.451842137572
1.0, 0.579176538778
1.0, 0.889376262867
1.0, 0.797496854718
1.0, 0.620496955793
1.0, 0.862031574954
1.0, 0.772425441618
1.0, 0.780919848859
1.0, 0.898722253966
-1.0, 0.572922446249
-1.0, 0.523308552413
-1.0, 0.857329877423
1.0, 0.975039496643
1.0, 0.75981265395
1.0, 0.930802269157
1.0, 0.865736334163
1.0, 0.744797249931
1.0, 0.761023564833
1.0, 0.681380475598
1.0, 0.697462345364
1.0, 0.620653877667
1.0, 0.698263667876
1.0, 0.531557462065
-1.0, 0.252238766141
-1.0, 0.452290684208
-1.0, 0.764778142937
1.0, 0.744468845988
1.0, 0.684375410944
1.0, 0.963673255019
1.0, 0.905236404834
1.0, 0.670743144456
1.0, 0.666588412594
1.0, 0.491212593774
1.0, 0.843009228367
1.0, 0.520474356085
1.0, 0.577006173182
1.0, 0.943046155889
1.0, 0.884476787627
-1.0, 0.958661067306
1.0, 0.741584311112
1.0, 0.860220254827
1.0, 0.949490847717
1.0, 0.960316743259
1.0, 0.892044565758
1.0, 0.825324233442
1.0, 0.70248386257
1.0, 0.260171831133
1.0, 0.884323842477
-1.0, 0.686374935618
1.0, 0.67658505627
1.0, 0.590554458496
1.0, 0.959350590789
1.0, 0.755283929552
1.0, 0.704770851218
1.0, 0.727088213744
1.0, 0.738276477615
1.0, 0.620931405634
1.0, 0.753604147475
1.0, 0.922330966168
1.0, 0.638179043319
1.0, 0.688940644172
1.0, 0.700480048361
-1.0, 0.619160434643
1.0, 0.79998698822
1.0, 0.860358033891
1.0, 0.92214430219
1.0, 0.910371375601
1.0, 0.810457435703
1.0, 0.758621218056
1.0, 0.371150173945
1.0, 0.640537634009
1.0, 0.672926814633
1.0, 0.717595320093
1.0, 0.75100380277
1.0, 0.577115270856
1.0, 0.811514305636
1.0, 0.844689290139
1.0, 0.7643068717
-1.0, 0.285980166336
-1.0, -0.018539247185
1.0, 0.875299767381
1.0, 0.872990254912
-1.0, 0.754741321273
1.0, 0.465192210194
1.0, 0.835688330093
1.0, 0.97540546335
1.0, 0.959244728191
1.0, 0.931064686844
1.0, 0.778951089526
1.0, 0.668626079652
1.0, 0.855332310504
1.0, 0.547930552187
-1.0, 0.64737559462
-1.0, 0.0155776553322
1.0, 0.904230030842
1.0, 0.972736909275
1.0, 0.96012916335
1.0, 0.895111577835
1.0, 0.611304648075
-1.0, 0.737102881922
1.0, -0.177766308651
1.0, 0.929766692797
1.0, 0.931132513372
1.0, 0.923848629286
1.0, 0.908154418878
1.0, 0.879789225957
1.0, 0.933805054728
1.0, 0.936117707104
1.0, 0.937530856144
1.0, 0.938037544008
1.0, 0.937309409562
1.0, 0.934634541253
1.0, 0.928403429276
1.0, 0.916097514279
1.0, 0.893040419561
1.0, 0.850980763944
1.0, 0.783489874255
1.0, 0.931616334084
1.0, 0.93466946789
1.0, 0.936594555296
1.0, 0.937772341479
1.0, 0.937803135097
1.0, 0.935637005184
1.0, 0.930340501368
1.0, 0.919534879855
1.0, 0.897891848308
1.0, 0.858921549529
1.0, 0.796649739053
1.0, 0.721143942038
1.0, 0.750120463601
1.0, 0.915869270543
1.0, 0.7934274152
-1.0, 0.693623942146
1.0, 0.509162703662
1.0, 0.787802048234
1.0, 0.860176623634
1.0, 0.917696209742
1.0, 0.958686174527
1.0, 0.845482003376
1.0, 0.469453722432
1.0, 0.561086081629
1.0, 0.545516680566
1.0, 0.799034632128
1.0, 0.684258827677
1.0, 0.651168053831
1.0, 0.827601226172
1.0, 0.89879416239
1.0, 0.5551975108
1.0, 0.808811045176
1.0, 0.681452782803
1.0, 0.748741084727
1.0, 0.871619459578
1.0, 0.62378846064
1.0, 0.718007265661
-1.0, 0.651998574655
1.0, 0.858041365529
1.0, 0.70071613451
1.0, 0.745815661456
1.0, 0.807950897229
1.0, 0.670725969966
1.0, 0.733837610802
1.0, 0.724193899374
1.0, 0.809532726382
1.0, 0.678446582041
1.0, 0.681591275823
1.0, 0.685979798983
1.0, 0.494132403798
1.0, 0.825970859057
1.0, 0.669132036806
1.0, 0.905728341014
1.0, 0.678855215721
1.0, 0.799153641815
1.0, 0.683503490783
-1.0, 0.967122337939
1.0, 0.904787857184
1.0, 0.628860482068
1.0, 0.982121169236
1.0, 0.786192823341
1.0, 0.534441561335
1.0, 0.829181456912
1.0, 0.932439469213
1.0, 0.921343070997
1.0, 0.86916712294
1.0, 0.892613548818
1.0, 0.90480297303
1.0, 0.906504259349
1.0, 0.899079463836
1.0, 0.87774004962
1.0, 0.836474875726
-1.0, 0.767096054077
1.0, 0.576422594894
1.0, 0.689884199036
1.0, 0.762619660825
-1.0, 0.676170115582
1.0, 0.836885643889
-1.0, 0.778849524816
1.0, 0.956914267209
1.0, 0.81583761649
1.0, 0.971454676485
1.0, 0.88898533427
1.0, 0.411543600457
1.0, 0.403093206642
1.0, 0.932353969234
1.0, 0.832030449146
1.0, 0.684063208584
1.0, 0.744443201091
1.0, 0.709924211879
1.0, 0.824910073647
1.0, 0.801170544138
1.0, 0.726553079301
1.0, 0.767785590771
-1.0, 0.495862882853
1.0, 0.692794285677
1.0, 0.781347496478
1.0, 0.952571343801
1.0, 0.833997066109
1.0, 0.716534906659
-1.0, 0.64098164076
1.0, 0.777985204682
1.0, 0.725317419021
1.0, 0.952169016283
1.0, 0.961229718669
1.0, 0.90334309685
1.0, 0.764370432305
1.0, 0.842682019301
1.0, 0.693800200843
1.0, 0.619010519461
1.0, 0.738342946293
1.0, 0.969415890781
1.0, 0.808308759226
1.0, 0.818946599012
1.0, 0.794926019827
1.0, 0.90965007956
1.0, 0.828124011509
1.0, 0.701902980868
-1.0, 0.695031099381
1.0, 0.888722980554
1.0, 0.733145104393
-1.0, 0.800986735656
1.0, 0.784041921791
1.0, 0.76309704055
1.0, 0.956962316511
1.0, 0.931709428415
1.0, 0.813659505637
1.0, 0.527213189858
1.0, 0.802955223966
1.0, 0.670383956999
-1.0, 0.235099391719
1.0, 0.602710353173
1.0, 0.644352465127
1.0, 0.735887185235
1.0, 0.780823409453
1.0, 0.782445801779
-1.0, 0.705811186991
1.0, 0.507419523093
1.0, 0.873129845412
1.0, 0.973638796774
1.0, 0.885342402927
1.0, 0.571201031638
1.0, 0.706925247512
1.0, 0.612797683349
1.0, 0.774954010282
1.0, 0.702544376397
1.0, 0.813472962712
1.0, 0.894669066773
-1.0, 0.6825584878
1.0, 0.731774006503
1.0, 0.811354453798
1.0, 0.945765170257
1.0, 0.792782381668
-1.0, 0.713497631168
1.0, 0.948495546876
-1.0, 0.757912121232
1.0, 0.943774648401
1.0, 0.867369973255
1.0, 0.954038794468
1.0, 0.879497348161
1.0, 0.705267932979
1.0, 0.418120135157
1.0, 0.735249228951
-1.0, 0.223278262652
1.0, 0.824526642781
1.0, 0.843143598805
1.0, 0.65028354586
1.0, 0.852321800161
-1.0, 0.81750072355
1.0, 0.582682764363
