1.22971370144
1.22948501712
1.22903921199
1.2283862498
1.22753462721
1.22649149448
1.2252627652
1.22385321591
1.22226657655
1.22050561245
1.21857219875
1.21646738797
1.21419147145
1.21174403536
1.20912401181
1.20632972585
1.20335893878
1.20020888836
1.1968763265
1.19335755486
1.1896484589
1.1857445408
1.18164095181
1.17733252431
1.17281380424
1.16807908416
1.16312243748
1.15793775429
1.15251877914
1.14685915134
1.14095244808
1.13479223086
1.12837209564
1.12168572703
1.11472695704
1.10748982856
1.099968664
1.09215813924
1.08405336317
1.0756499628
1.06694417404
1.05793293789
1.04861400182
1.03898602587
1.02904869275
1.01880282107
1.00825048051
0.997395107447
0.986241619362
0.974796525845
0.963068033874
0.95106614461
0.938802738685
0.926291646723
0.913548701602
0.900591768885
0.887440751799
0.874117567319
0.860646090152
0.847052061914
0.833362963405
0.81960784877
0.805817141343
0.792022392184
0.778256003639
0.764550921676
0.750940302189
0.737457157781
0.724133992799
0.711002435343
0.698092875615
0.685434120263
0.673053072193
0.660974444697
0.649220517688
0.637810942376
0.626762598927
0.616089509667
0.605802808286
0.595910763443
0.586418853257
0.57732988549
0.568644156944
0.560359644634
0.552472220826
0.544975883901
0.537862997323
0.531124529537
0.52475028851
0.518729145623
0.513049244702
0.507698193148
0.502663233165
0.49793139209
0.493489611723
0.48932485724
0.485424206873
0.481774923952
0.478364513172
0.475180763107
0.472211777021
0.469445993976
0.466872202112
0.464479545805
0.462257528193
0.460196010339
0.458285208076
0.456515687367
0.45487835877
0.453364471479
0.451965607182
0.450673673914
0.449480899928
0.448379827563
0.44736330702
0.446424489949
0.445556822708
0.444754039179
0.444010153051
0.443319449479
0.442676476063
0.442076033157
0.441513163494
0.440983141198
0.44048146026
0.440003822606
0.439546125896
0.439104451252
0.438675051133
0.438254337624
0.437838871459
0.437425352125
0.437010609515
0.436591597614
0.436165390847
0.435729183816
0.435280295251
0.43481617718
0.434334430419
0.433832827618
0.433309345164
0.432762205193
0.432189928783
0.431591400884
0.430965946675
0.43031341749
0.429634282204
0.428929716614
0.428201679033
0.427452955012
0.426687148598
0.425908593242
0.425122155028
0.424332907997
0.42354568052
0.422764506291
0.421992062371
0.421229230039
0.42047494947
0.419726524137
0.418980436142
0.418233557697
0.417484437022
0.416734200605
0.415986656896
0.415247447285
0.414522480533
0.413816217768
0.413130466982
0.412464143603
0.411814057231
0.411176375965
0.410548157927
0.409928305535
0.409317506323
0.408717146824
0.408127725561
0.40754770983
0.406973713369
0.406402091495
0.405830904858
0.405260671834
0.404693188393
0.404129415728
0.403568370689
0.403008037988
0.402447347233
0.401887140136
0.401329016829
0.40077329867
0.400218626927
0.399663885755
0.399109876786
0.398558244181
0.398009254667
0.397461922421
0.396916101494
0.396372752414
0.395831864523
0.395292133428
0.394753209316
0.39421580161
0.393679466121
0.393143153577
0.392606931717
0.392070520598
0.391532760276
0.390993654641
0.390453283731
0.389910857455
0.389366380297
0.388819365567
0.388268910894
0.387714691656
0.387155289514
0.386589432819
0.386015326065
0.385431063261
0.384834910268
0.384224996718
0.383600079666
0.382959050392
0.382301256461
0.381626087915
0.380932954871
0.380221048204
0.379488901234
0.378734941457
0.377957039157
0.377152489537
0.376318492936
0.375451575036
0.374547926366
0.373603485678
0.372614060729
0.371576656372
0.370490470901
0.36937316808
