1.52175655766
1.52164312112
1.5214218951
1.52109765381
1.52067437154
1.52015528706
1.5195429604
1.51883932264
1.51804571954
1.51716294947
1.51619129619
1.51513055698
1.51398006644
1.5127387164
1.51140497222
1.50997688564
1.50845210463
1.50682788025
1.50510107076
1.50326814315
1.50132517217
1.49926783695
1.49709141536
1.49479077609
1.4923603685
1.48979421031
1.48708587312
1.48422846573
1.48121461526
1.47803644611
1.47468555657
1.47115299318
1.46742922279
1.46350410208
1.45936684478
1.45500598621
1.45040934541
1.44556398456
1.44045616582
1.43507130554
1.42939392586
1.42340760386
1.41709491827
1.41043739403
1.40341544505
1.39600831548
1.38819402016
1.37994928507
1.37124948861
1.36206860532
1.35237915338
1.34215214836
1.33135706564
1.31996181497
1.30793273132
1.29523458711
1.28183063202
1.2676826682
1.25275116979
1.23699545804
1.22037394496
1.20284446111
1.18436468521
1.16489269651
1.14438767279
1.12281075978
1.10012613933
1.07630232432
1.05131370756
1.02514238786
0.997780289557
0.969231578825
0.939515361321
0.90866861818
0.876749300818
0.843839458121
0.810048213571
0.775514347324
0.740408175151
0.704932362075
0.669321277073
0.6338385031
0.598772181695
0.564428007788
0.531119903309
0.499158677392
0.468839295763
0.440427681428
0.414148188658
0.39017296953
0.368614344193
0.349520987911
0.332878301361
0.318612816794
0.306600011942
0.296674547017
0.288641765075
0.282289312854
0.27739791531
0.273750612103
0.271140070956
0.269373874315
0.268277895726
0.267698026516
0.267500585066
0.267571754399
0.267817531793
0.268161927098
0.268545433763
0.268923030257
0.269262040111
0.269540053674
0.269743023722
0.269863585272
0.269899611019
0.26985299121
0.269724450881
0.269517175715
0.269236456924
0.268889386617
0.268484580681
0.268031908034
0.26754220707
0.267026972667
0.266498000761
0.265966982599
0.265445047925
0.264942265695
0.264467122277
0.264026009889
0.263622770766
0.26325835297
0.262930638974
0.262634504753
0.262362152224
0.262103729911
0.26184821668
0.261584495787
0.261302499464
0.260994268914
0.260654762423
0.260282264264
0.25987830171
0.259447060436
0.25899438464
0.258526535576
0.258048938864
0.257565160422
0.257076308409
0.256580971986
0.256075696083
0.255555878637
0.255016886254
0.254455133762
0.253868873525
0.253258495668
0.252626247962
0.251975431917
0.251309293028
0.250629952554
0.249937766182
0.249231389942
0.248508579813
0.247767423318
0.247007452292
0.246230081622
0.245438124755
0.244634632818
0.243821712368
0.243000021512
0.242169249235
0.24132925759
0.240481104857
0.239627209551
0.238770505687
0.237913224923
0.237056312794
0.236200015235
0.235345109729
0.234493561601
0.233647896886
0.232809944183
0.231980339829
0.231159328026
0.230347806172
0.22954722732
0.228758485458
0.227981381059
0.227215478443
0.226461012829
0.225718369717
0.224987061407
0.224266031311
0.223554686329
0.222852682045
0.222159005777
0.221472383619
0.220792141512
0.22011760313
0.219447552478
0.218781083731
0.218117634854
0.217456217317
0.2167960045
0.21613651839
0.215476898716
0.214816494198
0.214154852523
0.213491257229
0.212825363543
0.212156733072
0.211485056923
0.210810297367
0.210132366535
0.209451494683
0.208767802562
0.208081672546
0.207393291114
0.206702850888
0.206010201529
0.205315049999
0.204616688997
0.203914061985
0.20320586925
0.202490525283
0.201766293185
0.20103140064
0.200284026635
0.199522301166
0.198744383018
0.197948297203
0.197132025089
0.196293450454
0.195430537141
0.194541388548
0.1936249857
0.192684645976
0.191774697463
0.191602174981
0.202731103488
0.215259327148
0.207121621925
0.191619892375
0.237910242925
0.204964674504
0.216802911317
0.184184431956
0.221063400481
0.189820194501
0.19554561825
0.208307539253
0.193392255413
0.181739201318
0.200117703958
0.194706052687
0.179773885921
0.188698081531
0.197810051721
0.19751519413
0.188274897126
0.17921660116
0.181186301403
0.189086700755
0.190736682833
0.184030535771
0.17805661031
0.178751830424
0.182705529876
0.184508712318
0.182398584059
0.178516358221
0.176958030481
0.179018469248
0.180787633192
0.179226457707
0.176829913397
0.176868249372
0.1783295446
0.178617497002
0.177303071216
0.176164836035
0.176630973369
0.177427824592
0.17688979485
0.175917071817
0.176009933084
0.176544112425
0.176336654519
0.175649425546
0.175573116005
0.17592297614
0.175696095459
0.175236771842
0.17531605653
0.175436565278
0.175127050203
0.174893671873
0.175006149883
0.17490273013
0.174620839797
0.174619304041
0.174578955111
0.174336575317
0.174281373261
0.17421819699
0.174003843617
0.173951382177
0.173820782849
0.173647895377
0.173577596549
0.173384249411
0.173275306472
0.173113372618
0.172954276461
0.172805861411
0.172619795213
0.172461709766
0.172261722826
0.172082403047
0.171875375744
0.171665265491
0.171454868679
0.171211422927
0.170986295004
0.17072969835
0.17046171886
0.170197977687
0.169911415777
0.169603270331
0.169286293278
0.168961504581
0.168626612308
0.168288750085
0.167994482759
0.16797376105
0.169911443698
0.180528952795
0.188954446913
0.180710685896
0.192290145619
0.174748850839
0.183639301701
0.203509387157
0.18654745183
0.163813089254
0.189584856262
0.193199187777
0.164578094231
0.1720528302
0.19023786219
0.19803121527
0.195258317904
0.183512923501
0.169001988656
0.161887553701
0.168091070155
0.17819773133
0.181414674447
0.174897667669
0.165467104087
0.161267044657
0.16356050513
0.168065011063
0.170488798124
0.169233691594
0.165282752317
0.161580589048
0.161004127616
0.1634021394
0.165310293798
0.164245927205
0.161610515311
0.160457687794
0.161433120347
0.16269056518
0.162605923957
0.161273401436
0.160221488159
0.160553164844
0.161407533168
0.161287364307
0.160338491902
0.15994014193
0.16037926317
0.160669319706
0.16027182033
0.159746487122
0.159802780346
0.160101342805
0.159937073631
0.159530163982
0.159504035969
0.159672393184
0.159541671412
0.159260021964
0.159252487083
0.159316580286
0.159130668767
0.158973128719
0.159006024092
0.158932077167
0.158748350492
0.158709850307
0.158664398443
0.158498309212
0.158432903921
0.158364223458
0.158209438326
0.15813943629
0.158027786245
0.157889207181
0.157804241929
0.157650429126
0.157539381951
0.157396569303
0.15725357231
0.15711189096
0.156947552232
0.156794373009
0.156615930144
0.156443359066
0.156253663327
0.15605632849
0.155856530636
0.155632970327
0.155415186019
0.155176416964
0.154924376902
0.154670683177
0.154400548214
0.154111509043
0.15381093369
0.153500293039
0.153178375524
0.152848666362
0.152533368548
0.152368775257
0.153199925591
0.160749631227
0.154732530529
0.150960344489
0.150466863348
0.152808418911
0.15939453095
0.148989764572
0.159960355086
0.149210147161
0.155031476654
0.148099140005
0.152519782458
0.150192520978
0.148949791147
0.15185250228
0.146189302909
0.148766524483
0.147021192007
0.14533971498
0.147129047952
0.14526181827
0.14446869199
0.145534492621
0.144802158002
0.143674485313
0.143161676898
0.143375345062
0.144036770012
0.144083987679
0.144301633918
0.14319217991
0.142973520227
0.14326974623
0.146439450879
0.150336305486
0.170176835688
0.141946239006
0.195975201299
0.151693388716
0.172163576726
0.141167476519
0.168087518871
0.158239987564
0.143458417036
0.165156100197
0.158326377056
0.137544231518
0.153235702081
0.163618075141
0.146667538202
0.136535541394
0.145468828235
0.155585955428
0.15893005602
0.153997207339
0.144093987984
0.136446495554
0.137438673603
0.144426712333
0.149613669588
0.147853250109
0.141158543436
0.135938713759
0.135792091203
0.138941093016
0.141566520544
0.141414895619
0.138700339043
0.135728976419
0.135041563238
0.136774403536
0.138274138878
0.137517456067
0.135538518111
0.134731014817
0.135557930898
0.136469312099
0.136224454469
0.135130731051
0.134534506621
0.135015467415
0.135544944791
0.135179481912
0.134484826015
0.134447335783
0.134843855665
0.134846133299
0.134411045296
0.134191782294
0.13440502206
0.134477125437
0.134189489242
0.134015820542
0.134135374519
0.134152569097
0.133944112216
0.133833282964
0.133904144333
0.133854097029
0.133685242224
0.133658300138
0.133668043102
0.133547503246
0.133457896552
0.133457430608
0.133367713728
0.133270080648
0.133246684497
0.133155599773
0.133066823538
0.13302255679
0.132915875503
0.132844365567
0.132764266433
0.132658858387
0.132584887196
0.132469731554
0.132382446236
0.132265293153
0.132162519879
0.13203924492
0.131924161347
0.131789893756
0.13166399235
0.131516574648
0.131376763141
0.131219785399
0.131058347946
0.130894397412
0.130714114347
0.130528366123
0.130338421435
0.130136547946
0.129922162732
0.1296975217
0.12946322621
0.129218495025
0.128962680601
0.128696268517
0.128426618381
0.128217312013
0.128704496469
0.135438214083
0.148908954276
0.13027071042
0.163054114225
0.12649137318
0.148008970315
0.138348224899
0.130001976009
0.14177459119
0.125765613499
0.132843369159
0.140405964969
0.135410584531
0.125582367561
0.127417103947
0.134539513487
0.132833302808
0.125489744874
0.124584734399
0.128797152287
0.129896866379
0.126285716173
0.123484867118
0.125578294027
0.127360927908
0.124894159606
0.123197397997
0.124758699305
0.125537480706
0.123912742481
0.122959415504
0.124148868781
0.124206851761
0.122898991121
0.123022334765
0.123726461009
0.123162677222
0.122515068744
0.123017896441
0.123024243628
0.122378802149
0.12252941722
0.122734856601
0.122288319265
0.122189122019
0.122405412484
0.122096043348
0.121980131553
0.122113212523
0.1218692884
0.12179060295
0.121844177136
0.121619192205
0.121615609974
0.12155749894
0.12139534139
0.121411912037
0.12125217037
0.121207377899
0.121116314457
0.121006985182
0.120948405261
0.120816493541
0.120755281548
0.120619960852
0.120543354352
0.120413186668
0.120309787599
0.120193070972
0.120055072033
0.119947683846
0.119796240721
0.119657038208
0.119525272671
0.119363177158
0.119194200653
0.119033296167
0.118871621793
0.118705894933
0.118547538067
0.118460191667
0.118705790718
0.120529664005
0.126934615294
0.12522030639
0.117210072012
0.123659732658
0.119867121693
0.118794930723
0.122839117954
0.117141448742
0.118115394454
0.119648518721
0.116064377041
0.116612915973
0.117808947195
0.115759250346
0.115153582181
0.116774059207
0.11701029637
0.114582069055
0.114612818533
0.116167222493
0.115561505254
0.114621330967
0.113692762685
0.113242655925
0.112999704017
0.112858648809
0.112996604918
0.114430623093
0.123234399558
0.114847721182
0.111904475236
0.11588869807
0.117934141516
0.118929981223
0.112673607228
0.110767298644
0.112152963656
0.11572039462
0.124844605836
0.11020540166
0.128055242998
0.110888446181
0.120847579502
0.11073964624
0.116777950137
0.118675074138
0.108984017328
0.116735589541
0.1182394847
0.110065775004
0.11089267596
0.116012645196
0.112433314182
0.108189902412
0.110958518672
0.112951450315
0.10995955472
0.107969298678
0.110469955699
0.110415393371
0.10783663937
0.108793888666
0.109841717589
0.108182003515
0.107775559217
0.109004070232
0.108001195039
0.107513313032
0.108372318216
0.107722897606
0.107332725486
0.107952597479
0.107305874951
0.107300913245
0.107545128956
0.107003516666
0.107257322484
0.107114462896
0.106885843908
0.107083683984
0.106738560268
0.10687296453
0.106704813635
0.10663928673
0.106631520912
0.106462960067
0.106501227204
