0.975033465175
0.974958672143
0.974812860258
0.974599273538
0.974320669764
0.973979360264
0.97357724589
0.973115849508
0.972596345308
0.972019585214
0.971386122669
0.970696234033
0.969949937839
0.96914701212
0.96828701
0.967369273755
0.966392947505
0.965356988709
0.964260178621
0.963101131842
0.961878305116
0.960590005497
0.959234398019
0.957809512972
0.956313252925
0.954743399593
0.953097620661
0.951373476684
0.949568428164
0.947679842908
0.945705003792
0.943641117019
0.941485320997
0.939234695937
0.936886274281
0.934437052078
0.931884001405
0.929224083966
0.92645426594
0.923571534226
0.920572914149
0.917455488749
0.914216419724
0.910852970109
0.907362528767
0.903742636715
0.899991015342
0.896105596501
0.892084554465
0.887926339684
0.88362971425
0.879193788929
0.874618061578
0.869902456696
0.865047365818
0.86005368837
0.854922872567
0.849656955825
0.844258604124
0.838731149652
0.833078626008
0.827305800162
0.821418200318
0.815422138785
0.809324728892
0.803133895018
0.796858374776
0.79050771243
0.78409224271
0.77762306425
0.771112002029
0.76457155835
0.758014852097
0.751455546224
0.744907763717
0.738385992522
0.731904980245
0.725479619725
0.719124826865
0.712855412393
0.706685949461
0.700630639191
0.694703176442
0.688916618132
0.68328325651
0.6778144997
0.672520761714
0.667411363985
0.662494450177
0.657776915761
0.653264353502
0.648961015626
0.644869793057
0.640992211753
0.637328445747
0.633877346228
0.630636485609
0.627602215321
0.624769735807
0.622133177056
0.619685687863
0.617419531995
0.615326189363
0.613396460416
0.611620571987
0.609988283002
0.608488988573
0.607111821214
0.605845748095
0.604679663475
0.603602475676
0.60260318817
0.601670974559
0.600795247442
0.599965721313
0.599172469808
0.598405977715
0.597657188264
0.596917546248
0.596179037525
0.59543422539
0.594676284211
0.593899030526
0.593096951603
0.592265231106
0.591399771205
0.590497209984
0.589554932604
0.58857107413
0.587544511581
0.586474842366
0.585362346163
0.584207927492
0.583013036787
0.581779568997
0.580509740504
0.579205947703
0.577870613678
0.576506032905
0.575114227271
0.573696829336
0.572255009692
0.57078946374
0.569300468336
0.567788010396
0.566251978225
0.564692393603
0.563109651063
0.561504723639
0.559879294597
0.558235784255
0.556577259648
0.554907239356
0.553229430846
0.551547456119
0.549864627217
0.548183822716
0.546507490421
0.544837765692
0.543176657991
0.541526231442
0.539888698028
0.53826636108
0.536661391453
0.535075480148
0.533509469689
0.531963095968
0.530434948329
0.528922672827
0.527423329146
0.525933726069
0.524450568317
0.522970369632
0.521489263651
0.520002955515
0.518507003001
0.516997403926
0.515471233281
0.5139270017
0.512364582648
0.510784868
0.509189495704
0.507580846057
0.505962127927
0.50433716994
0.502709784643
0.501083053637
0.499459006488
0.497838731737
0.496222505112
0.494609682719
0.492998663869
0.491387284892
0.489773393915
0.488155137263
0.486531163289
0.484901226197
0.483266786396
0.481630832015
0.479997186205
0.478369848647
0.476751932628
0.475144223467
0.473544499073
0.471947723128
0.470346636081
0.468733142085
0.467099873802
0.465441014465
0.463752755009
0.462032833512
0.46027925205
0.458489060576
0.45665712783
0.454776114299
0.452837535754
0.450833633233
0.448759029106
0.44661113049
0.444389058263
0.442091529738
0.439715134993
0.437254248021
0.434702391942
0.43205387804
0.429304405898
0.426450065742
0.423485498709
0.420403787206
0.417198243468
0.413864530304
0.410401287495
0.406806845973
0.403078514554
0.399211779957
0.39521661181
0.391201248185
0.388785622427
0.413843228694
0.52151494752
0.503089064933
0.424441686651
0.463088699487
0.387548443178
0.429638098056
0.401124840968
0.413264436826
0.380082241964
0.376211425233
0.377759252346
0.369223004896
0.380635615821
0.355153511042
0.360594138564
0.346701556728
0.36972926566
0.34641124722
0.353767492647
0.341068552204
0.346969180248
0.342576672097
0.339291964104
0.337192216731
0.330097088069
0.332709900525
0.330987849069
0.327740017627
0.328252570534
0.321194462732
0.324254123695
0.317775394016
0.319124002098
0.317233671418
0.31286408148
0.315318964105
0.315848140875
0.308301510153
0.309984439354
0.312118630141
0.303577253299
0.302083245789
0.306406017603
0.30430718807
0.302350420653
0.296637446496
0.29413115868
0.294219887948
0.303271389437
0.321019839004
0.303896276324
0.291659822695
0.32256817517
0.284096865177
0.301035802957
0.279771892433
0.297864208456
0.283172403022
0.280617521661
0.289197592635
0.2759319732
0.281335067086
0.27704759096
0.272899030228
0.27771815534
0.269787844637
0.275059663478
0.267172470198
0.271554422257
0.267718619774
0.268728693025
0.265303169821
0.266042646943
0.264919908465
0.26507028545
0.261894239088
0.263044373507
0.261623108177
0.261525338093
0.25920772479
0.259993319925
0.258859442319
0.25747056978
0.257444231703
0.25661640056
0.255661606691
0.255227603373
0.254565010023
0.253261676947
0.252809391337
0.252086857692
0.25120062886
0.250987567356
0.251410913841
0.255153699681
0.26993026656
0.247646888473
0.26698052872
0.252579101023
0.256525074377
0.25138216054
0.245729548657
0.252706435989
0.242146457843
