1.5227633082
1.51537283195
1.50101662863
1.48013204819
1.45320255441
1.42080349848
1.38365612474
1.34268331972
1.29905599993
1.25421298257
1.20983214898
1.16773161924
1.12969285668
1.09722609306
1.07133424005
1.05235297082
1.03992921493
1.03314739518
1.03075266894
1.03139100416
1.03381876545
1.03701365199
1.04021348114
1.04289713113
1.04474062928
1.04556955976
1.0453180747
1.04394149526
1.04145329654
1.03791794613
1.03344847172
1.02820675015
1.02240389092
1.01629734691
1.01018077559
1.00436276707
0.999132191865
0.994711855038
0.991208298861
0.9885722084
0.986587337393
0.984902182005
0.98310624587
0.980834909185
0.977871177152
0.974207293483
0.970039328799
0.965692026196
0.961500548808
0.957695955733
0.954339766955
0.951329320283
0.948463693892
0.945537656052
0.942426436826
0.939132467675
0.935778416656
0.932546341348
0.92958331054
0.926917264642
0.924436544748
0.921959170552
0.919354587063
0.916628409318
0.913899475187
0.911287849665
0.908811674857
0.906380123576
0.903881188553
0.901282364227
0.898655190759
0.896101519514
0.893652328444
0.891248660944
0.888832317402
0.886434228361
0.884139895378
0.881979739857
0.879901292403
0.877857042425
0.875869600943
0.87397473422
0.872140923183
0.87030904781
0.868480976729
0.866688470528
0.864911224929
0.863113735885
0.861314699855
0.859535690769
0.857750444392
0.855952462314
0.854166842996
0.852380204859
0.850578459656
0.848782629413
0.846986089339
0.845183711855
0.843396809694
0.841616681274
0.839848767812
0.838099426631
0.836355437795
0.834624876715
0.832894209888
0.831166579852
0.829434766818
0.827698409755
0.825952801668
0.824196124616
0.822422758069
0.820633101796
0.818822117722
0.816992538545
0.815139059771
0.813259637198
0.811349881542
0.809400722022
0.807405844346
0.805358425773
0.803250259069
0.801073955348
0.798822718337
0.796492758361
0.794082440327
0.791608026114
0.789192185333
0.787849372531
0.79751798667
0.880331071384
0.980852079567
1.05112738343
0.923546359049
0.817632060035
0.962416580471
0.787559219063
0.857375046092
0.929443081725
0.926808164366
0.853265818332
0.776146074557
0.829764993657
0.912017200123
0.894590912241
0.80399343268
0.766462452578
0.801147155328
0.846570149027
0.875994417417
0.881184568443
0.862858559206
0.825841215215
0.783118245922
0.757309487147
0.766035240518
0.795632694756
0.810362071043
0.79430067661
0.765127761977
0.751463958307
0.759292837249
0.772979320061
0.777810339089
0.770095241918
0.755871007425
0.747330661123
0.751563493052
0.760052018264
0.759437509342
0.750091707239
0.744377749424
0.747281619336
0.751626246313
0.750517390999
0.74493441971
0.741840574561
0.744288098325
0.746185434664
0.74321016393
0.739980790068
0.740742593652
0.7422052658
0.740740946771
0.738164102199
0.738096806205
0.738958399439
0.737534829583
0.735816453393
0.736042787812
0.735972051441
0.734397684854
0.733595673728
0.733723412369
0.732677569014
0.731581175731
0.731447927081
0.730602149117
0.729516282887
0.729182640564
0.728203632
0.727279329524
0.726711181858
0.725549645148
0.724801269228
0.723791353358
0.722734419025
0.72179381128
0.72055571993
0.7195445142
0.718205302745
0.717055600336
0.715622356433
0.714302445195
0.712784767115
0.711239279149
0.709650670947
0.707867942075
0.706108649144
0.704219992113
0.702170082317
0.700065323374
0.697885841493
0.695579847627
0.693140834024
0.690627302287
0.688191886692
0.686813114069
0.691825724949
0.737333052954
0.681183531486
0.685845585129
0.728601140968
0.67962563641
0.750763679362
0.667867287735
0.714853393761
0.731625050673
0.657024961384
0.713335516004
0.71765473784
0.647787647575
0.692112832099
0.720048724415
0.699863336556
0.6536614904
0.644733399337
0.679718989365
0.690918060336
0.658983968921
0.635067019891
0.646532783923
0.66349160452
0.660159193144
0.640392929525
0.630720417971
0.642794260578
0.648223644752
0.634791595682
0.6278040682
0.635231970099
0.638222850799
0.630341255973
0.62499022123
0.629991799022
0.630859277293
0.624267132414
0.623476630081
0.626678624521
0.624384468759
0.620545884045
0.622201178295
0.62237486638
0.618892975104
0.618957453335
0.619719588062
0.61728481462
0.616279744699
0.616955966086
0.615066818512
0.614115074496
0.614305193662
0.612641969313
0.611926205319
0.611626891281
0.610035947527
0.609726502618
0.608616973137
0.607590138899
0.606937541773
0.60557536025
0.604935728375
0.603520934116
0.602742144109
0.601303503985
0.600367999043
0.598889416043
0.597781864342
0.596301769949
0.594901543754
0.593504056842
0.591811878142
0.590265453568
0.588625553288
0.586759189127
0.584860479919
0.582977605922
0.581044217997
0.579060577413
0.577248928516
0.576398694944
0.581761610845
0.608063028205
0.602508840233
0.564644357784
0.593319879086
0.574404477057
0.567447833494
0.58701048466
0.55906100618
0.558367398479
0.574330511681
0.560377275393
0.544097981936
0.562825185881
0.57897557517
0.539983197925
0.544677201389
0.576089434006
0.533559715819
0.585660735206
0.527878078134
0.563835777303
0.559994850518
0.522244130575
0.561647314645
0.533971893786
0.522458501092
0.545364438595
0.533922246818
0.511833912146
0.527338653562
0.527505717982
0.508639229678
0.517861491638
0.52060880956
0.506741373568
0.51067548631
0.514187489657
0.503379908993
0.507220238904
0.508457452217
0.500788577368
0.503963450047
0.503383357566
0.498312770596
0.501668057267
0.498466686409
0.496866178553
0.498306344379
0.49443432125
0.495886081335
0.493774179956
0.492879928622
0.492694450264
0.490661032993
0.490977974056
0.488739980246
0.489038627127
0.486942965239
0.486972203972
0.48508809014
0.484915696716
0.483145846432
0.482715739729
0.481201664113
0.480271717649
0.479294213918
0.477724981496
0.47687910337
0.475646364012
0.474011338779
0.472758210322
0.471665722163
0.470361752781
0.468970449345
0.467683099567
0.467345474104
0.470802701242
0.491674189716
0.464813443804
0.462475029032
0.481375009178
0.455193298478
0.4795217673
0.452471241607
0.469215318487
0.452027819832
0.463578791603
0.447482085103
0.458225447496
0.44474683757
0.455515305438
0.440838056193
0.449814588652
0.43893719491
0.444109834641
0.440009722514
0.436650468062
0.441008356607
0.433296744082
0.434174520849
0.434606234825
0.429046940064
0.429985017646
0.429570240046
0.425741378313
0.424359566931
0.425219006635
0.424696707591
0.422011132149
0.419597352656
0.417665273646
0.416138996643
0.415014080958
0.415780620303
0.425304730641
0.480814528138
0.418691848205
0.417451807007
0.465751449017
0.406432002425
0.475857603381
0.403293587587
0.452321683657
0.445891127299
0.400692895327
0.450518956633
0.41526773939
0.403047230968
0.432232342427
0.417972470374
0.391923122934
0.411693617013
0.426092812567
0.40177221969
0.390016194389
0.406525079929
0.416187689668
0.404044602527
0.388042435565
0.391580213405
0.402941501448
0.39829773891
0.386355879131
0.387859176974
0.395155892584
0.392552313175
0.384640163126
0.385616416227
0.390463845828
0.387066654559
0.382478665623
0.385104928582
0.386608257164
0.382832369489
0.381634115323
0.38402078458
0.382525597584
0.38031168529
0.381758885954
0.381446402605
0.379386465544
0.380150396004
0.380023126752
0.378385437457
0.378953457654
0.378508708606
0.377351826468
0.377806983629
0.376917786468
0.376416570897
0.376441425586
0.375445214951
0.375443470585
0.374765587061
0.374337950634
0.373975980545
0.373304217099
0.373018615596
0.372291832618
0.371945923569
0.371234122188
0.370769938492
0.370124360254
0.369474389508
0.368924530811
0.368118905215
0.367501751933
0.366786449417
0.365928923576
