0.988447123167
0.988037869713
0.987240218947
0.986072308942
0.984549784228
0.982686003809
0.980492233539
0.97797782388
0.975150374132
0.972015884294
0.96857889572
0.964842621754
0.960809069497
0.956479153839
0.951852804888
0.946929069847
0.94170621041
0.936181796675
0.930352798561
0.92421567566
0.917766466449
0.911000877715
0.903914375034
0.896502275088
0.88875984055
0.880682378218
0.872265341015
0.863504434356
0.854395727342
0.844935769067
0.835121710227
0.824951430029
0.814423668226
0.803538161863
0.792295786078
0.780698698006
0.768750482519
0.756456298161
0.7438230213
0.730859386066
0.717576117295
0.703986053231
0.690104254437
0.675948094945
0.661537331497
0.646894146484
0.632043160227
0.617011408318
0.601828280083
0.586525414762
0.571136552753
0.555697340286
0.540245087115
0.52481847825
0.509457242353
0.494201781082
0.479092765387
0.464170706342
0.449475509527
0.435046023099
0.420919590443
0.407131618582
0.393715173333
0.380700611522
0.368115259372
0.355983144656
0.3443247883
0.333157059079
0.322493092904
0.312342276124
0.302710290368
0.293599214743
0.285007679897
0.276931067369
0.269361747004
0.262289344791
0.255701033428
0.24958183803
0.243914949773
0.238682040753
0.233863573966
0.229439103018
0.225387556952
0.221687506353
0.21831740773
0.215255823962
0.212481619378
0.209974128762
0.207713300274
0.205679812839
0.203855169093
0.202221765393
0.2007629407
0.199463006402
0.198307259247
0.197281979656
0.196374417614
0.195572768311
0.194866139556
0.19424451282
0.193698699616
0.193220294682
0.192801627279
0.192435711696
0.192116197875
0.191837322889
0.191593863882
0.191381092881
0.191194733851
0.191030922175
0.190886166729
0.190757314603
0.190641518486
0.19053620668
0.190439055682
0.190347965228
0.190261035718
0.19017654786
0.19009294445
0.19000881411
0.189922876878
0.189833971484
0.189741044177
0.18964313894
0.189539388935
0.189429008975
0.189311288847
0.189185587235
0.189051325983
0.188907984413
0.188755093336
0.188592228407
0.1884190024
0.188235056004
0.188040046742
0.187833635702
0.187615471885
0.187385174218
0.187142311589
0.186886381677
0.186616789886
0.186332830229
0.186033670514
0.185718344571
0.185385754264
0.185034683579
0.184663826058
0.18427182513
0.183857324826
0.183419026159
0.182955742908
0.182466450266
0.181950321443
0.181406751019
0.180835369131
0.180236056035
0.179608970245
0.178954603175
0.178273867321
0.177568213452
0.17683975723
0.176091381873
0.175326778182
0.174550393405
0.173767288661
0.172982942554
0.17220306395
0.171433461829
0.170679955223
0.169948226692
0.169243502572
0.168570035119
0.167930523338
0.1673257075
0.166754300435
0.166213222643
0.165697967624
0.165202975361
0.164722066049
0.164249054735
0.163778508572
0.16330641209
0.162830570929
0.162350851983
0.161869392657
0.161390578362
0.160920430724
0.160465492367
0.160031704427
0.159623376058
0.159241981586
0.158885266387
0.158547569149
0.158221236598
0.157898568809
0.157574090114
0.157246170652
0.156917151884
0.156592278649
0.15627739156
