1.0, 0.906154122333
1.0, 0.899929149571
1.0, 0.902139046577
1.0, 0.897705477363
1.0, 0.915155868266
1.0, 0.889046351122
1.0, 0.894627862154
1.0, 0.894927893227
1.0, 0.890849181271
0.0, 0.887979284627
1.0, 0.860539276689
1.0, 0.714003800227
1.0, 0.837899511977
1.0, 0.800700455056
1.0, 0.866362681658
0.0, 0.822177300298
1.0, 0.778168686015
1.0, 0.698244072949
1.0, 0.87622989711
1.0, 0.784765908742
0.0, 0.855220205242
1.0, 0.591245319552
0.0, 0.787772881504
0.0, 0.712649992419
0.0, 0.432542816101
0.0, 0.653296148527
0.0, 0.720514218878
1.0, 0.837575240226
1.0, 0.866793483801
1.0, 0.912290110024
1.0, 0.907139158288
1.0, 0.883458540063
1.0, 0.870368299202
1.0, 0.870804418686
1.0, 0.873283323474
1.0, 0.896811694831
1.0, 0.882579209072
0.0, 0.891184777681
1.0, 0.853432861055
1.0, 0.748523277699
0.0, 0.853858926315
0.0, 0.788378037666
0.0, 0.638703722016
0.0, 0.709844964017
1.0, 0.530935199588
1.0, 0.755534753614
1.0, 0.826551439404
0.0, 0.818583297491
1.0, 0.594109359815
0.0, 0.727482960115
0.0, 0.698213081931
0.0, 0.457299125203
1.0, 0.763640045616
1.0, 0.810724501273
0.0, 0.881919331133
0.0, 0.87954953883
1.0, 0.771373391884
1.0, 0.719823581802
1.0, 0.733240572686
1.0, 0.822881367484
1.0, 0.887575304993
1.0, 0.870723812036
1.0, 0.8806479011
0.0, 0.904506884166
1.0, 0.875949528111
0.0, 0.745301237629
1.0, 0.810346627371
1.0, 0.779852939538
1.0, 0.874129168221
0.0, 0.803442996599
1.0, 0.801202319921
1.0, 0.768387742688
1.0, 0.837950296713
0.0, 0.763335748109
1.0, 0.641891948196
1.0, 0.694757167486
1.0, 0.847551057853
0.0, 0.736052987022
0.0, 0.411621466847
0.0, 0.0483093770619
1.0, 0.902024222088
1.0, 0.895556398992
1.0, 0.866541809368
1.0, 0.853975290781
1.0, 0.898777514863
1.0, 0.909080243767
0.0, 0.908288419443
1.0, 0.889118675542
1.0, 0.82265568684
1.0, 0.835914865173
0.0, 0.779315618693
1.0, 0.875461286294
1.0, 0.785376836461
0.0, 0.830643706453
1.0, 0.785046577095
1.0, 0.805243983044
1.0, 0.853288701579
1.0, 0.808597194041
0.0, 0.87275519524
0.0, 0.723317510907
1.0, 0.407850913215
1.0, 0.842913562996
0.0, 0.653588502184
1.0, 0.526411863209
1.0, 0.704469870628
1.0, 0.8212696853
1.0, 0.70145366991
1.0, 0.890292440289
1.0, 0.89241322527
0.0, 0.788971590574
0.0, 0.786851920836
1.0, 0.654089972967
1.0, 0.814465241306
1.0, 0.709434556556
1.0, 0.859026376635
1.0, 0.910706949426
1.0, 0.900883454027
1.0, 0.898753746317
1.0, 0.911496184149
1.0, 0.913128315617
1.0, 0.898291919185
1.0, 0.908254010019
1.0, 0.88508475605
1.0, 0.909618527547
0.0, 0.848924577931
1.0, 0.750671269139
0.0, 0.741838943942
1.0, 0.738102301875
0.0, 0.729891273383
1.0, 0.709144091664
1.0, 0.724136454267
1.0, 0.861800662948
1.0, 0.724311025274
1.0, 0.732069738479
1.0, 0.918560624231
1.0, 0.897162417371
1.0, 0.884380836943
1.0, 0.898755849106
1.0, 0.913119199053
1.0, 0.926035808286
1.0, 0.926221282828
1.0, 0.927504244716
1.0, 0.912090974472
1.0, 0.907073538819
1.0, 0.89298821855
1.0, 0.897757053307
1.0, 0.891662837195
1.0, 0.907022931773
1.0, 0.88807488469
1.0, 0.908563870052
0.0, 0.885837271378
1.0, 0.795980540173
1.0, 0.808750102712
1.0, 0.82565143196
1.0, 0.794679239603
0.0, 0.829249145708
0.0, 0.510226225693
0.0, 0.225572091913
0.0, 0.618083650009
0.0, 0.601430927875
1.0, 0.908462557853
1.0, 0.886195394827
1.0, 0.868553149715
1.0, 0.843010981467
1.0, 0.931007778151
0.0, 0.914317328765
1.0, 0.898095788319
1.0, 0.855816243429
1.0, 0.768463842809
1.0, 0.836888068084
1.0, 0.874876989345
0.0, 0.889330718082
1.0, 0.874741558534
1.0, 0.783204267554
1.0, 0.847902405518
1.0, 0.798683977798
1.0, 0.864383987821
1.0, 0.834709577799
1.0, 0.797388779876
1.0, 0.842219858371
1.0, 0.86600292309
1.0, 0.876473620444
1.0, 0.799270039059
1.0, 0.810149816704
0.0, 0.723393481784
1.0, 0.429453473821
1.0, 0.593878063034
1.0, 0.915842951251
1.0, 0.894895885335
1.0, 0.883993873546
1.0, 0.887213110956
0.0, 0.900815873474
1.0, 0.891790965976
1.0, 0.789376917872
1.0, 0.854394787357
1.0, 0.828989587634
1.0, 0.897376137609
1.0, 0.877045582121
1.0, 0.881815745842
1.0, 0.854875972809
1.0, 0.872976948758
0.0, 0.859212626355
0.0, 0.830186884753
1.0, 0.60680230551
1.0, 0.765703577786
0.0, 0.695664848189
1.0, 0.675469642403
0.0, 0.700559000791
1.0, 0.719385692915
1.0, 0.847467757614
1.0, 0.887542757159
1.0, 0.743543307764
1.0, 0.708640833628
0.0, 0.741392530825
1.0, 0.949003384903
1.0, 0.912101282748
1.0, 0.923262665627
1.0, 0.903494082598
1.0, 0.93359239509
1.0, 0.905963420948
1.0, 0.91244005242
1.0, 0.870981513021
1.0, 0.885503067512
1.0, 0.904136214252
1.0, 0.868677804029
1.0, 0.879247188628
1.0, 0.849695011103
1.0, 0.840724408791
1.0, 0.846838026405
1.0, 0.854435772089
1.0, 0.887017635113
1.0, 0.85645033713
1.0, 0.867789005357
1.0, 0.857954383448
1.0, 0.872568574728
1.0, 0.861292365987
0.0, 0.823721670544
0.0, 0.55475190671
1.0, 0.238456337169
0.0, 0.887794922579
0.0, 0.650686668537
1.0, 0.873421269093
0.0, 0.861555952409
1.0, 0.816398351824
0.0, 0.637112221581
1.0, 0.767160620504
1.0, 0.679345602815
1.0, 0.837197796091
1.0, 0.778773549887
0.0, 0.846861559118
1.0, 0.689311519474
0.0, 0.587708570721
0.0, 0.7520080208
0.0, 0.334359364321
1.0, 0.693816314833
1.0, 0.821185813884
1.0, 0.820803134749
1.0, 0.85233364787
1.0, 0.791047592993
1.0, 0.870271198211
1.0, 0.811802580677
1.0, 0.868298543326
1.0, 0.837114555159
1.0, 0.848069293646
1.0, 0.856285171013
0.0, 0.82398592873
1.0, 0.840748417912
1.0, 0.718273029021
1.0, 0.815476748546
1.0, 0.790195995994
1.0, 0.843924790301
1.0, 0.869360272341
1.0, 0.831145604435
1.0, 0.838011092066
0.0, 0.80924755259
0.0, 0.693478606588
1.0, 0.482316211807
1.0, 0.681967825972
1.0, 0.77498756109
1.0, 0.747785096345
1.0, 0.689879452595
1.0, 0.748492109714
1.0, 0.664925853992
1.0, 0.684012528378
1.0, 0.843385502512
0.0, 0.877450233528
1.0, 0.87992507436
1.0, 0.688129120287
1.0, 0.818322180103
1.0, 0.761134055986
1.0, 0.8736715989
1.0, 0.877814308349
0.0, 0.851513828794
0.0, 0.814625010425
1.0, 0.715318713952
0.0, 0.637703670508
1.0, 0.531775303732
1.0, 0.613237652672
1.0, 0.858119333765
1.0, 0.73840351032
1.0, 0.825091389497
0.0, 0.826430159478
0.0, 0.686614922278
0.0, 0.500281730049
1.0, 0.674267225529
1.0, 0.597379949628
0.0, 0.797197726963
0.0, 0.373346082151
1.0, 0.209959124116
1.0, 0.894795907567
0.0, 0.790412008961
1.0, 0.865937135149
1.0, 0.886841493069
1.0, 0.904248160096
1.0, 0.87112558746
1.0, 0.860985268584
1.0, 0.904710062928
1.0, 0.821619675216
1.0, 0.812495016651
1.0, 0.78908038133
1.0, 0.840037988888
1.0, 0.86268386262
1.0, 0.88324800533
0.0, 0.867552517883
1.0, 0.830538659714
1.0, 0.74519286902
1.0, 0.786272368231
1.0, 0.753094844923
1.0, 0.766295905776
0.0, 0.812977525346
0.0, 0.695190863803
0.0, 0.412142157635
1.0, 0.634253394565
1.0, 0.757185597853
0.0, 0.756663612531
1.0, 0.402438006963
0.0, 0.67847676045
1.0, 0.612176325719
1.0, 0.812761063057
1.0, 0.866597304401
0.0, 0.923669826656
1.0, 0.880876711442
1.0, 0.755165612052
1.0, 0.755621289289
0.0, 0.741995645319
1.0, 0.85256071648
1.0, 0.718540456625
1.0, 0.841835400603
1.0, 0.79247198688
1.0, 0.897988242622
1.0, 0.872263169908
1.0, 0.8513518155
1.0, 0.857153292322
1.0, 0.855844422971
1.0, 0.860816915027
1.0, 0.840358962687
1.0, 0.798431465118
1.0, 0.8432059914
1.0, 0.81382817837
0.0, 0.799760481537
0.0, 0.515863379118
1.0, 0.163024850503
1.0, 0.872075711564
1.0, 0.726522915101
0.0, 0.893728580596
1.0, 0.875654135734
0.0, 0.755320577877
0.0, 0.816147021711
1.0, 0.746224147826
0.0, 0.783548124994
1.0, 0.666501347311
1.0, 0.847366441374
1.0, 0.851067917873
1.0, 0.812659912768
0.0, 0.87379817718
1.0, 0.831536982705
1.0, 0.704076971586
1.0, 0.838225114846
1.0, 0.780323464522
1.0, 0.826029657096
1.0, 0.799362568547
0.0, 0.803724109773
0.0, 0.65658296628
0.0, 0.465876482979
0.0, 0.668098106348
0.0, 0.610253469702
0.0, 0.658906084543
1.0, 0.769896298119
1.0, 0.709814667265
1.0, 0.767373481421
0.0, 0.793041854233
1.0, 0.854707851879
1.0, 0.748327344954
1.0, 0.838647530958
1.0, 0.823253693714
1.0, 0.881925859144
1.0, 0.872269089887
1.0, 0.846683040133
1.0, 0.874730705027
1.0, 0.863377899913
1.0, 0.87213732717
0.0, 0.837528765462
1.0, 0.777655219625
0.0, 0.679242740301
1.0, 0.780379691758
1.0, 0.728398782317
1.0, 0.822435556615
0.0, 0.704951511123
1.0, 0.549924576745
0.0, 0.645444561358
0.0, 0.737382368677
1.0, 0.324577739962
1.0, 0.850810686722
0.0, 0.798954363941
1.0, 0.831762459791
1.0, 0.854127345816
1.0, 0.813052537459
0.0, 0.83134129883
1.0, 0.77077850208
0.0, 0.739515658896
0.0, 0.771688786341
0.0, 0.588211594943
1.0, 0.711796481935
1.0, 0.804350726112
1.0, 0.765157105349
0.0, 0.737139315591
0.0, 0.447369518105
0.0, 0.23745134812
0.0, 0.582451947188
1.0, 0.602933614221
1.0, 0.854221348701
1.0, 0.884530174105
1.0, 0.912986981648
1.0, 0.929342025657
0.0, 0.909795981161
1.0, 0.898878497666
1.0, 0.821208584489
1.0, 0.766965820489
1.0, 0.820001104697
1.0, 0.868695819371
1.0, 0.904768216962
1.0, 0.900790639711
1.0, 0.889163280204
1.0, 0.894490252744
1.0, 0.865283328398
0.0, 0.869590340462
1.0, 0.79561987867
1.0, 0.761796093464
1.0, 0.863346131455
0.0, 0.779322057169
1.0, 0.687492653092
1.0, 0.763834707929
0.0, 0.864550367484
1.0, 0.52058016956
1.0, 0.747430082774
1.0, 0.841636093763
1.0, 0.636393133699
0.0, 0.769755195398
1.0, 0.856207510746
0.0, 0.828057134053
1.0, 0.851646471957
1.0, 0.811855764138
1.0, 0.828415583088
1.0, 0.783037737521
1.0, 0.842295162452
1.0, 0.844753380315
1.0, 0.829640305078
1.0, 0.752680179949
1.0, 0.806744956041
1.0, 0.684802663717
0.0, 0.68677867263
1.0, 0.325840164924
1.0, 0.542880133492
0.0, 0.783452464389
0.0, 0.799768643166
1.0, 0.751517152944
1.0, 0.780570507661
0.0, 0.582517927051
1.0, 0.73515039266
1.0, 0.802862807338
1.0, 0.742551742664
0.0, 0.788232508933
1.0, 0.87204574258
1.0, 0.816036774869
1.0, 0.830819603765
0.0, 0.8164749556
1.0, 0.830345874967
1.0, 0.797881493227
1.0, 0.854846262641
1.0, 0.776571434573
0.0, 0.846297643921
1.0, 0.699562913936
1.0, 0.729175922177
1.0, 0.855056510416
1.0, 0.727990618888
1.0, 0.800081166813
1.0, 0.782329989397
1.0, 0.706978826909
1.0, 0.542126902557
1.0, 0.905492632297
1.0, 0.906825476616
0.0, 0.900441993085
1.0, 0.883290496859
1.0, 0.824022075889
1.0, 0.823869205065
1.0, 0.785929438783
1.0, 0.860949456155
1.0, 0.832996796035
1.0, 0.830105019487
1.0, 0.851522763255
1.0, 0.872725217916
1.0, 0.906355366724
1.0, 0.899399632985
1.0, 0.903785424324
1.0, 0.858850020703
1.0, 0.860546055324
1.0, 0.82307228609
0.0, 0.836122462812
1.0, 0.732608189042
0.0, 0.77238318053
0.0, 0.74332487591
0.0, 0.563998425048
1.0, 0.627549393536
1.0, 0.794527839069
1.0, 0.786623708827
1.0, 0.758781458076
1.0, 0.84702724421
1.0, 0.806697326473
1.0, 0.906450415668
0.0, 0.887417316656
1.0, 0.874623823535
1.0, 0.751228664611
1.0, 0.840932997879
1.0, 0.81328890698
1.0, 0.881424827636
1.0, 0.850405361693
1.0, 0.843106104707
1.0, 0.840029542149
1.0, 0.828081244506
0.0, 0.858471148258
1.0, 0.794575717318
1.0, 0.691951228444
1.0, 0.804481846426
1.0, 0.710830918666
1.0, 0.7476918627
1.0, 0.744921337021
0.0, 0.715394430094
1.0, 0.513210443568
0.0, 0.701603253777
1.0, 0.647232397277
1.0, 0.578156950335
1.0, 0.85342558843
0.0, 0.624809051265
0.0, 0.73061087744
1.0, 0.760222493548
1.0, 0.816055918902
1.0, 0.75797789655
0.0, 0.853961419072
1.0, 0.862021522426
1.0, 0.791746971421
1.0, 0.832372274972
1.0, 0.803183917277
1.0, 0.83703174802
1.0, 0.866553400439
1.0, 0.848851049793
1.0, 0.850796569893
1.0, 0.851511802887
1.0, 0.855978491176
1.0, 0.845850199183
1.0, 0.854761397975
1.0, 0.838419507063
1.0, 0.829276788306
1.0, 0.803492296476
1.0, 0.802524364861
1.0, 0.807399852982
1.0, 0.78887711618
0.0, 0.716922995941
0.0, 0.390944687393
0.0, 0.0633288776224
1.0, 0.596243526748
0.0, 0.817962233991
1.0, 0.873444502205
0.0, 0.849890861244
1.0, 0.85632542452
1.0, 0.82876751078
1.0, 0.870378570184
1.0, 0.861512846474
1.0, 0.932927801276
0.0, 0.910278358335
0.0, 0.875093241136
1.0, 0.726621426947
1.0, 0.775452385067
1.0, 0.7398578977
1.0, 0.844432661934
1.0, 0.859884652762
1.0, 0.896737655864
1.0, 0.827669152524
1.0, 0.815698120608
1.0, 0.84558754203
1.0, 0.884912106435
1.0, 0.86480072626
1.0, 0.835945516577
1.0, 0.82405232615
1.0, 0.744545168507
1.0, 0.585849801471
1.0, 0.624946141027
1.0, 0.918732694001
1.0, 0.898494689003
0.0, 0.892022769598
1.0, 0.896314904041
0.0, 0.793847534299
1.0, 0.839173285056
0.0, 0.848874645453
1.0, 0.853873020009
1.0, 0.835723363422
0.0, 0.840592460487
1.0, 0.783667064058
1.0, 0.802490925233
1.0, 0.8297960674
1.0, 0.79766544234
1.0, 0.840838438233
1.0, 0.839830833226
0.0, 0.807241575305
1.0, 0.805893991296
0.0, 0.769933871026
1.0, 0.783274326307
0.0, 0.719685106916
1.0, 0.742632690732
1.0, 0.689003701186
0.0, 0.862097112451
1.0, 0.429491355925
1.0, 0.720059462437
1.0, 0.862822812739
1.0, 0.827844449942
1.0, 0.893429310927
1.0, 0.892298516503
1.0, 0.849298363659
0.0, 0.839772271355
1.0, 0.84511774545
1.0, 0.780404306943
1.0, 0.843284794528
1.0, 0.802416005111
1.0, 0.882238144671
1.0, 0.838410535573
1.0, 0.832981226888
1.0, 0.858354844513
1.0, 0.764005779009
1.0, 0.780502089365
1.0, 0.856312945553
1.0, 0.851257644467
1.0, 0.871554409519
1.0, 0.686864381404
1.0, 0.807377847812
1.0, 0.626574525909
0.0, 0.758922403223
1.0, 0.554567398665
1.0, 0.689579712531
0.0, 0.864640144448
1.0, 0.429555969357
0.0, 0.537597168096
1.0, 0.898886577412
1.0, 0.858283506071
0.0, 0.825670788909
1.0, 0.795160441658
1.0, 0.738762598848
1.0, 0.812166435862
1.0, 0.788869886884
1.0, 0.889818931456
1.0, 0.834803403842
1.0, 0.840262851653
0.0, 0.833418325492
1.0, 0.851946375015
1.0, 0.758266904116
1.0, 0.797620847897
1.0, 0.799164708563
1.0, 0.822897620358
1.0, 0.86429038001
1.0, 0.823082518361
1.0, 0.856491155378
1.0, 0.835935600689
1.0, 0.807975465792
1.0, 0.802938195724
0.0, 0.781041224247
0.0, 0.42299792343
0.0, 0.106572297579
1.0, 0.590280969145
1.0, 0.800164065309
1.0, 0.891181402357
1.0, 0.869915358177
1.0, 0.88640321023
1.0, 0.819441865117
1.0, 0.823938059877
1.0, 0.752719382713
1.0, 0.816074577044
1.0, 0.815320961058
0.0, 0.838380917881
1.0, 0.815102356056
1.0, 0.740580372593
0.0, 0.834464527802
0.0, 0.804192650865
1.0, 0.68668791236
1.0, 0.697432277794
1.0, 0.743803879584
1.0, 0.803245621799
0.0, 0.848997313289
1.0, 0.720400249021
1.0, 0.702710527754
1.0, 0.838629197316
1.0, 0.756321894353
1.0, 0.788364608026
1.0, 0.707325028679
0.0, 0.745345687046
1.0, 0.29379748499
1.0, 0.88632072173
1.0, 0.87060427682
0.0, 0.880034742311
0.0, 0.853281886473
1.0, 0.739587851427
1.0, 0.682804906722
0.0, 0.75112754539
1.0, 0.821599899521
1.0, 0.729907523903
1.0, 0.776720229093
1.0, 0.7679864515
1.0, 0.798783731539
1.0, 0.85769161138
0.0, 0.841361263236
1.0, 0.820138804484
1.0, 0.702785840514
1.0, 0.841929304526
1.0, 0.805418012147
1.0, 0.849073469749
1.0, 0.806209909032
1.0, 0.807841524474
1.0, 0.729071668085
0.0, 0.800754240131
0.0, 0.4286126613
0.0, 0.216529619782
1.0, 0.593258097321
1.0, 0.879221764525
1.0, 0.837602069686
1.0, 0.860511953142
1.0, 0.702287210515
1.0, 0.718763393084
1.0, 0.76335756642
1.0, 0.829545886352
1.0, 0.854898138027
1.0, 0.826454663095
1.0, 0.873384074858
1.0, 0.832981522169
1.0, 0.827514265175
1.0, 0.803814898373
1.0, 0.870044846953
1.0, 0.858263379544
1.0, 0.837836686956
1.0, 0.846517645931
1.0, 0.837974590921
1.0, 0.800189501972
1.0, 0.772609053047
1.0, 0.739923116922
1.0, 0.777104490113
1.0, 0.761530545968
1.0, 0.760422738793
1.0, 0.654996156489
1.0, 0.631646181067
0.0, 0.59607589205
0.0, 0.331972481551
1.0, 0.898715454053
1.0, 0.909557668949
1.0, 0.888666473141
1.0, 0.831992938148
1.0, 0.814053014201
1.0, 0.897239868025
1.0, 0.87372224809
0.0, 0.897975770776
1.0, 0.843976317188
1.0, 0.732765317278
0.0, 0.818869584541
1.0, 0.791721307591
1.0, 0.729235345282
1.0, 0.835393525174
0.0, 0.809712483361
1.0, 0.79359634264
1.0, 0.74890531919
1.0, 0.841361855312
0.0, 0.743408171417
1.0, 0.680163123653
1.0, 0.665099541722
1.0, 0.823792930033
1.0, 0.724420613543
1.0, 0.724408878022
1.0, 0.674735628167
0.0, 0.571151207466
1.0, 0.890128856338
1.0, 0.867630971357
1.0, 0.872292725778
1.0, 0.865203884279
1.0, 0.901257153249
1.0, 0.898756933212
1.0, 0.895545228896
1.0, 0.894743932933
1.0, 0.902377874909
1.0, 0.888878205581
1.0, 0.891167653341
1.0, 0.85856330838
1.0, 0.871165360432
1.0, 0.84685379736
1.0, 0.885567338711
0.0, 0.83600683712
1.0, 0.800235192895
0.0, 0.74049874443
1.0, 0.775774443922
1.0, 0.790839298609
1.0, 0.873691224439
1.0, 0.752725032769
1.0, 0.744800066763
0.0, 0.693932159698
0.0, 0.416382049947
0.0, 0.150812981341
1.0, 0.903816204913
1.0, 0.907769466241
1.0, 0.885793023982
1.0, 0.863180911666
1.0, 0.905612453531
1.0, 0.906492967439
1.0, 0.907462524758
1.0, 0.907874140588
1.0, 0.894750092979
0.0, 0.889580169699
1.0, 0.892409499215
1.0, 0.853305287007
1.0, 0.849589552662
1.0, 0.825006236855
1.0, 0.900881233233
1.0, 0.88971834343
1.0, 0.886740087258
1.0, 0.864651077287
1.0, 0.890352251962
1.0, 0.903954789837
1.0, 0.858211332938
1.0, 0.773782185772
1.0, 0.78500279561
1.0, 0.845688198023
1.0, 0.742520888262
1.0, 0.813252869626
1.0, 0.740943702642
1.0, 0.776252832673
1.0, 0.667797025666
1.0, 0.779739771269
1.0, 0.888643389032
1.0, 0.863210364056
1.0, 0.884303369967
0.0, 0.881127353803
1.0, 0.886687312428
1.0, 0.799582966208
1.0, 0.777009079624
1.0, 0.820106980501
1.0, 0.909706801974
1.0, 0.88783497033
1.0, 0.908620909802
0.0, 0.873957516576
1.0, 0.81937490732
1.0, 0.776293129902
1.0, 0.850397214385
1.0, 0.790083589498
1.0, 0.853031155704
1.0, 0.795304847539
0.0, 0.855361065559
1.0, 0.556108782688
1.0, 0.762600576828
1.0, 0.847818124251
1.0, 0.683606937275
0.0, 0.847159777314
1.0, 0.809295871772
1.0, 0.863781676683
1.0, 0.862550245355
1.0, 0.818995098708
0.0, 0.905389485449
1.0, 0.868885638621
1.0, 0.80158895096
1.0, 0.867091407436
1.0, 0.833984349847
1.0, 0.921366123597
1.0, 0.934160676939
1.0, 0.91942183437
1.0, 0.872487268398
1.0, 0.857210571981
1.0, 0.863998512045
1.0, 0.873092752585
0.0, 0.876637844788
0.0, 0.709011906618
0.0, 0.455496627539
0.0, 0.593992228777
1.0, 0.634591730963
1.0, 0.869556772767
1.0, 0.821342715889
1.0, 0.813998015185
1.0, 0.90183576174
1.0, 0.755455307916
1.0, 0.905246746535
0.0, 0.902189595923
1.0, 0.780254846037
1.0, 0.846576314698
1.0, 0.830567526673
1.0, 0.83555147192
1.0, 0.914986261935
1.0, 0.88283290572
1.0, 0.892188500107
0.0, 0.889522702791
1.0, 0.886454964311
1.0, 0.839756361636
1.0, 0.836265846155
1.0, 0.802059335553
1.0, 0.899948864138
1.0, 0.864624481538
1.0, 0.901419062928
1.0, 0.888595368219
