1.38346008507
1.38329823645
1.382982698
1.38252047393
1.38191750961
1.3811787783
1.38030835933
1.3793095087
1.37818472261
1.37693579463
1.37556386711
1.37406947739
1.37245259923
1.37071268014
1.36884867482
1.36685907533
1.36474193827
1.36249490939
1.36011524593
1.35759983704
1.35494522268
1.3521476111
1.34920289537
1.34610666925
1.34285424247
1.33944065594
1.33586069706
1.33210891532
1.32817963862
1.32406699053
1.31976490871
1.31526716484
1.31056738646
1.30565908077
1.300535661
1.29519047545
1.28961683963
1.28380807183
1.27775753245
1.27145866732
1.26490505553
1.25809046186
1.25100889429
1.24365466667
1.23602246686
1.22810743053
1.21990522057
1.21141211222
1.2026250837
1.19354191225
1.18416127491
1.17448285379
1.16450744465
1.15423706808
1.14367508178
1.13282629242
1.12169706516
1.11029542857
1.09863117253
1.08671593604
1.07456328185
1.06218875452
1.04960991813
1.03684636993
1.02391972609
1.01085357596
0.997673401346
0.984406457934
0.971081616712
0.957729163954
0.944380559659
0.931068155574
0.917824875468
0.90468386193
0.891678095726
0.878839995314
0.866201005728
0.853791187251
0.841638815246
0.829770002933
0.818208358826
0.80697468984
0.796086759771
0.78555911102
0.775402955065
0.765626134535
0.756233156858
0.747225296617
0.738600761079
0.730354911075
0.722480527594
0.714968113299
0.707806217558
0.700981773693
0.694480437756
0.688286919239
0.682385295567
0.676759303877
0.671392605292
0.66626901862
0.661372721927
0.656688421826
0.652201491384
0.647898078436
0.643765186631
0.639790731913
0.635963577224
0.632273548185
0.628711432321
0.625268964087
0.621938797641
0.618714468886
0.615590347995
0.612561583247
0.609624036764
0.606774212505
0.604009176771
0.601326471468
0.598724020426
0.596200029259
0.593752879515
0.59138101813
0.589082843568
0.586856590331
0.584700213791
0.582611277485
0.580586845092
0.57862337922
0.57671664898
0.57486164798
0.573052524015
0.57128252139
0.569543936492
0.567828087268
0.566125297537
0.56442489801
0.562715247561
0.560983781011
0.559217093782
0.557401079495
0.555521144386
0.5535625323
0.551510805927
0.549352542651
0.547076314072
0.544674020913
0.542142638403
0.539486373088
0.536719113249
0.533866840469
0.530969337742
0.528080105293
0.525263015505
0.522584229325
0.520098791068
0.517833645689
0.515772483287
0.513851164782
0.511972055755
0.51003810406
0.507994308717
0.505854196463
0.503693105716
0.501609578301
0.499676954401
0.497912398185
0.496277419247
0.494705180244
0.493138578053
0.49156169817
0.490010649876
0.488554943045
0.487251781938
0.486098407216
0.485028474674
0.483975664115
0.482948738465
0.4820230472
0.481249100905
0.480593356905
0.479982703188
0.479388859064
0.478843725354
0.478365131224
0.47790287604
0.477404665198
0.476892826526
0.476403588544
0.475911024968
0.475382822915
0.474843961852
0.474317489676
0.473772681542
0.47319946024
0.472627455109
0.472047599804
0.471444861748
0.470847391457
0.470257421767
0.46966447289
0.469093794693
0.468536364934
0.467986560038
0.467451542357
0.466910680522
0.466375357593
0.465836271468
0.465299852954
0.464764440283
0.464230649307
0.463697762765
0.463164824309
0.462628452464
0.462091539268
0.461549000652
0.461002596513
0.460444502144
0.459872472751
0.459287218918
0.458686800499
0.458071414589
0.457440417627
0.456792804875
0.456127140961
0.455442513956
0.454740280632
0.454035837447
0.453468612187
0.454402027876
0.465252973569
0.533525901342
0.561135844132
0.565909719842
0.559899323795
0.53862563277
0.505353639074
0.529471769113
0.552232101018
0.54456815206
0.496967250946
0.467561162773
0.474514403448
0.462346868193
0.482109451532
0.483390392064
0.480996795571
0.500441131884
0.499620745346
0.479735172659
0.47036225241
0.483340504463
0.453996158211
0.460308396002
0.454979590662
0.443579095481
0.45514147896
0.452667287662
0.450590130434
0.455829662668
0.454093148415
0.446189104412
0.447234752688
0.442736549503
0.440928344619
0.443285896989
0.440101583762
0.445053642759
0.440870453812
0.441826883198
0.437099340988
0.43851685401
0.435874989139
0.436942313682
0.435399193429
0.436343304372
0.434426517844
0.433753769497
0.432601709729
0.431192980446
0.431910144346
0.430614417468
0.429825091762
0.429628973908
0.428448880414
0.427533885914
0.427076472934
0.426700462828
0.426443381721
0.426482066968
0.430241396928
0.430875112849
0.449385101629
0.436106577832
0.46917475332
0.435769297855
0.456225967897
0.44607562315
0.425517219143
0.457309071388
0.42573995571
