1.3667221004
1.36669754774
1.36664967285
1.36657952453
1.36648798503
1.36637578363
1.36624350864
1.36609161818
1.36592044969
1.36573022841
1.36552107484
1.36529301131
1.3650459677
1.36477978651
1.36449422717
1.3641889698
1.36386361836
1.36351770333
1.36315068395
1.36276194998
1.36235082314
1.36191655819
1.36145834362
1.36097530222
1.36046649122
1.35993090228
1.35936746132
1.35877502802
1.35815239534
1.35749828874
1.35681136539
1.35609021323
1.35533334999
1.35453922212
1.35370620375
1.35283259561
1.35191662398
1.35095643976
1.34995011756
1.34889565496
1.34779097196
1.3466339106
1.34542223493
1.34415363117
1.34282570842
1.34143599971
1.33998196358
1.33846098636
1.33687038504
1.33520741104
1.33346925487
1.33165305181
1.32975588877
1.32777481252
1.32570683935
1.32354896639
1.32129818479
1.31895149489
1.31650592361
1.31395854433
1.31130649928
1.30854702492
1.30567748023
1.30269537825
1.29959842102
1.29638453791
1.29305192747
1.28959910279
1.28602494008
1.28232873039
1.27851023385
1.27456973577
1.27050810391
1.26632684534
1.26202816162
1.25761500025
1.25309109992
1.24846102672
1.24373019806
1.23890489015
1.23399222503
1.22900013218
1.22393727988
1.21881297133
1.21363700062
1.2084194644
1.20317052604
1.1979001306
1.1926176709
1.18733160778
1.18204905097
1.17677531034
1.17151343188
1.16626373668
1.16102338544
1.15578599477
1.15054133452
1.14527513729
1.13996905185
1.1346007713
1.12914436426
1.12357083275
1.11784891472
1.11194614088
1.10583014501
1.09947021442
1.09283904992
1.08591468371
1.07868247664
1.07113708306
1.06328423395
1.05514214949
1.04674235933
1.0381296942
1.02936123397
1.02050407451
1.01163192723
1.00282079497
0.994144255647
0.985669166663
0.97745276831
0.969542072508
0.961975955099
0.954789521218
0.94801928098
0.941706875956
0.935899047311
0.930642562771
0.925974767002
0.921912550937
0.918443795323
0.91552492736
0.91308611504
0.911042686296
0.909308941494
0.907809735775
0.90648637808
0.905295975981
0.904206183155
0.903189078506
0.902217741721
0.901267015196
0.900317053296
0.899356292769
0.898380807149
0.897389612318
0.896378691467
0.895337926341
0.894253410378
0.893113732589
0.891915654405
0.890664923448
0.889371963198
0.88804661983
0.886696628304
0.885329852442
0.883955396049
0.882579945581
0.881202868248
0.879817223919
0.878417106985
0.877002705467
0.875577314829
0.874142402916
0.872698401417
0.871247049413
0.869788501217
0.868319242813
0.866837790566
0.865349020639
0.863859214291
0.862371972062
0.860889716049
0.859411707055
0.85793346908
0.856453614009
0.854974327473
0.853497211053
0.85202454643
0.850557271747
0.849095451471
0.847641217097
0.846194055985
0.844751027085
0.843307245189
0.841859184103
0.840407038183
0.838951088698
0.837490928992
0.836024465102
0.834549750492
0.833062757787
0.831558190118
0.83003190095
0.828481527068
0.826904420156
0.825296195707
0.823652285862
0.821967503092
0.820235797171
0.818452299802
0.816612424139
0.814710533977
0.812741761095
0.81070072536
0.808583542609
0.806393983815
0.80420332094
0.802774031676
0.811247194228
0.921972026138
0.882641581129
0.839806509542
0.799673123692
0.807807232581
0.874043994269
0.791502518248
0.808126044633
0.859744496866
0.800008971912
0.87169206821
0.815820037482
0.828474034417
0.843780855534
0.779960054668
0.8404751359
0.786241270583
0.788212504658
0.813992478928
0.764307032231
0.796191203404
0.806630709294
0.758857707155
0.785472397845
0.787662696409
0.754619061677
0.776015689299
0.771067883889
0.75253465515
0.771388640626
0.75713259018
0.75433781651
0.762154371728
0.746823644499
0.756943399296
0.748860408739
0.748873431309
0.750398241303
0.743265625025
0.748605872531
0.740629394156
0.745341197322
0.739530515278
0.741899031825
0.738398371576
0.738829919274
0.736434052306
0.736517627146
0.734321938686
0.734601269546
0.731778060878
0.73256353139
0.729297102854
0.730402228269
0.727235691202
0.727511604914
0.725574227229
0.72417323825
0.724011146174
0.721686050938
0.720600264911
0.720210374005
0.718547367351
0.716525807093
0.714981980726
0.713917224636
0.713480938789
0.715202732709
0.724774263764
0.750990333823
0.824348379006
0.712973340897
0.829739224103
0.708345567122
0.798471383479
0.758400670358
0.727804819347
0.767157516787
0.699760131698
0.736035975087
0.762778906227
0.707300009784
0.70604797906
0.740658392197
0.71384290982
0.689234932685
0.713443366432
0.7166651248
0.69133344143
0.693393643657
0.708667696581
0.693695502069
0.685436756173
0.69800801381
0.692301487544
0.682657607422
0.691981656811
0.687440249105
0.681353066363
0.688055539613
0.682741132796
0.68037325232
0.684338985262
0.678375463703
0.680582484092
0.679717164698
0.676588474762
0.679096955678
0.67519806747
0.676729699872
0.674797526713
0.67428076603
0.673826661266
0.672467714923
0.672429638349
0.670978454653
0.670632949332
0.669703531049
0.668585470611
0.668432024992
0.666643423687
0.666422879111
0.665401207989
0.663874267879
0.663301668758
0.662573052607
0.661208815413
0.659711219193
0.658378761483
0.6571708456
0.656117232193
0.65586319764
0.660445251618
0.692250151526
0.66909568035
0.649494464605
0.656557930536
0.67358904351
0.687386901995
0.662716440133
0.64418315032
0.642459251469
0.644634556851
0.668256196552
0.707366847829
0.649957929703
0.645875254669
0.690006648
0.631238740544
0.67361812233
0.638886791709
0.656666948532
0.636575514547
0.648794048994
0.63567529851
0.641449798304
0.629913008379
0.638005307659
0.625194133455
0.638088051863
0.616256832083
0.634116292181
0.613750762482
0.627734804697
0.618418887505
0.6142144837
0.624057271182
0.610553258922
0.611956985756
0.616871364043
0.607047648354
0.6058777915
0.611709583074
0.608794073493
0.601403557934
0.600329416825
0.604762079275
0.61001373104
0.615892465716
0.611744007743
0.612116007877
0.608010946152
0.615110114412
0.6288172944
0.676211521561
0.590679296586
