1.10413143436
1.10405238062
1.10389824769
1.10367243673
1.10337782315
1.10301679948
1.10259131381
1.10210290432
1.10155273014
1.10094159892
1.10026999146
1.09953808357
1.09874576557
1.09789265946
1.09697813421
1.09600131923
1.09496111618
1.09385620941
1.0926850751
1.09144598925
1.09013703471
1.08875610732
1.08730092134
1.08576901422
1.0841577509
1.08246432765
1.08068577574
1.07881896475
1.07686060595
1.07480725565
1.07265531866
1.07040105205
1.06804056927
1.06556984467
1.06298471879
1.06028090422
1.05745399246
1.05449946176
1.05141268612
1.04818894568
1.04482343855
1.04131129439
1.03764758982
1.03382736591
1.0298456479
1.02569746742
1.02137788734
1.01688202954
1.01220510567
1.00734245125
1.00228956321
0.997042140945
0.99159613126
0.985947777009
0.980093669723
0.97403080609
0.967756648263
0.961269187836
0.954567013233
0.947649380132
0.940516284447
0.933168537192
0.925607840431
0.917836863315
0.909859317012
0.901680027143
0.893305002138
0.884741495698
0.875998061385
0.867084597187
0.858012377767
0.848794072019
0.839443743562
0.829976831818
0.820410111511
0.810761628678
0.801050611642
0.791297355939
0.781523082776
0.771749771392
0.761999966479
0.75229656282
0.742662570181
0.733120862518
0.723693916444
0.714403544678
0.705270630888
0.696314872689
0.687554539787
0.679006254083
0.670684798135
0.662602957652
0.654771402663
0.64719861079
0.639890834621
0.632852113695
0.626084330053
0.619587304892
0.61335893247
0.607395346328
0.601691111994
0.596239439692
0.591032410311
0.58606120776
0.581316351121
0.576787920377
0.572465770136
0.568339726531
0.564399763302
0.560636154003
0.55703959821
0.553601320508
0.55031314198
0.547167524718
0.544157590686
0.54127711694
0.5385205098
0.535882761057
0.533359389628
0.530946372316
0.528640067382
0.526437134589
0.524334455159
0.522329054764
0.52041803223
0.518598496121
0.516867510792
0.515222052919
0.513658978933
0.512175003265
0.510766686827
0.509430434798
0.508162502488
0.506959007882
0.505815949382
0.504729227259
0.503694667409
0.502708046128
0.501765114781
0.500861623448
0.499993342807
0.499156083709
0.49834571409
0.497558173032
0.496789481908
0.496035752701
0.49529319367
0.494558112628
0.493826918187
0.493096119369
0.49236232404
0.491622236706
0.490872656204
0.490110473933
0.48933267326
0.488536330825
0.487718620481
0.486876820639
0.48600832581
0.485110663086
0.48418151426
0.483218744124
0.48222043527
0.481184929381
0.480110874495
0.478997277145
0.477843557434
0.476649604274
0.475415827037
0.47414319903
0.472833287649
0.47148826592
0.470110900764
0.468704514583
0.467272918707
0.465820319321
0.464351198152
0.462870170853
0.461381825802
0.459890545941
0.458400318617
0.456914545058
0.455435872127
0.453966080006
0.452506061971
0.451055917995
0.449615151016
0.448182914156
0.446758230059
0.445340109487
0.443927538139
0.442519357106
0.441114099288
0.439709840123
0.438304088287
0.43689371796
0.435474953177
0.434043436951
0.43259440672
0.431122940759
0.429624191165
0.428093543452
0.426526723464
0.424919904284
0.423269796024
0.421573639269
0.419829095837
0.418034139589
0.416186995519
0.414286051311
0.412329733268
0.410316452812
0.408244583663
0.406112334745
0.403917618663
0.401658022645
0.399330784302
0.396932855556
0.394461071967
0.391912197813
0.389282930531
0.38656979098
0.383768813378
0.380875149868
0.377882503024
0.374782711315
0.371565536027
0.36821882189
0.364728908038
0.361081577367
0.357263964357
0.353267784153
0.349093319241
0.344752872344
0.340270207823
0.335671280715
0.330968786979
0.32615094095
0.321187926803
0.316055729464
0.310758225713
0.305345716088
0.299916577298
0.294611289386
0.289630083812
0.286689768089
0.305799721636
0.281138853232
0.272088757396
0.267418038525
0.266812958677
0.280585223253
0.257135282603
0.281791624229
0.272763749688
0.276627273352
0.250385303604
0.27517545668
0.248255684746
0.264942949997
0.256139786109
0.237640287207
0.259345931459
0.243466275312
0.236416032527
0.247547344466
0.247405076747
0.2351993481
0.230289164611
0.240411700436
0.237787080963
0.227233690788
0.229166015383
0.233607629351
0.231605039066
0.225243715016
0.224306114439
0.228391696359
0.224270237734
0.221605435341
0.223994954793
0.223380403678
0.219909146133
0.220461650923
0.221054097878
0.218001540385
0.218389769892
0.218553172825
0.216350626712
0.216118397884
0.216081953943
0.214174107453
0.214407563688
0.213372077429
0.212171468712
0.212116982381
0.210494629193
0.210264397421
0.208868790736
0.208256214996
0.206878857287
0.206048128872
0.204547788823
0.203587217285
0.201789705048
0.200464392722
0.198763278402
0.19681210461
0.195137125708
0.193367070881
0.191419953095
0.189382170259
0.187334859026
0.185252215688
0.183112312825
0.180913217842
0.178790862511
0.17820367902
0.195427958576
0.263880174229
0.26464485803
0.175589384993
0.382254769242
0.270457036774
0.406308652211
0.452510777759
0.464971281926
0.462362254812
0.449844431384
0.429960605018
0.401214027106
0.361852068426
0.329808101601
0.320599084263
0.341868039737
0.358007464317
0.329753600936
0.268082371031
0.232867224215
0.232930407259
0.246284440583
0.260747059954
0.268420942946
0.264265632043
0.248269156273
0.227401514329
0.214027284506
0.217289724746
0.228206054385
0.230923596399
0.216886007049
0.196280958101
0.185435593286
0.186969390515
0.192674628874
0.196026938975
0.195035008623
0.190184360409
0.183533412192
0.178477501187
0.17835249856
0.181544387639
0.181267380802
0.175654130825
0.170642390906
0.169501898741
0.169870683912
0.168900949583
0.166012275604
0.163051484271
0.162142673995
0.162426836119
0.161135497458
0.158448721033
0.15696909802
0.156719434352
0.155687388524
0.153853882684
0.153216305154
0.153198069893
0.151809622387
0.151015260727
0.150913664894
0.149833443283
0.149224400538
0.149034118579
0.148095213357
0.147886345079
0.14728765622
0.146589368039
0.14619410755
0.145323669763
0.144920976065
0.144143295227
0.143713965738
0.142997831384
0.142521921561
0.141792757675
0.141274973999
0.14053383186
