1.0883512445
1.08828235315
1.08814803967
1.08795127853
1.08769459059
1.08738008006
1.08700946785
1.08658412164
1.08610508273
1.08557309026
1.0849886028
1.08435181773
1.08366268848
1.08292094001
1.08212608246
1.0812774235
1.08037407914
1.0794149835
1.07839889742
1.07732441628
1.07618997684
1.07499386358
1.07373421437
1.07240902565
1.07101615734
1.0695533374
1.06801816622
1.06640812101
1.06472056013
1.06295272753
1.06110175747
1.05916467947
1.05713842366
1.05501982673
1.0528056383
1.05049252821
1.04807709443
1.04555587203
1.04292534314
1.04018194806
1.03732209762
1.03434218702
1.03123861107
1.0280077811
1.02464614367
1.02115020103
1.01751653361
1.01374182451
1.00982288618
1.00575668921
1.00154039338
0.997171380997
0.992647292336
0.987966063351
0.983125965368
0.978125646685
0.97296417583
0.967641086197
0.962156421684
0.956510782876
0.950705373239
0.944742044673
0.938623341691
0.93235254337
0.925933702146
0.919371678397
0.912672169713
0.905841733641
0.898887802691
0.891818690318
0.884643586676
0.877372542918
0.870016442994
0.862586962016
0.855096510472
0.847558163874
0.839985577722
0.832392888076
0.824794598449
0.81720545419
0.80964030603
0.802113964903
0.794641050656
0.787235837615
0.779912100338
0.772682963075
0.765560756601
0.75855688602
0.751681712983
0.744944455436
0.738353107558
0.731914381975
0.725633675664
0.71951506024
0.713561296558
0.707773872831
0.702153064777
0.696698015694
0.691406833868
0.686276704366
0.681304011989
0.676484472098
0.671813266013
0.667285177834
0.662894729714
0.658636312931
0.654504312374
0.650493222393
0.646597752307
0.642812920104
0.639134133173
0.635557255122
0.632078657896
0.628695258618
0.625404540678
0.622204558751
0.619093927596
0.616071794643
0.613137796637
0.610292000883
0.607534831989
0.604866985411
0.602289329573
0.599802798779
0.597408279649
0.595106494193
0.592897882968
0.590782491993
0.588759867039
0.586828958796
0.584988041959
0.583234650684
0.581565532075
0.579976618434
0.578463018038
0.577019023236
0.575638133783
0.574313092666
0.573035931168
0.571798019784
0.570590121728
0.569402446271
0.568224700002
0.567046135372
0.565855597572
0.564641573028
0.563392245686
0.562095571
0.560739382374
0.559311550983
0.55780022764
0.556194204577
0.55448344494
0.552659836339
0.550718227064
0.548657790159
0.546483714772
0.544209120227
0.541856893316
0.539460837614
0.537065117325
0.534720627514
0.532477011886
0.530370217642
0.52840828913
0.526562085928
0.52477002407
0.522962145674
0.521096675425
0.519188423236
0.51730723054
0.51554318359
0.513960091129
0.512566859727
0.511321523772
0.510160567225
0.509034175834
0.507929036389
0.506867693103
0.505883560093
0.50498488586
0.504135391641
0.503275369475
0.502370294324
0.501436050928
0.500509865002
0.499601698614
0.498683341163
0.497723212449
0.496722861166
0.495712573049
0.494711014699
0.49370201689
0.492665486374
0.491615466844
0.490579630553
0.489556892474
0.48852812139
0.487494695692
0.486470694344
0.485445772574
0.484397892176
0.483329279717
0.482243586976
0.481122861875
0.47996070278
0.478764908122
0.477525033704
0.476235421222
0.474904277257
0.473521821282
0.472084401243
0.470591240432
0.469027383565
0.467392170022
0.465674238451
0.463867087485
0.461963676989
0.459955307145
0.457838523294
0.455605816828
0.453252731709
0.450774614494
0.448170038336
0.445442364413
0.442593410846
0.439634013071
0.43657171402
0.433406532962
0.430136901348
0.426753527742
0.423251600533
0.419633131369
0.41590676193
0.412091410689
0.408215014441
0.404443482058
0.402119208449
0.414870526925
0.52293622518
0.56262947774
0.569443252725
0.56286984175
0.543633351887
0.509456752267
0.465868798402
0.535635169195
0.440094900104
0.428877313672
0.439058390226
0.386019846713
0.538928217509
0.418455046759
0.48558582703
0.50351615953
0.484976596247
0.421911285166
0.400895507345
0.438162960594
0.365439645841
0.392013934826
0.411467697431
0.41290410914
0.399516470455
0.378417882778
0.369200115789
0.389692848445
0.408574660566
0.400288087856
0.375702531924
0.362748572894
0.365240924709
0.371759601627
0.373967915795
0.369229327635
0.358753081884
0.348323976639
0.346576570088
0.353458088771
0.354549479821
0.34615781705
0.341086607063
0.343459242
0.346364481921
0.344960754729
0.340429277144
0.338344952828
0.340791071365
0.341060940595
0.337235949786
0.335520453236
0.336460395877
0.335933521793
0.333244995809
0.331833252497
0.332502555906
0.331411817521
0.329454245634
0.329404477363
0.329063763762
0.327331386148
0.326558972309
0.326152791164
0.32445045879
0.323697324672
0.322868925726
0.321348178534
0.320702274371
0.319318399925
0.318187073987
0.31705453397
0.315568056981
0.314469379479
0.312860428136
0.311608542436
0.30990961426
0.308444126003
0.306707413135
0.304943299398
0.303234669346
0.301194120378
0.299230950256
0.297219857426
0.294980625566
0.292611497576
0.290204685919
0.287746099376
0.285280884318
0.283263431578
0.284233886051
0.30754836654
0.274098511599
0.296736698459
0.299868100487
0.289743434416
0.30315165755
0.265642465867
0.284214468834
0.294344165353
0.258825145087
0.282390830281
0.2812759709
0.252141827702
0.276717903765
0.281410532125
0.25780532156
0.246123092628
0.268704309386
0.262944391207
0.241570562699
0.248512037577
0.257834942681
0.25101792561
0.238464512793
0.242800660928
0.248776111374
0.237746177354
0.23674313092
0.242145527864
0.23868427906
0.23287953243
0.236713869643
0.235883320539
0.231021008953
0.233663214494
0.232995736819
0.229208163551
0.231151588071
0.229657075215
0.227611667535
0.228950559503
0.226657634322
0.226177118921
0.226134963629
0.22418069542
0.224696615154
0.222867268381
0.222816310575
0.221570499617
0.221012158422
0.220115387102
0.21929438755
0.218354939922
0.217656138493
0.216469889642
0.21593447503
0.214531470226
0.213807467116
0.212752823466
0.21144766849
0.210539091724
0.20946311425
0.208125373941
0.206780842442
0.205549204143
0.204395719148
0.203389614584
0.20338412314
0.207013448614
0.233677658935
0.196914477664
0.234508278637
0.221105062519
0.22056796231
0.217955992056
0.190979479108
0.20285195582
0.188890379388
0.19989608029
0.190026724628
0.18984185556
0.192864505791
0.182703483072
0.191149484821
0.184070506325
0.182099895657
0.186013485132
0.179311008354
0.181025114564
0.180538792816
0.176816348016
0.179620055569
0.175448459262
0.176724875783
0.175092694978
0.174085557807
0.174395089275
0.172025118948
0.173154812619
0.170740155404
0.171582337122
0.169520053663
0.170198324943
0.168335307189
0.168710295819
0.167147808017
0.167359101246
0.166010804958
0.165854189689
0.164941615874
0.164229679068
0.163908481955
0.162796331697
0.162376356091
0.161869433532
0.160800585929
0.160056498247
0.159609603514
0.159032300274
0.158437889362
