1.18936523915
1.18881465933
1.18774144235
1.18616977169
1.18412038438
1.18161085864
1.17865587801
1.17526747395
1.17145524849
1.16722657892
1.16258680633
1.15753940978
1.15208616782
1.14622730915
1.13996165401
1.13328674793
1.12619898951
1.11869375352
1.11076551116
1.10240794858
1.09361408538
1.08437639431
1.07468692367
1.0645374236
1.05391947771
1.04282464121
1.03124458661
1.01917125837
1.00659703709
0.993514914352
0.979918678692
0.965803113085
0.951164204096
0.935999362368
0.920307653753
0.904090039858
0.887349626211
0.870091915541
0.852325062937
0.834060128825
0.815311324814
0.796096246555
0.776436086876
0.756355821567
0.735884359464
0.715054647905
0.693903724283
0.672472704431
0.650806698984
0.628954649722
0.606969079372
0.584905750335
0.562823230405
0.54078236672
0.518845672759
0.497076637137
0.475538966952
0.454295782367
0.433408782571
0.412937406076
0.392938010154
0.373463094898
0.35456059674
0.336273274247
0.318638205719
0.301686413663
0.285442625939
0.26992517758
0.25514605141
0.24111104998
0.227820086394
0.215267577614
0.203442920967
0.192331032928
0.18191292887
0.172166323148
0.163066230503
0.154585552109
0.146695632388
0.13936677573
0.132568715299
0.126271028989
0.120443500196
0.115056423276
0.11008085539
0.105488817796
0.101253450661
0.0973491260555
0.0937515241388
0.0904376775798
0.0873859891324
0.0845762270071
0.0819895023011
0.0796082323207
0.0774160931719
0.0753979645387
0.0735398691275
0.0718289088472
0.0702531994202
0.0688018047855
0.0674646723677
0.0662325700316
0.0650970253315
0.064050267489
0.0630851723852
0.0621952107379
0.0613743995391
0.0606172567561
0.0599187592433
0.0592743037694
0.0586796710357
0.0581309925403
0.057624720131
0.0571575980798
0.0567266375158
0.0563290930465
0.0559624414091
0.0556243619947
0.0553127190954
0.0550255457362
0.054761028957
0.0545174964217
0.0542934042402
0.0540873258958
0.0538979421799
0.0537240320433
0.0535644642819
0.053418189979
0.0532842356365
0.05316169693
0.053049733031
0.0529475614425
0.0528544533014
0.0527697291033
0.052692754811
0.0526229383102
0.0525597261814
0.0525026007578
0.0524510774432
0.0524047022666
0.0523630496516
0.0523257203821
0.052292339746
0.052262555843
0.052236038041
0.0522124755708
0.0521915762461
0.0521730653005
0.0521566843323
0.0521421903498
0.0521293549092
0.0521179633411
0.052107814057
0.0520987179342
0.0520904977719
0.052082987814
0.0520760333359
0.0520694902881
0.0520632249923
0.052057113884
0.0520510432937
0.0520449092585
0.0520386173541
0.0520320825345
0.0520252289654
0.0520179898333
0.0520103071124
0.0520021312656
0.0519934208567
0.0519841420475
0.051974267955
0.0519637778454
0.0519526561443
0.0519408912532
0.0519284741716
0.0519153969404
0.0519016509422
0.0518872251192
0.0518721041925
0.0518562669914
0.051839685023
0.0518223214167
0.0518041303736
0.0517850572208
0.0517650391175
0.0517440063811
0.0517218843106
0.0516985952844
0.0516740608289
0.0516482033112
0.0516209469226
0.0515922177055
0.0515619425316
0.0515300471368
0.0514964535318
0.0514610772701
0.0514238251342
0.0513845937482
0.0513432694405
0.0512997293869
