1.42070545435
1.42068788649
1.4206536284
1.42060342528
1.42053790093
1.42045756756
1.42036283455
1.42025401605
1.42013133786
1.41999494335
1.4198448987
1.41968119739
1.41950376418
1.4193124584
1.4191070768
1.41888735591
1.41865297394
1.4184035523
1.41813865671
1.417857798
1.41756043258
1.41724596254
1.41691373556
1.4165630445
1.41619312665
1.4158031629
1.4153922765
1.41495953169
1.41450393207
1.41402441873
1.41351986819
1.41298909011
1.41243082481
1.41184374052
1.41122643048
1.41057740982
1.40989511221
1.40917788628
1.40842399196
1.40763159643
1.40679877003
1.40592348191
1.40500359552
1.40403686385
1.40302092467
1.40195329545
1.40083136828
1.39965240467
1.39841353028
1.39711172965
1.395743841
1.39430655115
1.39279639061
1.39120972903
1.38954277106
1.38779155278
1.38595193894
1.38401962117
1.38199011742
1.37985877296
1.37762076331
1.37527109949
1.37280463614
1.37021608304
1.36750002078
1.36465092135
1.36166317448
1.35853112097
1.35524909401
1.35181146992
1.34821272987
1.34444753413
1.34051081074
1.33639786049
1.33210448027
1.32762710675
1.32296298231
1.31811034504
1.31306864381
1.30783877923
1.30242336982
1.29682704146
1.29105673614
1.28512203347
1.27903547496
1.27281287729
1.26647361598
1.26004085562
1.25354169754
1.24700721042
1.24047230515
1.23397541306
1.22755792718
1.22126337152
1.21513627432
1.20922073843
1.20355872673
1.19818811097
1.19314056779
1.18843944159
1.18409772673
1.18011634521
1.17648290586
1.17317112255
1.17014104051
1.16734017108
1.16470557053
1.16216682164
1.15964979495
1.15708098482
1.15439213916
1.15152483521
1.14843460074
1.14509414818
1.14149528891
1.13764914276
1.13358437325
1.12934337929
1.12497666218
1.12053593996
1.11606694133
1.11160308279
1.10716130797
1.10274115372
1.09832757577
1.09389727683
1.08942738226
1.08490451959
1.08033191292
1.07573222099
1.07114467916
1.06661665726
1.06219175385
1.05789837528
1.05374344326
1.04971456786
1.04579058703
1.04195599594
1.03821182369
1.03457633883
1.03107419914
1.02771992857
1.02450619433
1.02140520654
1.01838287686
1.01541572575
1.01249759558
1.00963082454
1.00681014542
1.00401557782
1.00122320001
0.99842393014
0.99562955852
0.992858000677
0.990114969958
0.987395010194
0.984699002701
0.982040679087
0.979430109708
0.976859586482
0.974315882865
0.971797873402
0.969308212521
0.96683759631
0.964375213324
0.961923895961
0.95948763624
0.957060542938
0.954641436222
0.952235120088
0.949836005502
0.947436481797
0.945036414862
0.942630695954
0.940216694594
0.937801651749
0.935389362418
0.932987773251
0.930605583203
0.928243898804
0.92590536073
0.92358501662
0.921279181888
0.918983197985
0.916694099922
0.914410468657
0.912129717705
0.909847728714
0.907557679604
0.90525131707
0.902922752076
0.900568391554
0.898188835933
0.895783023438
0.893346179191
0.890870070538
0.888345828983
0.885767648554
0.883131172669
0.880429348455
0.877651214034
0.874786618097
0.871829785159
0.868776085849
0.865620336501
0.862376851698
0.859289770825
0.859075407683
0.895381579726
0.941522654506
0.847247321671
0.89038195515
0.839263944129
0.876365174412
0.837359242133
0.854363979636
0.844133590374
0.835227214996
0.840987701812
0.826085713827
0.835148393174
0.819320390848
0.828744662903
0.815806716186
0.821851377179
0.812506198651
0.815554256169
0.810653995569
0.809171963735
0.809650562553
0.803161104389
0.806821126583
0.800127435554
0.80083589159
0.79967179474
0.79474142908
0.795991544818
0.794038640857
0.789650616076
0.789186029422
0.78976314724
0.787021065196
0.783398449606
0.780464401537
0.778278524342
0.776550282428
0.77593425222
0.781905004706
0.819627089493
0.808886639131
0.768498344972
0.773198055689
0.80572752025
0.759090942311
0.796773073665
0.755241701999
0.784258874966
0.751904965157
0.777220076552
0.748709027027
0.766680017174
0.746948669644
0.756501082286
0.749268414522
0.744504269552
0.752494224343
0.738283455395
0.743269749603
0.74194739317
0.733273802523
0.736392610788
0.736372673268
0.73016960177
0.727210988398
0.728963770474
0.730962283808
0.728350256116
0.725154123447
0.722797049763
0.723760393533
0.730067900571
0.753183566659
0.79225917247
0.71631847409
0.7354514143
0.760776423325
0.715305401634
0.708685658739
0.745728836401
0.69919537152
0.727114407835
0.705237927019
0.701351196634
0.718028340564
0.691759439848
0.701839917145
0.708253481156
0.686348303631
0.694636652047
0.703112851702
0.684287727256
0.682030808331
0.694853241206
0.694753058889
0.687510271552
0.679222675081
0.675202645258
0.674548345692
0.683660395086
0.723541036979
0.691048220546
0.662541717203
0.692784748204
0.663430493067
0.670993114192
0.672309808225
0.653817311998
0.669669456713
0.655109899184
0.651943764651
0.662087518981
0.649845473253
0.644934115004
0.652676334907
0.651763151717
0.644501838306
0.638363777839
0.636075833806
0.636883459233
0.641931720847
0.657018208714
0.682808815306
0.732199049789
0.628350139673
0.742331353762
0.623260479339
0.71392579647
0.659299226165
0.658793962433
0.669891609082
0.630660633259
0.666156435814
0.618776366242
0.639259758803
0.638961369698
0.613331313543
0.639614813733
0.62280546098
0.610110314123
0.629239195501
0.611191792123
0.611176685895
0.619086099579
0.603560777646
0.612516720135
0.607804284946
0.603064459499
0.608886653064
0.599364922905
0.605457210655
0.59926920349
0.600901533273
0.599432160246
0.597247580396
0.598013461673
0.594799965184
0.596027791592
0.592851449569
0.593816118967
0.591202116556
0.59146564999
0.589636899565
0.589031827078
0.58833155907
0.586456221048
0.586717053661
0.584528727633
0.583964895344
0.583338573872
0.581361864409
0.580404243982
0.579936599809
0.578760889946
0.577080823613
0.575447354946
0.573936538713
0.572489233596
0.571142428769
0.570508712053
0.575183123179
0.614773006367
0.604725679194
0.57792120164
0.562024849796
0.56171692855
0.576818737142
0.618566686555
0.566916111478
0.563653014265
0.602978898689
0.55020143997
0.593664610902
0.557241272662
0.575544505921
0.559128617056
0.563826227302
0.558784655208
0.555981350904
0.549885975492
0.556197457377
0.54183868042
0.556857654878
0.534291254781
0.552220528129
0.532849271009
0.541917435243
0.538296348117
0.529248929307
0.54002698052
0.530606204417
0.525856827089
0.534082843447
0.530015157816
0.521206826979
0.522179424335
0.527277101468
0.52527272341
0.520331524519
0.516101036628
0.513565415735
0.511986482449
0.511887867224
0.519010247196
0.564686589712
0.53435326327
0.504430065423
0.510755924578
0.535363505021
0.498932467199
0.51842321702
0.510227227288
0.494287689939
0.510032334985
0.501594937675
0.489337822757
0.495847852152
0.500538837845
0.491671104232
0.48371934308
0.48450053682
0.490278573804
0.493403083046
0.491740875271
0.488083045808
0.489935044625
0.496029932331
0.514102363468
0.535176740848
0.469467502439
0.50568404632
0.46671639926
0.493667348125
0.464158449571
0.481842229432
0.467397031699
0.471247165811
0.467911875573
0.464394000045
0.464967943667
0.459943756752
0.46065930429
0.45765485395
0.456164233232
0.457005850858
0.451422772294
0.456064011284
0.448204998605
0.453221707178
0.447652915483
0.447428511223
0.448977897728
0.443440729495
0.44488964772
0.44437027985
0.440409423746
0.440307213553
0.441433059566
0.43943829296
0.436370189169
0.434695041571
0.434393466214
0.435672101509
0.440191642149
0.450061752144
0.472407167452
0.427740218868
0.453985896763
0.426790379866
0.442502480386
0.426820287384
0.431099775452
0.429849599235
0.421021274752
0.431647768567
0.417791157449
0.422424204463
0.422112314108
0.413630070782
0.418110497409
0.41724445013
0.410943636979
0.410746456785
0.414135392905
0.413966353669
0.410291297467
0.407129426015
0.405077458056
0.404243915034
0.406193082124
0.418718873314
0.465190164466
0.421486656862
0.398831240202
0.439814477717
0.395603502444
0.419532188214
0.391343569588
0.41297429006
0.398405355035
0.395086990924
0.403544026399
0.386530028994
0.399550057141
0.386943313696
0.392137810846
0.388975129487
0.386018917439
0.388029291307
0.382613032437
0.386002610206
0.380408836675
0.383609904903
0.378925509456
0.381060549439
0.3776700346
0.378558324136
0.376726909878
0.375995891259
0.376101022071
0.37361530179
0.374804017911
0.372239050826
0.372288604153
0.371673410851
0.369786388024
0.370035185655
0.369006831427
0.367381667478
0.367125597027
0.366891892158
0.365804298154
0.364450262249
0.36321723662
0.362149818364
0.361227573377
0.360816348699
0.363467548416
0.383317186429
0.37494111325
0.359120247178
0.354839618747
0.362422454848
0.377388018604
0.351206681786
0.367485498348
0.349295530522
0.36124400806
0.347735954189
0.355789240139
0.347576033014
0.349570484984
0.347961588137
0.343810791255
0.348190066411
0.341218984341
0.344168947849
0.342691735148
0.338737672746
0.341592243193
0.339714265567
0.336212184833
0.337355587266
0.338045341199
0.334879482539
0.332871933584
0.333329544015
0.334141943715
0.333400850503
0.331775789824
0.330655213833
0.330728121502
0.333173232085
0.34025854505
0.3596671401
0.325321135791
0.338780128441
0.325479986981
0.330346738049
0.326238731332
0.322333827488
0.328321750125
0.317626538895
0.325438845371
0.319255820841
0.317053625966
0.322233010879
0.315530187377
0.314361140056
0.318718088715
0.315513223173
0.310857577491
0.311673902106
0.314300611901
0.312912643448
0.309919362375
0.307516253715
0.306080680798
0.305081289576
0.304208716465
0.303456141083
0.303494282218
0.308687767037
0.344420735385
0.346073467327
0.305094590082
0.30261991818
0.333732614239
0.297452774741
0.315827466162
0.295337959575
0.309379859212
0.294333001423
0.301117687046
0.297647394498
0.293794244707
0.29801721992
0.289862847591
0.296204123742
0.28833044822
0.293625583551
0.287448452407
0.291444803162
0.286489547455
0.289578863297
0.285425139155
0.288090250172
0.28430158533
0.286549758704
0.283381348175
0.284815847456
0.282854583484
0.282739308412
0.282738908195
0.2808353113
0.281484027039
0.280521921438
0.279282856061
0.279580318849
0.278921743185
0.277648680603
0.277171951254
0.277194378269
0.276843063492
0.276105791123
0.275420946363
0.275129862956
0.276326694842
0.281796435787
0.301327814005
0.27658663039
0.274761560291
0.293854013804
0.269095212999
0.290358002875
0.269945792462
0.282682340134
0.283925157342
0.266217577464
0.282667089939
0.27825234143
0.264513522716
0.276105224822
0.27999656222
0.266739057622
0.265056578587
0.273778946573
0.268552633898
0.262059170066
0.267975791525
0.267552100765
0.261270838447
0.264662120477
0.265372666396
0.26057205561
0.262726614593
0.263332956779
0.259818554478
0.261435776565
0.261530864673
0.259057614945
0.260479003725
0.259930754013
0.258445953585
0.259646490438
0.25836800668
0.258137329576
0.258460357367
0.257240435743
0.257786088918
0.257002487435
0.256828250982
0.256711342726
0.256079029687
0.256190184309
0.255465275866
0.255563717424
0.254887236166
0.254900913267
0.254288666258
0.254222472702
0.253645706687
0.253518271556
0.252979574755
0.252728936301
0.25231963579
0.251848831789
0.251561318796
0.251050334717
0.250557617944
0.250178714639
0.249708229666
0.24913267664
0.248540814832
0.247960708215
0.247382924304
0.246826884599
0.246461857575
0.247324096891
0.25479948987
0.294878198729
0.281576239923
0.246437574398
0.248125408059
0.273776088111
0.240782637954
0.263100847192
0.239288591827
0.25720643979
0.244964030623
0.243797603764
0.249217302435
0.237089632788
0.24756915975
0.240829293554
0.23689277564
0.243662417063
0.235575154837
0.238097698513
0.238909640355
0.233601921901
0.237990880617
0.23408872056
0.234474550136
0.2353098154
0.232093625823
0.23459775369
0.231758235418
0.232833616893
0.231961462369
0.231258513245
0.231622716976
0.230234879345
0.230975807493
0.229507911993
0.230206165912
0.228900079144
0.229426619489
0.228308028828
0.228659556321
0.227718862341
0.227873507231
0.22714566309
0.227050298599
0.226646425319
0.226147275222
0.226084768884
0.225443309489
0.225123163024
0.224935618783
0.224383616539
