0.968873798443
0.968855549699
0.968819969742
0.968767843783
0.968699835715
0.968616498005
0.968518280584
0.968405538814
0.968278540628
0.968137472906
0.967982447167
0.967813504638
0.967630620763
0.967433709201
0.967222625371
0.966997169586
0.966757089824
0.966502084162
0.966231802937
0.965945850639
0.965643787589
0.965325131427
0.964989358437
0.96463590474
0.964264167386
0.963873505364
0.963463240567
0.963032658728
0.962581010368
0.962107511766
0.961611346002
0.961091664075
0.96054758616
0.959978203001
0.959382577508
0.958759746567
0.958108723118
0.957428498533
0.956718045342
0.955976320352
0.955202268194
0.954394825373
0.953552924845
0.952675501196
0.951761496463
0.950809866658
0.949819589055
0.948789670279
0.947719155258
0.946607137082
0.945452767789
0.944255270132
0.943013950311
0.941728211678
0.940397569379
0.939021665879
0.937600287265
0.936133380198
0.93462106932
0.933063674861
0.931461730139
0.929815998549
0.928127489542
0.926397473035
0.924627491534
0.922819369193
0.920975216881
0.919097432233
0.917188693575
0.915251946486
0.913290381755
0.91130740342
0.909306585646
0.907291617282
0.905266233127
0.90323413123
0.901198875984
0.899163787299
0.897131816918
0.89510541378
0.893086381464
0.89107573193
0.889073541221
0.887078814221
0.885089367108
0.883101737534
0.881111133739
0.879111434501
0.877095251833
0.875054067269
0.872978450274
0.870858363259
0.868683551856
0.866444011368
0.864130510863
0.86173514593
0.859251880633
0.85667703035
0.854009631957
0.851251648457
0.848407963779
0.845486141386
0.842495947607
0.83944867501
0.836356338369
0.833230848788
0.830083292178
0.826923438119
0.823759578355
0.820598739601
0.817447238741
0.814311463235
0.811198685766
0.808117683373
0.805078948787
0.802094366526
0.799176371107
0.796336777118
0.793585614947
0.790930355338
0.788375811411
0.785924769991
0.78357909937
0.781340842709
0.779212773165
0.777198116575
0.775299558399
0.773518036431
0.771851952033
0.770297205398
0.768847982022
0.767497769146
0.766239954434
0.765067662518
0.763973041075
0.762946636179
0.761977461733
0.761053851617
0.760164561786
0.759299384919
0.758448975273
0.757604311308
0.756756569463
0.755897758284
0.755021633975
0.754124046437
0.753202428841
0.752255092426
0.75128118614
0.750281264662
0.749257503996
0.748213054637
0.747151326441
0.746076137458
0.744992207082
0.743904799878
0.742818802966
0.74173853939
0.740668049381
0.739610533358
0.738567606661
0.737539724734
0.736526714568
0.735527541532
0.734540805392
0.733565630642
0.73260147506
0.731648282058
0.730706895821
0.729778432446
0.728864238798
0.727965647773
0.727083172793
0.726216513058
0.725364026483
0.724523040625
0.723690222946
0.722862080608
0.722035534087
0.721208072638
0.720377975873
0.719544170694
0.718706061932
0.717863181452
0.717014849558
0.716160257319
0.715298682525
0.714429938101
0.713554549481
0.71267360112
0.711788362704
0.710899690842
0.710007594437
0.70911114281
0.708208941449
0.707299478697
0.706381491244
0.705455451777
0.704542164716
0.70389977586
0.707023265171
0.756844627843
0.792108962453
0.705861942798
0.749277982952
0.706311674084
0.740275449642
0.722544306736
0.710630118096
0.731050773594
0.698584870855
0.726644333802
0.709512650558
0.701304489833
0.717693539583
0.696273908802
0.708933295226
0.702945370755
0.697354988747
0.704540468304
0.691908255465
0.703340833757
0.691392045236
0.699493986409
0.691132301635
0.696724094108
0.690846247513
0.694669449368
0.690269189342
0.693304799851
0.688703341022
0.692417611508
0.687670197394
0.691237436174
0.687327080416
0.688850058465
0.687800376718
0.686405399358
0.687893751568
0.685456172491
0.68587807818
0.686254585594
0.684211549477
0.684690492854
0.684841700599
0.683147215461
0.683174162014
0.683557005574
0.682318165073
0.681460651426
0.68160458972
0.681716540096
0.681081381869
0.680143132063
0.679427651098
0.678887630125
0.67839566309
0.677918215194
0.677490458101
0.677468469576
0.681306040233
0.718711991097
0.720568378006
0.702024415843
0.678713553621
0.682467774078
0.708240270037
0.726108668752
0.756626564126
0.690720164603
0.779590633192
0.71402252678
0.736688247897
0.738406705565
0.693902823874
0.73377980935
0.675243529013
0.716436012954
0.719683648199
0.672193883784
0.704620105289
0.721716237313
0.677637883024
0.682810141241
0.708499829614
0.688421742833
0.670217940247
0.692549692217
0.682903005923
0.667865847024
