2.00351898329
2.00338318673
2.00311837888
2.00273032253
2.00222384324
2.0016029052
2.00087067847
2.0000295986
1.99908141912
1.99802725785
1.99686763726
1.99560251978
1.99423133822
1.99275302194
1.99116601892
1.98946831439
1.98765744591
1.98573051554
1.9836841991
1.98151475283
1.97921801761
1.97678942091
1.97422397661
1.9715162829
1.96866051819
1.96565043542
1.96247935458
1.95914015375
1.95562525857
1.95192663043
1.9480357532
1.94394361883
1.9396407117
1.93511699199
1.93036187795
1.92536422741
1.92011231847
1.91459382962
1.90879581932
1.90270470547
1.89630624468
1.88958551185
1.88252688031
1.87511400275
1.86732979359
1.8591564131
1.850575254
1.8415669311
1.83211127492
1.82218733013
1.81177335991
1.80084685747
1.78938456617
1.77736250992
1.76475603559
1.75153986964
1.73768819131
1.72317472497
1.70797285459
1.6920557635
1.67539660291
1.65796869298
1.63974576025
1.62070221558
1.60081347663
1.58005633875
1.55840939807
1.5358535296
1.51237242271
1.48795317468
1.46258694153
1.43626964288
1.40900271478
1.3807939009
1.35165806835
1.32161802944
1.29070534551
1.25896108347
1.22643648985
1.19319354224
1.1593053338
1.12485624379
1.0899418475
1.05466852109
1.01915270464
0.98351979674
0.947902670114
0.912439816655
0.877273153114
0.842545542808
0.808398112675
0.774967466195
0.742382908684
0.71076380989
0.680217228129
0.650835909508
0.6226967556
0.595859824828
0.570367899425
0.546246614476
0.523505111749
0.502137152026
0.482122597884
0.463429165842
0.446014342754
0.42982736549
0.414811173831
0.400904261979
0.388042372039
0.376159991261
0.365191632075
0.355072888915
0.34574127786
0.337136873962
0.329202767003
0.32188535963
0.315134532858
0.308903703387
0.30314979546
0.297833147608
0.292917371929
0.288369180712
0.284158192566
0.280256727751
0.27663960021
0.273283912003
0.270168854237
0.267275517373
0.264586712762
0.262086806502
0.259761566077
0.257598019839
0.255584329039
0.253709671903
0.2519641391
0.25033863986
0.248824817943
0.247414976666
0.246102012169
0.244879354173
0.243740913465
0.242681035436
0.24169445901
0.24077628036
0.239921920874
0.239127098857
0.238387804504
0.23770027775
0.237060988609
0.236466619686
0.235914050549
0.235400343723
0.234922732061
0.234478607297
0.23406550961
0.23368111804
0.233323241643
0.23298981125
0.232678871756
0.232388574855
0.232117172139
0.231863008529
0.231624515967
0.231400207348
0.231188670651
0.23098856324
0.230798606321
0.230617579534
0.23044431566
0.230277695447
0.230116642526
0.229960118438
0.229807117754
0.229656663299
0.229507801486
0.229359597795
0.229211132389
0.229061495949
0.228909785738
0.228755102002
0.228596544775
0.228433211224
0.228264193687
0.228088578601
0.227905446552
0.227713873739
0.227512935198
0.227301710138
0.227079289807
0.226844788259
0.226597356327
0.226336198905
0.226060595315
0.225769921934
0.225463675399
0.225141493423
0.224803168659
0.224448649076
0.224078016452
0.223691433407
0.223289050139
0.222870866314
0.222436553286
0.221985258082
0.221515431962
0.221024747029
0.220510172163
0.219968259193
0.219395630407
0.218789566594
0.218148506251
0.217472238757
0.216761654089
0.216018092945
0.215242547053
0.214435076576
0.213594758472
0.21272025657
0.211810789771
0.210866992459
0.209891064062
0.208885869144
0.207853364492
0.206793580223
0.205705429273
0.204589051601
0.203447300627
0.202284312807
0.201102579606
0.199902249692
0.198683607465
0.197448984194
0.196200743575
0.194938230703
0.193659187728
0.192363298241
0.191050589823
0.189717615429
0.188359238677
0.186971281892
0.185547450026
0.184078753969
0.182557952222
0.180977347096
0.179326367042
0.17759517909
0.17577234589
0.173846449296
0.171809663455
0.169654335111
0.167377232028
0.164978093126
0.162464231022
0.15984787911
0.157147280559
0.154383118744
0.151577681293
0.148747873628
0.145900413078
0.143029323694
0.140113184229
0.13711763698
0.134000762812
0.130714641791
0.127217800223
0.1235114808
0.120251245269
0.12721013719
0.119665747613
0.139734819943
0.127349054347
0.132190015695
0.137436475703
0.148857183427
0.121372743089
0.111020885491
0.101345861809
0.106080716669
0.117008682563
0.0983447139863
0.095310512998
0.109444851643
0.0853961592375
0.089030996015
0.0961952297893
0.0941898014062
0.0839731784037
0.07494646962
0.0766502556407
0.0851758758787
0.0876045354377
0.0807753866392
0.0748830494149
0.0750416853897
0.0779725559835
0.0793765321458
0.0775569295174
0.0735875534945
0.0704343068655
0.0701924742358
0.0718042294707
0.0721944975063
0.0704394979304
0.0686835384175
0.0686331664795
0.0696273227289
0.0700377628335
0.0692726226481
0.0681735240344
0.0678617604416
0.0682622885281
0.068290695888
0.0676006345765
0.0669658256596
0.0669277004203
0.0671212778991
0.0670134340405
0.0666194282064
0.066380955014
0.0664541053817
0.066477924864
0.0662223254852
0.0659407397023
0.0658700092039
0.06584924843
0.0656720973512
0.0654545470181
0.0653847425158
0.0653535558041
0.0652026973001
0.065055919528
0.0650003628651
0.0648999818506
0.0647360582555
0.064633757453
0.0645497960924
0.064409549707
0.064300211303
0.0642164375188
0.0640881364172
0.063973347375
0.0638747015228
0.0637440615265
0.0636329646231
0.0635261523953
0.0634010401745
0.0632947899542
0.0631755935824
0.0630543532953
0.0629407074368
0.0628146630983
0.0626991109691
0.0625749919255
0.0624517442471
0.0623258661075
0.0621932328241
0.0620602749214
0.0619160308525
0.061765886952
0.0615944416834
0.0613988321479
0.061151918483
0.0608161887172
0.0602783648129
0.059236475342
