0.982754307833
0.982678416365
0.982530441738
0.982313635334
0.982030737954
0.981684021344
0.981275325357
0.980806091134
0.980277390685
0.979689953189
0.979044188328
0.97834020693
0.977577839164
0.976756650541
0.975875955903
0.974934831612
0.973932126107
0.972866468994
0.971736278807
0.970539769592
0.969274956427
0.967939660005
0.966531510386
0.965047950026
0.963486236184
0.961843442795
0.960116461925
0.958302004874
0.956396603041
0.954396608639
0.952298195357
0.950097359061
0.947789918659
0.945371517216
0.942837623453
0.940183533743
0.937404374751
0.934495106853
0.931450528481
0.928265281592
0.924933858406
0.92145060964
0.917809754432
0.914005392199
0.910031516662
0.905882032313
0.901550773598
0.897031527123
0.892318057186
0.887404134979
0.882283571775
0.876950256481
0.871398197866
0.865621571841
0.859614774101
0.853372478453
0.84688970108
0.840161870982
0.833184906738
0.825955299642
0.818470203181
0.810727528646
0.802726046532
0.794465493172
0.785946681819
0.777171617135
0.76814361176
0.758867403299
0.749349269764
0.73959714111
0.729620704203
0.719431498185
0.709042996913
0.698470674899
0.687732052991
0.676846719978
0.665836326318
0.654724546431
0.643537006321
0.632301173839
0.621046209638
0.609802777728
0.598602815602
0.587479265055
0.576465766046
0.565596317213
0.554904907885
0.544425127517
0.534189759509
0.524230367117
0.514576879744
0.505257188209
0.496296757691
0.487718266855
0.479541281285
0.471781968756
0.464452863075
0.457562682237
0.451116205513
0.445114212779
0.439553487953
0.434426886846
0.42972346811
0.425428684261
0.421524628152
0.417990328699
0.414802088323
0.411933853496
0.409357609013
0.407043786329
0.404961676384
0.403079838001
0.401366493954
0.399789908344
0.398318740709
0.396922374378
0.395571218794
0.394236987658
0.392892956801
0.391514207338
0.390077860835
0.388563313631
0.38695247688
0.385230026932
0.383383666992
0.381404395085
0.379286764769
0.377029113517
0.374633719313
0.372106829839
0.369458493083
0.366702107995
0.363853616336
0.360930282187
0.357949064969
0.354924693096
0.351867686221
0.348782731035
0.345667936786
0.342515502171
0.339314128678
0.336053071043
0.332727080574
0.329340875185
0.325911482464
0.32246715465
0.319042628351
0.315671990732
0.312381658796
0.309186262777
0.306089198196
0.303087566324
0.300179026715
0.297366819708
0.294659740956
0.292066397491
0.289586821049
0.287207305984
0.284903411213
0.28265045338
0.280433980507
0.278251355307
0.276102998364
0.27398214344
0.271874204447
0.269767213957
0.267662480497
0.265573392469
0.263513628451
0.261490020589
0.259510216424
0.257593240562
0.255764257617
0.254039447929
0.252424408781
0.250925663205
0.249550195248
0.248292160391
0.247134839999
0.246064926917
0.245068583593
0.244123040233
0.243209192626
0.242316618695
0.241432820175
0.240550304488
0.23967030565
0.238790396985
0.237910568317
0.23703182788
0.236148733968
0.2352587653
0.234355701203
0.233434405724
0.232492675463
0.231529275098
0.230548851728
0.229555853482
0.228557853018
0.227559231633
0.22656414354
0.225572641634
0.224583485649
0.223595394536
0.222607751239
0.221622478001
0.22064227246
0.219669894394
0.218707108132
0.217754640638
0.216812733601
0.215882288653
0.214966065803
0.214067122374
0.213191888085
0.212364972544
0.21178990975
0.213384609616
0.231484146195
0.26523881914
0.245126340375
0.275618533514
0.216608090349
0.251879631024
0.279652468067
0.245216724443
0.205807306711
0.260036878248
0.25055855077
0.204400223998
0.231627974474
0.257678511125
0.260697993411
0.241048084412
0.212281582975
0.204892941939
0.228024796301
0.244493501666
0.238058945763
0.216777480493
0.202973345513
0.205441155633
0.215446397755
0.224220582336
0.229072008105
0.228896211714
0.223977526591
0.21593672569
0.207559595565
0.202135685444
0.201842110705
0.205841842986
0.2103571834
0.211622244316
0.208877302981
0.204379890279
0.20133136043
0.201202374726
0.203048545021
0.204879260926
0.205279094347
0.204076745062
0.202120939962
0.200756417312
0.20082262185
0.201887600643
0.202669148645
0.202348004962
0.201259022942
0.200444188596
0.200495093868
0.20105519983
0.20138626189
0.201131607102
0.20052934205
0.200143905353
0.200260667685
0.200570671344
0.200590226075
0.200264610505
0.19995237204
0.199939402643
0.200093753397
0.200108132768
0.199912876212
0.199711523736
0.199692252437
0.199760988008
0.199710121525
0.199543972957
0.199447276882
0.199460765565
0.19943866497
0.199317168614
0.199212492131
0.199191538449
0.199148698627
0.199034627064
0.19895119828
0.198912571975
0.198826749358
0.198718800017
0.198655045058
0.198573937172
0.198460356144
0.198377661109
0.198283159818
0.19816388762
0.198067740908
0.197951261631
0.197826798445
0.197712535696
0.197573505517
0.197444026759
0.197299278565
0.197150616845
0.196996997537
0.196831561435
0.196664266795
0.196483364836
0.196299058478
0.196102626581
0.195898677304
0.195686083005
0.195460470035
0.195229100982
0.194983023991
0.194726744125
0.194460996311
0.19418067513
0.193886935655
0.193581551731
0.193263432619
0.192931411532
0.192586400396
0.192233626969
0.191903293559
0.191766009262
0.193137749126
0.203046812355
0.212269668307
0.199342755876
0.221918945793
0.193709205272
0.210127733255
0.22136876719
0.198372656721
0.192064645507
0.212344939984
0.19965146461
0.187406874995
0.199244461386
0.207113928719
0.199567839785
0.187480643005
0.190328280496
0.199293684266
0.197209673335
0.187933938147
0.186382022611
0.191564446244
0.193530641733
0.189507495149
0.185368246243
0.187163532925
0.190174632636
0.187897195626
0.184942413796
0.186271378486
0.187975348161
0.186573886697
0.18463560849
0.185572019317
0.186569579493
0.18510173544
0.184389432318
0.185392184076
0.185307653717
0.184197119761
0.184437041695
0.184918843902
0.184131843928
0.18394335458
0.184384712183
0.183963243551
0.183628187307
0.183955200099
0.183643151984
0.18339795773
0.183597257658
0.183297693814
0.183170663102
0.183246428517
0.182942635038
0.182955029749
0.182861304975
0.182651053986
0.182675760256
0.182453605022
0.182406818815
0.182275000458
0.182139808791
0.182056449975
0.181887935499
0.181804924562
0.181630690017
0.181528171619
0.181362732399
0.181224072443
0.181078077163
0.180894932419
0.180758900929
0.180564385961
0.180382070953
0.180214965284
0.180008069207
0.179789490236
0.179582159073
0.179375792464
0.179165126952
0.178963585841
0.178852711475
0.179155879445
0.181413204719
0.188964913213
0.18661104579
0.17724662081
0.185866308174
0.180465686975
0.179614530836
0.184214152426
0.176893252166
0.178600372108
0.17978609259
0.17550455633
0.176672851289
0.177397039725
0.174910002268
0.174821495717
0.176315134883
0.175913376614
0.173830308073
0.173502169723
0.174697668853
0.175826433597
0.177434226525
0.175778266489
0.175994292655
0.175145801483
0.177629613206
0.180512016516
0.195641299289
0.171280905802
0.205561888704
0.175997160732
0.190072628778
0.170487973674
0.187280543558
0.18067043071
0.172142088496
0.184759085281
0.178917801836
0.168706779873
0.178987537325
0.181327802504
0.169628985389
0.171200549444
0.177675546036
0.173911541554
0.167859723968
0.172274855521
0.17348802945
0.167912506018
0.169604674229
0.171974823232
0.168643573305
0.167765018084
0.170373463657
0.1680587783
0.167471890676
0.16915054207
0.167508945384
0.167212398536
0.168276248407
0.166737065332
0.16731294535
0.16739751083
0.166407664837
0.167158493599
0.166537967847
0.166421218226
0.166665953863
0.16601355707
0.166414623987
0.165937168949
0.166013349813
0.165908661226
0.165664803749
0.165750846452
0.165421125962
0.165531536517
0.165208973743
0.165297582318
0.165005792067
0.165051763397
0.164794196541
0.164808600938
0.164575633663
0.164550025648
0.164359658162
0.164264094271
0.164153874622
0.16396490173
0.163890520048
0.163734709197
0.163545609487
0.163429747786
0.163309048751
0.163133461245
0.162939389857
0.162745931926
0.162557293915
0.162375746942
0.162243895483
0.162437362346
0.164628588199
0.176071426395
0.182105302752
0.161196348432
0.17635736435
0.170948890575
0.165761368386
0.180016888286
0.161714550301
0.174322477894
0.174910713686
0.159821122488
0.176233680637
0.166140354332
0.161622873792
0.171321560853
0.16762161334
0.158830885699
0.164956016197
0.16602560725
0.158566534545
0.162266356981
0.164103206975
0.158904748424
0.160089661803
0.162388274719
0.158243366865
0.159610905966
0.1608346831
0.157968714204
0.159014941061
0.159600422117
0.157502183091
0.158823667202
0.158512518191
0.157339482008
0.158530814005
0.157426515756
0.157572043017
0.157858678039
0.156942919989
0.157602052923
0.156980130282
0.157040039392
0.157097438005
0.156602003658
0.156956768248
0.156437687776
0.156660387189
0.156364216835
0.156363793994
0.156224251388
0.156141563054
0.156032783991
0.155957190773
0.155792721276
0.155789403793
0.155551827288
0.155578960638
0.155362405986
0.155276532059
0.155209955573
0.154998244201
0.154897509411
0.154826972305
0.154665558009
0.154469446333
0.154307723586
0.154178952279
0.154088446271
0.154153844879
0.154667223068
0.156954535194
0.162455510334
0.185425312775
0.153152145591
0.194988351657
0.163177110416
0.176269462135
0.152294392044
0.175907560782
0.160664938203
0.158094151144
0.169508367701
0.158965050545
0.152638984007
0.164239755166
0.160498673962
0.151170290157
0.156998238317
0.160045443467
0.153223357002
0.151946860203
0.157193512752
0.152945329272
0.151214623963
0.15481295242
0.152570092375
0.150625113747
0.153477685916
0.151217575092
0.150851087109
0.15235228276
0.150322427708
0.151032192861
0.15121574931
0.149908069644
0.151025808701
0.150113773354
0.150095686149
0.150355185644
0.149578743324
0.150180578101
0.149466676625
0.149793933112
0.149456279818
0.149428454705
0.149366084105
0.14917234608
0.149164045403
0.149013350398
0.148910844968
0.148882307381
0.148623293333
0.148715598612
0.148414773356
0.148433971786
0.148294619785
0.14809625289
0.148108291434
0.147918016017
0.147738856115
0.147707995853
0.147608445491
0.147401531336
0.147206970743
0.147053828123
0.146933806873
0.146884545713
0.147148596851
0.148840680481
0.154885621674
0.152631173539
0.145873886075
0.150968787624
0.159599835801
0.147601064104
0.164751455871
0.146350461581
0.158130869737
0.159677609736
0.144627187708
0.159565866093
0.154328406618
0.144988727101
0.155554364901
0.156417263355
0.146111372384
0.146377959691
0.153710937189
0.150899216207
0.144023799809
0.145865565437
0.149991610631
0.148013125976
0.143671944409
0.145036605369
0.147720995741
0.145020090313
0.14325108175
0.145397790974
0.145564018913
0.143352640417
0.143596679862
0.144940117579
0.143612382613
0.142960471351
0.144040869042
0.14359617207
0.142712134174
0.143450778887
0.143262412574
0.142580449674
0.143124343726
0.14288872062
0.142458414347
0.14287800911
0.142485177962
0.142412288117
0.142572769329
0.142187290889
0.142359329357
0.142192286095
0.142077651592
0.142140189794
0.141895025344
0.141991826327
0.141785516475
0.141804822624
0.141684954329
0.141623386546
0.141550096892
0.141464730961
0.141389293553
0.141312796764
0.141206138053
0.141157413313
0.141016735083
0.140971661204
0.14084884959
0.140734807073
0.140665638155
0.140540536972
0.140400675953
0.14029464082
0.140198216931
0.140090657023
0.139992888977
0.139957218502
0.14026284968
0.141594103422
0.147524047565
0.14016683666
0.140716967417
0.145746410181
0.140672395049
0.138545987278
0.141053395436
0.142732483095
0.142892036814
0.139067157464
0.137671615976
0.138342824891
0.140433253413
0.145093810915
0.146639970829
0.15377990903
0.137719825708
0.161579297655
0.136911542321
0.152172700921
0.140190122166
0.144277756461
0.142508996519
0.13998776136
0.143756054541
0.136103064289
0.143172132919
0.135840030846
0.139051663237
0.139099139104
0.135124942058
0.139326638602
0.135016332268
0.137305017213
0.13629054763
0.135341623974
0.136491053898
0.134588043803
0.136148522863
0.134179358271
0.135733888476
0.134014919861
0.135191118721
0.133869989923
0.134851556836
0.13368123604
0.134440540614
0.133517680007
0.134091507377
0.13345007361
0.133608613979
0.133415624818
0.133132071553
0.133360357931
0.13287393164
0.133003688416
0.132892319801
0.132554510853
0.132671763394
0.132557057434
0.132232629721
0.132186024398
0.13226062034
0.132115727336
0.131883565277
0.131663365716
0.13149153741
0.131342982253
0.131215995533
0.131185555516
0.131858896763
0.136792445336
0.170751144337
0.13511287606
0.135614744385
0.162747732991
0.133340037535
0.178067335978
0.129758910839
0.159833838167
0.154202323933
0.13101241574
0.159516926414
0.136554026443
0.136276330156
0.149544237667
0.139820165651
0.128823915145
0.141252188652
0.145071896212
0.131391240134
0.130566630584
0.138863039154
0.140499450532
0.133584969626
0.128214702805
0.132114324731
0.136036778793
0.131789424855
0.128015614928
0.130676593104
0.132892069247
0.130390119916
0.12786504765
0.129730788812
0.130918517931
0.128586471002
0.127943527453
0.129545250057
0.12921446269
0.127685678832
0.128322736108
0.128944586854
0.127776687057
0.127743571361
0.128414799618
0.127767579117
0.12746644941
0.128013030158
0.127549173478
0.127362292018
0.127711666538
0.127310642593
0.127284637266
0.127436530519
0.127085080504
0.127233483776
0.127142646913
0.126972790864
0.12709427693
0.126865460045
0.126927972745
0.126826059356
0.12675007356
0.126747336783
0.126615183535
0.126631194694
0.126492436775
0.126501784887
0.126371123857
0.126364436935
0.126244586898
0.126219454754
0.126116162647
0.126056090137
0.125986311366
0.12588165292
0.12582689536
0.125731150365
0.125625704757
0.125549372543
0.125463222387
0.125354047415
0.12523612054
0.125118873398
0.125000754367
0.124879121763
0.124753800126
0.124632489417
0.12457764395
0.125141428416
0.131059797544
0.13270858999
0.133536420766
0.126356876509
0.123713940969
0.123938800345
0.126385273223
0.133126222769
0.123089444822
0.130106245822
0.123819536717
0.127106505931
0.123857802012
0.124490957413
0.125060950116
0.122887694354
0.125797788961
0.122010478532
0.123990357466
0.122804855645
0.121807534035
0.123373522087
0.121690678596
0.121649660048
0.122800759877
0.121615490222
0.120913932226
0.121523113108
0.121899995209
0.121466090737
0.120693021676
0.12032753715
0.120286806295
0.12059436557
0.121823100806
0.124858307689
0.135844869668
0.119764935787
0.130684157113
0.122316043059
0.125397481041
0.123123106718
0.120334931089
0.124930323421
0.118757879028
0.124474720521
0.118535083442
0.12276221312
0.118410165367
0.122158237226
0.118189462419
0.120884547261
0.118089984968
0.119969531813
0.118584944178
0.118598426827
0.118989374053
0.117605822486
0.118831818831
0.117467033881
0.118002168125
0.118019732622
0.117138110446
0.118004145793
0.117412940417
0.116893163215
0.117585225584
0.117350220617
0.116573227171
0.116715684597
0.117167813166
0.116808392749
0.116310805951
0.116032039433
0.11600264894
0.116245913717
0.116974613113
0.119256235305
0.123222546615
0.13688094264
0.1152353944
0.13782144102
0.118154271426
0.128301722419
0.115043540745
0.126129312985
0.122069586856
0.116118659776
0.124576520322
0.120518408622
0.114360635556
0.12103599269
0.122170834885
