1.73235744119
1.7321981281
1.73188747065
1.73143224563
1.73083813735
1.7301098264
1.72925106858
1.72826476502
1.72715302431
1.72591721736
1.72455802575
1.72307548404
1.72146901686
1.719737471
1.71787914317
1.71589180375
1.71377271693
1.71151865768
1.70912592566
1.70659035668
1.7039073317
1.70107178386
1.69807820365
1.69492064265
1.69159271587
1.68808760319
1.68439804997
1.68051636727
1.67643443188
1.67214368654
1.66763514063
1.6628993719
1.65792652947
1.65270633869
1.6472281085
1.64148074171
1.63545274908
1.62913226794
1.62250708613
1.61556467247
1.60829221459
1.60067666562
1.59270480087
1.58436328609
1.57563875889
1.56651792495
1.55698767085
1.54703519536
1.53664816093
1.52581486721
1.51452444805
1.50276709343
1.4905342969
1.477819129
1.4646165357
1.45092366024
1.43674018507
1.42206868897
1.40691501237
1.39128862164
1.37520296062
1.3586757751
1.34172939341
1.32439094448
1.3066924929
1.28867107037
1.27036858394
1.25183158406
1.23311088043
1.2142610004
1.19533949387
1.17640609878
1.1575217931
1.1387477696
1.12014437967
1.10177009867
1.08368056745
1.06592776247
1.04855933868
1.03161817687
1.01514215121
0.999164114383
0.983712079955
0.968809565929
0.954476051329
0.940727490845
0.927576830951
0.915034474714
0.90310865083
0.89180565428
0.881129940131
0.871084067161
0.861668502886
0.852881315273
0.844717787701
0.837170001969
0.830226438357
0.823871641554
0.818085996359
0.812845647723
0.808122586637
0.803884907949
0.800097230111
0.796721252037
0.793716410527
0.791040594372
0.788650869029
0.786504168492
0.784557917853
0.782770559895
0.781101970225
0.779513756818
0.777969450202
0.77643459937
0.774876795765
0.773265653477
0.771572778852
0.769771767517
0.767838272131
0.765750190293
0.763488028908
0.761035507616
0.758380466911
0.755516140297
0.752442824381
0.749169920157
0.745718201347
0.74212196796
0.738430453203
0.734707498337
0.731028212127
0.727471352052
0.724106912096
0.720980267351
0.718097143674
0.715416520266
0.712858934228
0.71033300624
0.707773363803
0.705173344928
0.702593921527
0.700140789911
0.697919580193
0.695992144806
0.694355353657
0.692949764952
0.691689810818
0.690499044201
0.689334974962
0.688194203104
0.687096586067
0.686056313329
0.685056640812
0.684047414433
0.682971940749
0.681804725623
0.680566387843
0.679299516146
0.678027901643
0.676739369158
0.675407865297
0.674029970007
0.672635665787
0.67125873252
0.669899176086
0.668527918655
0.667131567151
0.665729924148
0.664336856262
0.662931917132
0.661492885707
0.660030724577
0.65856356772
0.6570830899
0.65558549186
0.654098566922
0.652640687559
0.651207838299
0.649811538385
0.648463005892
0.647146673022
0.645858215861
0.644600355989
0.64335786651
0.642131880142
0.640925414223
0.639731293339
0.638556953457
0.637395182125
0.636242565401
0.635095048495
0.63394490453
0.632792581403
0.631630819627
0.630458938604
0.629267933566
0.628054743308
0.626812835288
0.625541328443
0.624240829004
0.622910967535
0.621553152542
0.620164518602
0.618742266117
0.617284911187
0.615789734544
0.614252712786
0.612668706791
0.611032975528
0.609340767016
