1.0, 0.909296831004
1.0, 0.944812106632
1.0, 0.901591363664
1.0, 0.836086027097
1.0, 0.707758092334
1.0, 0.723841710351
1.0, 0.502691720631
1.0, 0.459214189633
1.0, 0.307660751159
-1.0, 0.187123593394
1.0, 0.778181102484
-1.0, 0.281345230702
-1.0, -0.707786919927
1.0, 0.296561296982
1.0, -0.2024429813
-1.0, -0.457845527425
1.0, 0.741688643569
-1.0, -0.124597148805
1.0, -0.209128156657
1.0, 0.340859884597
-1.0, -0.778303709463
-1.0, -0.190340557454
1.0, 0.920574753687
1.0, -0.14763528243
-1.0, -0.191787289189
1.0, 0.305018220382
-1.0, 0.836163396038
-1.0, -0.427299010666
1.0, -0.00380740143164
1.0, 0.87551905221
1.0, 0.893421382528
1.0, 0.825351986901
-1.0, 0.103803273835
-1.0, -0.116977812885
-1.0, -0.525695868267
-1.0, -0.14714629769
-1.0, -0.0998552884353
-1.0, -0.520567124169
-1.0, -0.628511484528
-1.0, -0.214262144823
-1.0, 0.262417692687
1.0, 0.66631787665
-1.0, -0.495343346578
1.0, -0.418084502934
1.0, 0.288800559521
-1.0, -0.524324028695
1.0, 0.282991282272
1.0, 0.64930367244
1.0, 0.789478234703
-1.0, -0.89271022099
-1.0, 0.048849797528
1.0, -0.751461036359
1.0, 0.661125172585
1.0, 0.906163983854
1.0, 0.912912633975
1.0, 0.833367563316
1.0, 0.729765759748
1.0, 0.675340053059
1.0, 0.754302408637
1.0, 0.789510998552
1.0, 0.560514264131
1.0, 0.291298340465
-1.0, -0.180361407973
1.0, 0.52864068614
1.0, 0.359977204787
1.0, -0.91280844406
-1.0, -0.755320605582
1.0, 0.328458673058
-1.0, -0.390037946114
1.0, -0.348784255181
1.0, 0.575226737843
-1.0, -0.74069160886
-1.0, -0.222843230542
-1.0, -0.887129998007
-1.0, -0.68845252359
-1.0, -0.693998494893
-1.0, -0.486208214374
1.0, -0.342040931369
1.0, 0.165547075688
1.0, 0.946293422366
1.0, 0.878385022841
1.0, 0.835498710177
1.0, 0.841245242519
-1.0, 0.798673859727
-1.0, 0.718682108526
-1.0, -0.136696701385
-1.0, -0.401939319825
-1.0, -0.506166742415
1.0, 0.673737776458
1.0, 0.869573997132
1.0, 0.465470130384
-1.0, -0.633565246558
-1.0, -0.464267791693
1.0, 0.615265569821
-1.0, 0.942057538997
-1.0, -0.316313815195
1.0, 0.48469352428
-1.0, 0.361203514677
-1.0, -0.186544025785
1.0, 0.125462287896
-1.0, 0.0179091035584
-1.0, -0.10885549293
-1.0, -0.691504234991
1.0, -0.682602713251
-1.0, -0.0320432132527
1.0, 0.111554270755
1.0, 0.847058334058
1.0, 0.814545071125
1.0, 0.774361595566
1.0, 0.724841736617
-1.0, 0.658209711441
-1.0, -0.32463315059
-1.0, 0.0924828322867
1.0, 0.556409754413
1.0, 0.580719045242
-1.0, -0.257939965298
-1.0, -0.486060443796
-1.0, -0.668609506255
-1.0, -0.366490270884
1.0, 0.240899116775
-1.0, -0.55252926092
1.0, 0.204001425622
-1.0, -0.462204808648
1.0, 0.746847022628
1.0, 0.0440351465564
-1.0, -0.570937736687
1.0, -0.100258266806
-1.0, -0.876227077527
1.0, 0.753124497121
-1.0, 0.0790721513295
1.0, 0.732302328497
-1.0, -0.347159538035
1.0, 0.823278645736
1.0, 0.859482393327
1.0, 0.645910765014
-1.0, 0.206133871024
1.0, 0.491416165641
-1.0, 0.0131062990967
1.0, 0.289052857995
-1.0, -0.678832867733
-1.0, -0.418447694894
1.0, 0.541613944026
1.0, 0.914063305555
1.0, 0.975046580123
1.0, 0.111244756214
-1.0, 0.36783358459
1.0, 0.749349065713
-1.0, 0.137285180331
-1.0, -0.666489518689
-1.0, 0.657754476773
-1.0, -0.487158708212
-1.0, -0.442692437379
-1.0, -0.473619523905
-1.0, -0.680333721268
-1.0, -0.671419394804
-1.0, -0.640640737435
1.0, -0.312380308016
-1.0, -0.315864900388
-1.0, 0.661839786983
1.0, 0.393912177928
1.0, 0.90331919659
1.0, 0.80865805215
1.0, 0.904542583203
1.0, 0.525730546664
1.0, 0.360144274846
1.0, 0.331161879166
1.0, 0.438560135324
1.0, 0.497953129084
1.0, 0.188640183701
-1.0, -0.328274245968
1.0, 0.526612671882
1.0, 0.230696631269
-1.0, -0.952407472418
-1.0, 0.622252608046
1.0, 0.893863396273
-1.0, -0.516918754446
1.0, 0.633644385493
-1.0, -0.382875723345
-1.0, -0.636844148308
-1.0, -0.0125200678506
-1.0, -0.477013361259
1.0, -0.247895497291
-1.0, 0.0300600773418
-1.0, -0.467456441556
1.0, 0.891250536249
1.0, 0.798267929358
1.0, 0.829888109473
-1.0, 0.784246957286
1.0, 0.420383009432
1.0, 0.554422843696
-1.0, 0.498641794108
1.0, 0.954598873369
1.0, 0.50954877177
1.0, 0.0257357056338
-1.0, 0.0565108914383
-1.0, 0.80022007378
-1.0, -0.358984760805
-1.0, 0.514934997754
1.0, -0.231720003996
1.0, 0.748089229851
1.0, 0.526032725318
1.0, 0.347800991553
1.0, 0.297477955177
1.0, -0.164235059556
-1.0, -0.591446286915
1.0, 0.210677862195
-1.0, -0.666950423796
1.0, 0.728562184525
1.0, -0.541645140191
-1.0, -0.985123075358
-1.0, -0.486462983028
-1.0, -0.50549379314
-1.0, -0.512827994806
1.0, -0.269782273294
1.0, 0.245684546641
-1.0, -0.10825010961
1.0, 0.49541391769
-1.0, 0.845211395149
1.0, 0.883176043523
1.0, 0.00150772670051
1.0, 0.671667202928
-1.0, 0.217286209776
-1.0, -0.351364395723
-1.0, 0.886169475847
1.0, 0.839475036305
1.0, 0.292194374103
-1.0, -0.357718310525
1.0, 0.21544857958
-1.0, -0.188829099473
-1.0, 0.24685188265
-1.0, 0.120562022931
-1.0, -0.462425419909
1.0, 0.229004769569
-1.0, -0.370063181002
-1.0, 0.120083809081
-1.0, -0.255682718577
-1.0, -0.498293164084
-1.0, -0.224404636722
1.0, -0.247803665779
-1.0, 0.0596809830834
1.0, 0.287175030607
-1.0, -0.336776312521
-1.0, -0.715480048493
1.0, 0.761018637676
1.0, 0.888287635689
1.0, 0.260617301891
-1.0, 0.447879445248
-1.0, -0.0972738803046
-1.0, 0.666052473576
1.0, 0.786711530565
-1.0, -0.192991650345
1.0, 0.56421047668
-1.0, 0.0364995488869
-1.0, -0.0925974110704
1.0, 0.804132421117
1.0, 0.690048928586
1.0, 0.15616599422
-1.0, -0.957573164464
1.0, -0.494363492915
-1.0, -0.377607158676
1.0, 0.490157035725
-1.0, -0.0859069186195
-1.0, -0.525310093511
1.0, 0.353575358894
-1.0, -0.337841947763
-1.0, -0.117820986294
-1.0, -0.355697264695
-1.0, -0.261045502247
-1.0, -0.776133194123
1.0, 0.115044262467
1.0, 0.600713296755
1.0, 0.532871603212
-1.0, 0.579495677618
-1.0, -0.527821572666
-1.0, 0.688279506772
-1.0, 0.980859402076
-1.0, -0.7889684739
-1.0, -0.833017083318
1.0, 0.381672403211
-1.0, -0.705570740851
1.0, 0.706791082622
1.0, 0.299579813761
1.0, 0.300251184198
-1.0, -0.120247071779
-1.0, -0.137159302464
-1.0, -0.807664892928
-1.0, -0.752524544328
-1.0, -0.614333930301
-1.0, -0.649756138573
-1.0, -0.611794386805
-1.0, -0.485011331616
-1.0, -0.695107344875
-1.0, -0.591261745501
-1.0, -0.674892099323
1.0, 0.822533687094
1.0, 0.800632417248
1.0, 0.872243479164
1.0, 0.877718177952
1.0, 0.533048643605
-1.0, 0.108116318375
1.0, 0.0799717607136
1.0, 0.221231559398
-1.0, 0.0837873352077
1.0, 0.678198841629
-1.0, 0.315727025977
1.0, 0.158262197498
-1.0, -0.330090252906
1.0, 0.855859563659
-1.0, 0.4306190958
-1.0, -0.348868958919
-1.0, 0.0276604781517
-1.0, -0.721708030435
1.0, 0.155112938438
1.0, -0.144720967835
1.0, 0.522970274209
-1.0, -0.756858451093
-1.0, -0.467105816957
-1.0, -0.162038048127
-1.0, -0.656118723043
-1.0, -0.391813566859
-1.0, -0.379260996079
1.0, 0.734420445537
1.0, 0.675264663823
1.0, 0.890010544451
1.0, 0.735899229822
1.0, 0.539365751187
1.0, 0.665643282598
-1.0, 0.527120054956
-1.0, 0.104428339131
1.0, 0.447388588831
1.0, 0.650282453683
1.0, 0.623291373861
1.0, 0.258843656613
1.0, 0.68645352857
1.0, 0.228623628262
-1.0, -0.0629875708838
-1.0, 0.140150602132
-1.0, -0.1361095237
1.0, 0.561431125177
1.0, 0.647193445406
1.0, -0.0298244148854
1.0, -0.689054813864
1.0, 0.379769955506
1.0, 0.243757139169
-1.0, -0.169368070368
1.0, 0.236964793269
-1.0, -0.641989731608
1.0, 0.899705149751
1.0, 0.870231318462
1.0, 0.85916531873
1.0, 0.791351452639
1.0, 0.762373858389
1.0, 0.429299789517
1.0, 0.403954376358
-1.0, 0.692672704342
-1.0, 0.67082853167
-1.0, -0.186040989702
1.0, 0.0385250625308
-1.0, -0.786510159469
-1.0, -0.150266179717
1.0, 0.887675924199
1.0, 0.836843418627
1.0, 0.683268318075
-1.0, -0.189280257224
1.0, 0.573578044355
-1.0, 0.0962037825269
-1.0, 0.594473806858
-1.0, 0.0505840498273
-1.0, -0.658003652163
-1.0, -0.704146780839
-1.0, -0.634348855429
-1.0, -0.711648285567
-1.0, -0.493576941085
1.0, 0.590717631876
-1.0, 0.0730227312857
1.0, 0.907495807584
-1.0, 0.0209477414341
-1.0, -0.0934741345065
-1.0, -0.307177031832
1.0, 0.0402412674854
1.0, 0.204265650253
-1.0, 0.0795523568629
-1.0, -0.296586929444
1.0, 0.327966659062
1.0, 0.126474161187
1.0, 0.48893101532
-1.0, -0.599490831569
-1.0, 0.316875841998
1.0, 0.775107122602
1.0, 0.653862725019
1.0, -0.242269637984
-1.0, -0.415814140824
1.0, -0.0582277406529
-1.0, -0.362584421244
-1.0, -0.82216046647
-1.0, -0.290509714576
-1.0, -0.595567103794
1.0, -0.101361220756
1.0, -0.161710308893
-1.0, -0.488712393585
1.0, 0.802266471191
1.0, 0.874185898367
1.0, 0.864399119138
-1.0, 0.686212101528
-1.0, -0.427653249987
1.0, 0.346904704159
-1.0, 0.726129264262
1.0, -0.306832469039
-1.0, -0.369925365501
1.0, 0.439070890233
1.0, 0.479917888459
1.0, 0.783116923339
1.0, 0.593449796614
1.0, 0.431041813313
1.0, 0.24337680853
-1.0, 0.0560648249984
1.0, 0.393183756433
-1.0, -0.212743622812
-1.0, -0.590286333351
1.0, 0.255711335666
-1.0, 0.380193014527
-1.0, 0.360154945329
-1.0, -0.300675903225
-1.0, -0.674389870614
-1.0, -0.842323964767
-1.0, -0.794971094567
1.0, 0.893905699885
-1.0, -0.137191361401
1.0, 0.226032796274
1.0, 0.821765606246
1.0, 0.943526548741
1.0, 0.386486131392
1.0, 0.756620516373
1.0, 0.598383286488
1.0, 0.704851414775
-1.0, 0.642725730441
-1.0, 0.352130642211
-1.0, 0.224219784627
-1.0, 0.447206918894
1.0, -0.457483310574
1.0, 0.184633442599
1.0, 0.575392683682
-1.0, -0.988200213345
1.0, -0.513437522788
-1.0, -0.713266874791
-1.0, -0.199870858445
-1.0, -0.243885969682
-1.0, -0.270821731699
1.0, -0.525703029793
-1.0, -0.152388927008
-1.0, 0.186974808806
-1.0, -0.573689619978
-1.0, -0.677027371067
-1.0, -0.168800465331
1.0, 0.884933110964
1.0, 0.811428312501
1.0, 0.0963050648686
1.0, -0.54118157393
1.0, 0.0545757253007
-1.0, 0.426682598247
-1.0, 0.423599710886
1.0, 0.707286534226
1.0, 0.473218737944
1.0, 0.0791090550987
1.0, 0.0892156479705
1.0, 0.847077763826
1.0, 0.870012545917
-1.0, 0.738467027727
1.0, 0.273692702903
1.0, 0.270918019081
1.0, 0.302528524847
1.0, 0.640010335249
-1.0, 0.306085085293
-1.0, 0.00649811590892
1.0, -0.36290949636
1.0, 0.584534693557
1.0, 0.673739886612
1.0, 0.435387817448
-1.0, 0.152131688516
1.0, 0.643838757861
-1.0, -0.153477366191
1.0, 0.6991377713
-1.0, -0.155467794214
-1.0, 0.328957580491
1.0, 0.807740281337
-1.0, -0.890800622683
-1.0, -0.359213309636
1.0, 0.468446194913
-1.0, -0.691805960127
1.0, 0.839242980593
1.0, 0.595259197345
1.0, 0.510119170276
1.0, 0.964613088947
1.0, 0.795276505205
1.0, 0.472820067159
-1.0, -0.121372918887
1.0, 0.00220921940801
-1.0, -0.314303753859
-1.0, -0.0235719483526
1.0, 0.651086145895
1.0, 0.644171335248
-1.0, 0.449181577947
1.0, -0.169012897845
-1.0, -0.645458212649
-1.0, -0.600946275486
-1.0, 0.307328665384
-1.0, -0.543309284536
1.0, -0.223942124557
-1.0, -0.126932776223
1.0, -0.0611927305984
1.0, 0.288992350755
1.0, 0.767640427478
1.0, 0.793431947491
1.0, 0.769248685055
1.0, 0.709555351345
1.0, 0.446716061497
-1.0, 0.218167192728
-1.0, -0.137560138451
1.0, 0.113647386354
-1.0, -0.295746758767
-1.0, -0.718877484726
1.0, 0.776044886209
-1.0, 0.802754755389
1.0, 0.363745777511
1.0, 0.122382472596
1.0, 0.0792362974881
-1.0, -0.229521689449
-1.0, -0.380360989366
1.0, 0.780037994786
-1.0, -0.459749845005
-1.0, -0.861757159901
1.0, 0.874255618961
-1.0, 0.10499184403
-1.0, -0.420151608228
1.0, 0.801790333163
-1.0, -0.7427240917
-1.0, -0.929514771975
-1.0, -0.811511385851
1.0, 0.659553561533
1.0, 0.693483080751
1.0, 0.669635274032
1.0, 0.810382399268
1.0, 0.362973489122
1.0, 0.784147462345
-1.0, 0.656793239733
-1.0, -0.458448520246
1.0, 0.655095579786
1.0, 0.606978843006
-1.0, 0.772377923247
1.0, 0.811212100866
1.0, 0.593930630405
1.0, 0.533039596647
1.0, 0.487734412328
-1.0, 0.572465354392
-1.0, -0.057580897622
1.0, 0.936397719311
-1.0, 0.105450560744
1.0, 0.718090476207
-1.0, -0.777528858231
-1.0, -0.0294842645063
-1.0, 0.185364837828
1.0, -0.545515970014
1.0, -0.0685358684193
-1.0, -0.264866223837
-1.0, -0.510732901542
-1.0, 0.0593356283319
-1.0, -0.418405717974
1.0, 0.677844913177
1.0, 0.440878709482
1.0, 0.095673649472
1.0, 0.667167346493
-1.0, 0.136492225686
-1.0, -0.526896561146
1.0, 0.848658942435
1.0, 0.181730837021
-1.0, 0.371718732833
-1.0, -0.0749546300129
-1.0, -0.257648425554
1.0, 0.283319796552
1.0, 0.326901736219
1.0, 0.687841098606
1.0, -0.37839891465
-1.0, 0.254136157364
-1.0, -0.190208580831
1.0, 0.243339325033
1.0, 0.445844351521
1.0, 0.493010914767
-1.0, 0.360085977784
-1.0, -0.500805522791
-1.0, -0.763895916804
-1.0, -0.394960823613
1.0, 0.912352224449
1.0, 0.847480262568
-1.0, 0.766019744975
1.0, -0.00276983888765
1.0, 0.242419400972
1.0, 0.912672086427
-1.0, 0.719934912302
1.0, 0.0477043705859
-1.0, 0.1758396749
1.0, 0.903273785793
1.0, 0.663534024541
1.0, 0.913222947966
1.0, 0.586716377622
1.0, 0.465546315448
1.0, 0.242190242738
1.0, -0.0126550309792
-1.0, -0.227551637379
-1.0, 0.373495742254
-1.0, -0.157224838962
-1.0, -0.435741612288
-1.0, -0.753927503953
-1.0, -0.72484425217
-1.0, -0.774317906688
-1.0, -0.641745954053
1.0, -0.103080574084
1.0, 0.227338232126
-1.0, 0.558628279539
-1.0, -0.694759444114
-1.0, -0.234738738832
1.0, 0.771150099851
1.0, 0.242049191841
-1.0, -0.0116442669534
-1.0, -0.172974791077
1.0, 0.807022597786
-1.0, 0.230578751831
-1.0, -0.111277015729
1.0, 0.320544813309
-1.0, -0.0360558134093
-1.0, -0.270814775536
-1.0, -0.238308130778
-1.0, -0.603395723008
-1.0, -0.229177029795
-1.0, -0.124181276845
-1.0, -0.110420788421
-1.0, -0.535390554937
1.0, 0.100373719183
1.0, -0.284789770255
-1.0, -0.107607944059
1.0, -0.543833502945
-1.0, -0.899662503115
1.0, 0.499126836504
-1.0, 0.0320514498126
-1.0, -0.144513574548
-1.0, 0.00681195111985
-1.0, 0.455884253691
1.0, 0.379300326851
-1.0, -0.857956587968
-1.0, -0.592850758866
1.0, 0.946168760073
1.0, 0.863072411225
-1.0, -0.0183181573932
1.0, 0.193583406384
1.0, 0.605378515934
-1.0, 0.0302741881529
-1.0, -0.0932115610712
-1.0, -0.379249112959
-1.0, -0.745652515703
-1.0, 0.161176342485
1.0, 0.401346506606
-1.0, 0.0354134714722
1.0, 0.294354699704
-1.0, 0.481771513389
-1.0, 0.807639392569
1.0, -0.430246038508
-1.0, 0.270285235015
1.0, 0.270017427592
1.0, 0.294145747045
-1.0, -0.914150557779
-1.0, -0.422519103009
1.0, 0.892402495983
1.0, 0.881199004718
1.0, 0.838217990695
1.0, 0.776034985725
1.0, 0.724794183587
1.0, 0.809135377537
1.0, 0.622025704151
1.0, 0.52117376695
-1.0, 0.223029483743
1.0, 0.694261035205
1.0, 0.455761069816
-1.0, -0.735451107082
1.0, 0.827081040281
-1.0, 0.0578850858191
-1.0, -0.506524539692
-1.0, -0.308077934153
1.0, 0.690351039161
1.0, 0.157371332763
1.0, 0.828409774935
1.0, 0.769847569462
-1.0, -0.277972329859
-1.0, -0.308693504189
-1.0, -0.676433574218
-1.0, -0.469001518477
-1.0, -0.183244307316
-1.0, 0.0482245014756
1.0, 0.889208242427
-1.0, 0.928606137591
1.0, 0.115134943656
1.0, 0.673026661739
-1.0, 0.504253889727
1.0, 0.9709179504
1.0, 0.426731843207
1.0, 0.63323862703
1.0, 0.819740197758
1.0, 0.283657391604
-1.0, -0.0377472361049
1.0, 0.390305901308
-1.0, -0.635824921402
1.0, 0.613356690482
1.0, 0.396917527885
-1.0, -0.362109684105
-1.0, -0.159385823646
-1.0, -0.0456266779724
1.0, 0.0867266311567
-1.0, -0.252757300628
-1.0, -0.54636134724
1.0, 0.105367034762
1.0, 0.0705056297864
1.0, 0.396122950496
-1.0, -0.369107283699
-1.0, 0.117939234824
1.0, 0.72865833884
1.0, 0.975008781886
1.0, 0.899743457228
1.0, 0.426209351193
1.0, 0.478126988303
1.0, 0.74736099734
1.0, 0.62144192804
1.0, 0.459454189831
-1.0, 0.33703916269
-1.0, -0.327674536777
1.0, 0.308730838408
1.0, 0.305570402944
1.0, 0.896183448683
1.0, 0.800273580154
-1.0, 0.167508502589
1.0, 0.343984798614
-1.0, -0.171636816834
-1.0, -0.492148024578
1.0, 0.264477487247
1.0, 0.554926446738
-1.0, 0.161257306509
-1.0, -0.351578700498
-1.0, -0.608119330694
-1.0, -0.753469240731
1.0, -0.818958053843
1.0, 0.66773956792
1.0, 0.921684797393
-1.0, 0.877655929744
1.0, 0.451645594524
-1.0, 0.873661501316
1.0, 0.574318736158
-1.0, -0.396024784897
-1.0, -0.31105859848
1.0, 0.545097351184
-1.0, 0.444653813539
-1.0, -0.435371911068
1.0, 0.633501571729
-1.0, 0.476511071123
1.0, 0.548575055897
-1.0, -0.094505669445
1.0, 0.447628294252
-1.0, -0.827084605676
1.0, -0.0241461086351
1.0, 0.826853008518
1.0, 0.431137240347
1.0, 0.459609415863
-1.0, -0.278034033958
-1.0, -0.309267358191
-1.0, -0.859559115245
1.0, -0.184242341977
-1.0, -0.485048898908
1.0, 0.0175188325622
-1.0, -0.345728340924
1.0, 0.902910914874
1.0, 0.514956816336
1.0, 0.808118522401
1.0, 0.766987588867
1.0, 0.240403608852
1.0, 0.218111850659
1.0, 0.579069335165
1.0, 0.21573791854
-1.0, 0.532859065098
1.0, -0.122106760685
-1.0, 0.422210498564
-1.0, 0.614565121883
1.0, 0.587564959744
1.0, 0.991320254906
-1.0, 0.113058844672
-1.0, -0.805368241998
-1.0, -0.432389490442
-1.0, -0.240396206622
1.0, -0.627157143128
-1.0, -0.199770541871
-1.0, 0.517734122642
1.0, -0.0167766457593
1.0, 0.12414919008
1.0, 0.546079525002
1.0, 0.167797694744
-1.0, -0.762857526343
-1.0, -0.369248585606
-1.0, -0.00472203714674
1.0, 0.684736509898
-1.0, -0.602577368039
1.0, 0.441736518155
1.0, 0.853824956761
1.0, 0.956555003431
1.0, 0.61504046689
1.0, 0.679998136771
1.0, 0.343409640551
1.0, 0.673789692955
-1.0, 0.583210331877
-1.0, 0.156091563523
1.0, 0.385696196398
-1.0, -0.132113821344
1.0, 0.945543049705
-1.0, 0.382318061676
1.0, 0.685955010795
1.0, 0.768903099669
-1.0, -0.856854425823
-1.0, 0.606640744712
1.0, 0.0923833108156
1.0, 0.980819709648
-1.0, -0.624296852262
-1.0, -0.560526058292
1.0, -0.218193834423
-1.0, -0.699576134292
1.0, 0.662119531095
1.0, 0.518344759974
1.0, 0.862187159039
1.0, -0.198213124799
1.0, 0.505779116996
-1.0, 0.147924706204
-1.0, -0.558659746461
1.0, 0.818673140381
1.0, 0.220177466287
1.0, 0.962882039618
1.0, 0.528646496933
1.0, 0.504448517825
1.0, 0.476950627188
-1.0, 0.31060897881
1.0, 0.527506220748
1.0, 0.024130514689
-1.0, -0.418476209171
1.0, 0.782825709163
1.0, -0.0644360194549
-1.0, -0.736204717954
1.0, 0.302645420918
-1.0, -0.0586370727767
-1.0, -0.414273180842
1.0, 0.570436714512
-1.0, -0.229025420254
1.0, 0.706205805049
-1.0, 0.24416578378
1.0, 0.287529211073
1.0, 0.731950191909
1.0, 0.951677512735
-1.0, 0.648026693623
1.0, -0.726457769487
1.0, 0.602308664215
1.0, 0.855798311174
-1.0, 0.573085514801
1.0, 0.470494937703
1.0, 0.141414917431
1.0, 0.689455020845
-1.0, -0.314928126848
1.0, 0.459108366749
1.0, 0.245914276737
1.0, 0.347636784628
-1.0, -0.155447199927
1.0, -0.0285490225967
1.0, -0.675194338213
-1.0, -0.225315167592
-1.0, 0.0114094987072
-1.0, 0.101947845786
-1.0, -0.732120615936
-1.0, -0.481925440857
-1.0, -0.492784175511
-1.0, -0.614940801645
1.0, 0.902316830814
1.0, 0.337356223244
1.0, 0.886284393951
-1.0, 0.795179339464
-1.0, 0.355498488408
1.0, 0.205415546085
1.0, 0.712704379062
1.0, 0.440651483895
1.0, 0.533763527571
1.0, 0.54949336256
1.0, 0.498019049299
1.0, 0.363960230322
1.0, 0.013473984701
1.0, -0.407464250486
-1.0, -0.600009942286
-1.0, -0.0265227173647
-1.0, -0.823553203662
1.0, 0.456131847453
-1.0, -0.235282614084
1.0, 0.807065219859
-1.0, 0.114959269082
-1.0, 0.0103553145111
-1.0, -0.80318452307
1.0, -0.279371910027
-1.0, -0.435288644646
-1.0, 0.490744965597
1.0, 0.862289111647
-1.0, 0.752979364774
-1.0, -0.067287715399
1.0, 0.446971703734
1.0, 0.839950988747
-1.0, 0.166376213218
1.0, 0.776547446466
1.0, 0.442186470027
1.0, 0.81242814478
-1.0, 0.631238727978
-1.0, 0.603508720879
1.0, 0.556452452792
1.0, 0.4778315342
1.0, 0.848267495516
-1.0, 0.721433901182
1.0, 0.630115402636
1.0, -0.20548018137
-1.0, -0.445826497069
-1.0, -0.210727044771
1.0, 0.461849202572
1.0, 0.476461193579
1.0, 0.719636422556
-1.0, 0.0630943626856
1.0, -0.349820376709
-1.0, -0.558636152873
-1.0, -0.496923822406
-1.0, -0.474314042647
1.0, 0.892921527837
1.0, 0.821216593205
-1.0, 0.842660574313
1.0, 0.366033913854
1.0, 0.817457838808
1.0, 0.793859043744
1.0, 0.796619465136
-1.0, 0.580457385488
1.0, 0.648030597636
1.0, -0.0952724780873
-1.0, 0.386231852954
-1.0, -0.236174717814
1.0, 0.518531637173
1.0, 0.659152575768
1.0, 0.628840727596
-1.0, -0.715577806405
1.0, -0.556311802369
-1.0, -0.494390938989
1.0, 0.671037493142
1.0, -0.147815744379
-1.0, -0.526616634626
-1.0, -0.0920475972558
-1.0, -0.363955998652
-1.0, -0.469696134286
1.0, -0.480223391705
1.0, 0.514367629208
-1.0, -0.345568317088
-1.0, 0.627532658816
1.0, 0.900657178593
-1.0, 0.283215939003
1.0, 0.55468296588
1.0, 0.420828774245
1.0, 0.798218690139
1.0, 0.215610760911
-1.0, 0.541130528939
-1.0, -0.444480924803
1.0, 0.458293307616
1.0, 0.641154015053
1.0, 0.981115590712
1.0, 0.676223053463
-1.0, 0.179336400553
-1.0, 0.49173532947
-1.0, -0.239025184558
-1.0, -0.645778407742
1.0, 0.363301198186
-1.0, -0.398524952831
-1.0, 0.0791078990681
1.0, 0.306254287731
1.0, 0.991910424184
1.0, 0.742558124834
-1.0, -0.872603440519
-1.0, -0.189865171598
-1.0, -0.892595988252
1.0, 0.709665646346
1.0, 0.928230110293
1.0, 0.887011252364
-1.0, 0.873392095857
-1.0, 0.224571632952
1.0, 0.324226529741
-1.0, 0.87741599707
-1.0, -0.446957298581
-1.0, 0.327609621656
1.0, 0.412588685072
-1.0, 0.257337347854
1.0, 0.460487897712
-1.0, 0.347858211065
-1.0, 0.18290638213
1.0, -0.131686617512
1.0, 0.443365447499
1.0, 0.633101805523
-1.0, 0.579658801072
-1.0, -0.195069904131
-1.0, -0.31259671202
-1.0, 0.0134385252081
-1.0, 0.467697724531
-1.0, -0.506675606145
-1.0, -0.521736775313
-1.0, -0.597381740955
-1.0, -0.602598564267
1.0, 0.880340207114
1.0, 0.866855264429
1.0, 0.900714452885
1.0, 0.926183965153
1.0, 0.90259923413
1.0, 0.7855299525
-1.0, 0.565860413105
1.0, 0.56747465371
1.0, 0.359806604436
1.0, 0.0970577166285
1.0, 0.377513183396
1.0, 0.301647969444
-1.0, 0.166584128988
1.0, 0.504626485738
-1.0, 0.120683624762
1.0, 0.612643736323
-1.0, -0.758216004138
-1.0, -0.990727446749
-1.0, -0.818395229815
-1.0, -0.539446045641
1.0, -0.327637251812
-1.0, -0.636688176243
1.0, 0.593061750268
-1.0, -0.433674857326
1.0, -0.295288108544
-1.0, -0.0202675950997
1.0, 0.917501538083
1.0, 0.783949437207
-1.0, 0.531836055716
1.0, 0.354366376107
-1.0, 0.31950496527
-1.0, -0.800819603206
-1.0, -0.0455761119421
1.0, -0.138517565674
-1.0, -0.812414042285
1.0, 0.274363999975
1.0, 0.197429467493
1.0, 0.668410153606
-1.0, -0.351624824545
1.0, 0.718180489576
1.0, 0.208206807943
-1.0, -0.144832189301
1.0, 0.720853146929
1.0, 0.067503900143
-1.0, -0.886569128924
1.0, -0.372292188315
-1.0, -0.650851921569
-1.0, -0.164392061389
-1.0, -0.359758197281
1.0, 0.308791579968
-1.0, -0.443013188134
1.0, 0.373835992716
-1.0, -0.859035698153
-1.0, -0.350588413918
-1.0, -0.135790949191
1.0, 0.845670263872
-1.0, -0.442597552571
-1.0, -0.128360951999
1.0, 0.68808509663
1.0, 0.73161931623
1.0, 0.94783787342
-1.0, 0.0690329332812
1.0, 0.144532087007
-1.0, -0.360141391571
1.0, -0.0611254471433
-1.0, 0.171214032316
1.0, 0.0966220675446
1.0, -0.203493217595
-1.0, 0.247284510291
-1.0, -0.554565456998
-1.0, -0.476163736412
1.0, -0.765768669714
-1.0, -0.433101985048
1.0, -0.28657117066
1.0, 0.0932852049864
-1.0, -0.780878059463
-1.0, -0.716276861439
1.0, 0.499337833978
1.0, 0.894071850143
1.0, 0.66220502226
1.0, 0.959453555732
1.0, 0.864020761332
-1.0, 0.75398188954
-1.0, 0.711318013025
-1.0, 0.33278205423
-1.0, 0.229291119377
-1.0, -0.253042056881
1.0, 0.849484120313
-1.0, -0.0576616333518
1.0, 0.277492636403
1.0, 0.416774891052
1.0, 0.51641876144
-1.0, 0.260450844915
-1.0, -0.371959199362
-1.0, 0.41537996693
-1.0, -0.0079788389259
-1.0, -0.270254335859
-1.0, -0.396463108049
-1.0, -0.576235316208
-1.0, -0.524648140279
-1.0, -0.337490135672
-1.0, -0.487272476345
-1.0, -0.67411650816
-1.0, -0.850655823347
1.0, 0.912999567829
1.0, 0.897358746813
1.0, 0.802987484485
1.0, 0.589840339385
1.0, 0.730886927483
1.0, 0.775642438975
1.0, 0.706574890609
-1.0, 0.603554569541
1.0, 0.685856257008
-1.0, 0.362825979309
-1.0, -0.627242213023
-1.0, 0.0415917759247
1.0, 0.716797361571
-1.0, -0.0779632790871
-1.0, 0.902118445458
1.0, 0.905177958831
-1.0, -0.133940431042
1.0, 0.535916967354
-1.0, -0.188290002699
1.0, 0.159712576512
1.0, 0.248986980985
-1.0, -0.66013212724
1.0, 0.010220497425
1.0, -0.344797074365
-1.0, -0.872286297954
-1.0, -0.670495900328
1.0, 0.891532338662
1.0, 0.922977894592
-1.0, 0.920998454572
1.0, 0.637523875533
-1.0, 0.338773569781
1.0, 0.728267353832
1.0, 0.126838251484
1.0, 0.665285413991
1.0, 0.906906724712
1.0, 0.61848102262
-1.0, 0.228820712974
