1.15272102664
1.15271488226
1.15270290241
1.15268535139
1.1526624526
1.1526343919
1.1526013206
1.15256335807
1.15252059421
1.15247309155
1.15242088716
1.15236399435
1.15230240414
1.15223608662
1.1521649921
1.15208905213
1.15200818044
1.15192227363
1.15183121197
1.15173485986
1.15163306645
1.15152566596
1.15141247813
1.15129330848
1.15116794856
1.15103617618
1.15089775559
1.1507524376
1.15059995972
1.15044004626
1.15027240841
1.15009674433
1.14991273922
1.14972006542
1.14951838246
1.14930733722
1.149086564
1.14885568469
1.14861430894
1.14836203435
1.14809844673
1.14782312035
1.1475356183
1.14723549284
1.14692228583
1.14659552922
1.14625474558
1.14589944868
1.14552914416
1.14514333021
1.14474149836
1.14432313428
1.14388771864
1.14343472796
1.14296363558
1.14247391256
1.14196502858
1.14143645287
1.14088765504
1.14031810584
1.13972727779
1.13911464575
1.13847968717
1.13782188215
1.13714071326
1.13643566493
1.13570622242
1.13495187035
1.1341720906
1.13336635965
1.1325341451
1.13167490146
1.13078806505
1.12987304792
1.12892923081
1.12795595504
1.12695251325
1.1259181392
1.12485199636
1.12375316555
1.12262063181
1.12145327037
1.12024983231
1.11900892999
1.11772902265
1.11640840286
1.11504518404
1.11363729007
1.11218244749
1.11067818121
1.10912181458
1.1075104748
1.10584110443
1.10411048007
1.10231523864
1.10045191211
1.09851697057
1.09650687381
1.09441813045
1.09224736359
1.08999138107
1.08764724758
1.08521235557
1.08268449107
1.08006189027
1.07734328284
1.0745279185
1.07161557446
1.06860654364
1.06550160597
1.06230198863
1.05900932465
1.05562562257
1.0521532616
1.04859502706
1.04495419681
1.04123468267
1.03744121968
1.03357958294
1.02965679902
1.02568131063
1.02166305392
1.01761342084
1.01354510442
1.00947185836
1.00540823308
1.00136936429
0.997370874459
0.993428897892
0.989560168434
0.98578204244
0.982112305576
0.978568654051
0.975167841599
0.971924594014
0.968850445418
0.965952606637
0.963232876648
0.960686567262
0.958301529999
0.956057616899
0.953927065287
0.951876142619
0.949867936467
0.947865772658
0.945836761399
0.943755318192
0.941606600496
0.939389272649
0.937116410945
0.934813679632
0.932515121979
0.930257666448
0.928075041673
0.92599160179
0.924017690528
0.922148711727
0.920368153508
0.918652900466
0.916979709488
0.915331829772
0.913703126337
0.912098062447
0.910528606338
0.909008716275
0.907547415487
0.906143900145
0.904786448575
0.903455515876
0.902131035481
0.900799543413
0.899457466944
0.898109334693
0.896761788418
0.895418249979
0.894076496767
0.892730731251
0.891375895019
0.890011450704
0.888641279149
0.88726981255
0.885897584398
0.884520837306
0.883134806493
0.881736735323
0.880325237204
0.878897401274
0.87744757177
0.875969538574
0.874459784585
0.872917724738
0.871342678626
0.869732775052
0.868087614255
0.866409393235
0.864701686593
0.862982796352
0.861461501478
0.86277144667
0.897096364077
1.18423485857
0.887958555797
1.14883476355
0.919796895453
1.07830284291
1.11810377384
0.87744990341
1.09056597361
1.08396948268
0.873741116286
1.03417049012
1.09787331543
1.0054912606
0.886148791904
0.92774032255
1.03589077199
1.08647642608
1.06886198247
0.992911282258
0.90362985409
0.863809945204
0.894023148838
0.945149087201
0.976310531242
0.968993783377
0.926251911012
0.872948893792
0.8463659169
0.86240553003
0.894691726453
0.906903029452
0.888187552598
0.856417050528
0.841722322263
0.853169155136
0.870178379692
0.871594098312
0.85661206984
0.841147971364
0.840757228635
0.851098926364
0.855203197031
0.847224332664
0.837612244735
0.83789013456
0.844188358809
0.845193538188
0.839110944717
0.834374061593
0.83658592441
0.839823107337
0.837630823168
0.833289927171
0.833252757811
0.835560112337
0.834644105132
0.831645684701
0.831474048639
0.832824785033
0.83161214058
0.82969817553
0.830167519386
0.830438574008
0.828870571187
0.828205976366
0.828689477529
0.827837495375
0.826856492433
0.827084444762
0.826575748395
0.825652687074
0.825689023971
0.825197278221
0.824425796278
0.824364983762
0.823722858683
0.823204222036
0.822955771214
0.822217750648
0.821937789094
0.821305105944
0.820840423751
0.82030637186
0.819724710346
0.819195406223
0.818566988059
0.817974824918
0.817338619833
0.81664231774
0.816009809408
0.815212119211
0.814514398829
0.813719318618
0.812852343196
0.812034100881
0.811159158231
0.810191181459
0.809185340385
0.808161819958
0.807115132747
0.806064589463
0.805146653486
0.805185444153
0.810257525889
0.83838799155
0.950673251062
0.811623082057
0.88462955609
0.80612382281
0.85228979373
0.797969602347
0.8426753093
0.814496637758
0.803168406601
0.828008502399
0.794517745942
0.814747373422
0.800629834933
0.797489676495
0.80484223664
0.789784211643
0.801073191287
0.785505759855
0.797761001677
0.784504777269
0.793382285485
0.782394446078
0.790948924659
0.781107536094
0.787248484422
0.779959698988
0.784448908465
0.779133009853
0.780472084215
0.779721254309
0.776658625722
0.779026465762
0.775483631399
0.775512136478
0.775684514442
0.772786458397
0.773301171423
0.772897904289
0.770659058106
0.770025962311
0.770557724723
0.769927791481
0.768216326066
0.76675965151
0.765538316256
0.764515103671
0.763584789012
0.762591064452
0.761851154895
0.762567682065
0.775780057024
0.876164452076
0.829289133494
0.765173789891
0.793132920443
0.888914777808
0.755743173886
0.835582232244
0.763632259671
0.819290212663
0.793483094543
0.7665162866
0.805006897911
0.758372498264
0.773323046432
0.780551129151
0.747972864607
0.773651927823
0.764135802025
0.749342502078
0.766423096985
0.745934446506
0.758786103632
0.751475244149
0.747341332539
0.752836565348
0.743219133971
0.751260555891
0.740405690626
0.748631921602
0.740179685918
0.745699636266
0.738962125548
0.743891029959
0.737987471392
0.741802471297
0.736823462081
0.740308178989
0.735861715568
0.737809217573
0.735792872833
0.73500055516
0.735959281912
0.733135671418
0.734090229452
0.733179886445
0.731446735076
0.732149507295
0.731394337621
0.729588346165
0.729302891292
0.729649730554
0.729043575364
0.727994316936
0.726976554026
0.726415707579
0.7267958662
0.730168685348
0.7427854974
0.781334858062
0.728385714185
0.74192629111
0.769608373453
0.729391803794
0.723187872371
0.752787977374
0.717079854923
0.743889174653
0.726263443838
0.720251499561
0.738839859731
0.717388540923
0.719317973716
0.730616659319
0.715206959785
0.712921952346
0.724654094623
0.722425909289
0.71166786154
0.707667260857
0.711382138853
0.72037576953
0.731709155309
0.735423765217
0.729372208015
0.724649714004
0.732799191231
0.756919353796
0.797880854218
0.70578328422
0.788042437771
0.700270363753
0.774869968636
0.716371818243
0.739801327525
0.736311344691
0.713257525777
0.736368040634
0.700127000986
0.729356894642
0.696308045675
0.714068332723
0.707190006013
0.698412011605
0.710569460166
0.691690601981
0.707071664872
0.691644081055
0.702123425789
0.691877641652
0.698203481209
0.691976302257
0.695350066681
0.690578397167
0.694260883954
0.688543938204
0.69328172029
0.686857533481
0.691895542024
0.685763271083
0.68949576362
0.686189364873
0.685804524749
0.687383945429
0.683459466391
0.685255981839
0.684567708076
0.682004977578
0.68300624298
0.682983373093
0.680953134561
0.679933517046
0.68040281075
0.680875186523
0.680180853415
0.679159856573
0.678484851458
0.678824970894
0.681196266133
0.689054570765
0.7085999733
0.747660048469
0.676081276129
0.725232378247
0.673773477526
0.711083133837
0.673344033376
0.697136587673
0.680328879522
0.684754993974
0.683230205389
0.677486664757
0.679987736027
0.674428393956
0.67561835332
0.67290201642
0.671128534771
0.674021090173
0.666587464443
0.674402482873
0.664271410108
0.67117198744
0.665476001348
0.664930321232
0.668851816701
0.662349209071
0.664098413968
0.665571927294
0.660685022257
0.661729073688
0.663359230648
0.659752556122
0.658753752849
0.660955918854
0.661022181009
0.658200202192
0.656195676686
0.656359160548
0.657734662685
0.659199883135
0.659583438801
0.658220691909
0.657898176937
0.660820941231
0.67023344728
0.690134746357
0.725558181315
0.652101168103
0.708963993696
0.649279045973
0.695296543771
0.653605105632
0.676268747998
0.664087382686
0.660402078382
