1.24566802245
1.24564171879
1.2455904317
1.24551528862
1.24541724026
1.24529707494
1.24515543151
1.24499281079
1.24480958587
1.24460601118
1.24438223061
1.24413828468
1.24387411681
1.24358957893
1.2432844363
1.24295837178
1.24261098947
1.2422418179
1.24185031272
1.24143585901
1.24099777319
1.24053530464
1.24004763697
1.23953388915
1.23899311627
1.23842431027
1.23782640035
1.23719825342
1.23653867436
1.23584640621
1.23512013042
1.23435846699
1.23355997472
1.23272315154
1.23184643488
1.23092820229
1.22996677213
1.22896040463
1.22790730314
1.22680561575
1.22565343737
1.22444881213
1.22318973647
1.22187416274
1.22050000349
1.21906513655
1.21756741099
1.21600465395
1.21437467865
1.21267529347
1.21090431238
1.20905956675
1.20713891869
1.20514027604
1.20306160918
1.20090096968
1.198656511
1.19632651129
1.19390939844
1.19140377729
1.18880845927
1.1861224942
1.18334520434
1.18047622058
1.17751552036
1.1744634673
1.17132085181
1.16808893236
1.1647694765
1.16136480086
1.15787780899
1.15431202573
1.15067162659
1.14696146043
1.14318706334
1.13935466184
1.13547116264
1.13154412706
1.12758172717
1.12359268169
1.11958616935
1.11557171817
1.11155906948
1.10755801669
1.1035782196
1.09962899654
1.09571909834
1.09185646953
1.08804800437
1.08429930693
1.08061446635
1.07699585948
1.0734439945
1.06995740895
1.06653263533
1.06316424588
1.05984498541
1.05656599766
1.05331714598
1.05008742342
1.04686544148
1.04363998009
1.04040057492
1.03713811242
1.03384539772
1.03051765729
1.0271529371
1.02375235826
1.0203201975
1.016863768
1.01339308965
1.00992035409
1.00645920994
1.00302391501
0.999628422438
0.996285484001
0.993005861606
0.989797735116
0.986666377628
0.983614138697
0.980640734001
0.977743792322
0.974919565677
0.972163675749
0.969471758311
0.966839882986
0.964264669001
0.961743082318
0.959271973045
0.95684747723
0.954464446694
0.952116071434
0.949793817459
0.94748772623
0.945187028516
0.94288094057
0.940559459381
0.93821397446
0.935837570658
0.933424997097
0.930972392195
0.928476943959
0.925936689564
0.92335059728
0.920718937748
0.91804379018
0.915329418363
0.912582262367
0.909810445155
0.907022928872
0.904228642975
0.901435912963
0.898652306975
0.895884709729
0.893139263477
0.890420963997
0.887733101796
0.885077057182
0.882452832687
0.879860146196
0.877299416177
0.874772102689
0.872280547556
0.869827896488
0.867418285117
0.865056724284
0.862748141157
0.860495979592
0.858301362502
0.856163124339
0.854078045219
0.852040904195
0.850044916713
0.848082830985
0.846147784265
0.84423323703
0.842332667927
0.840439592931
0.838547332241
0.836648603932
0.834736009116
0.832803081206
0.830844853231
0.828858341687
0.826842825529
0.824799065838
0.822728500954
0.820632966265
0.818514466639
0.816375659572
0.814220098395
0.812051693563
0.809874079195
0.807689697038
0.805499893691
0.803305365194
0.801106538379
0.798903116651
0.796693392307
0.79447410803
0.792241366675
0.789991706665
0.787722719319
0.785433125024
0.783123487132
0.780797046499
0.778458858233
0.776113826191
0.773765465546
0.771414964334
0.769060330675
0.76669571805
0.764312128839
0.761898453755
0.759440925726
0.756924859155
0.754339210473
0.751745392126
0.750082206297
0.763317614832
0.950370501671
0.866915761719
0.789373556565
0.761891207388
0.823216885178
0.784904808234
0.742805805531
0.799844163004
0.735279150454
0.75956871658
0.746970249908
0.733410916292
0.752029012906
0.716209883535
0.724369309165
0.747009779982
0.715712740154
0.705557748296
0.720252317821
0.716054021739
0.710071344353
0.707323438779
0.726906344277
0.770733779088
0.69756368067
0.712952532775
0.724787204535
0.680052331074
0.68129549832
0.712193702639
0.66491775749
0.690639365306
0.667088029257
0.671506994483
0.673432332943
0.652680792521
0.674276289307
0.667211558421
0.64470356712
0.658555221708
0.664935637595
0.640155807861
0.64174039255
0.660169490766
0.653230816708
0.642220797884
0.631092174716
0.624421711698
0.620704075017
0.619922486216
0.624583719172
0.667123213207
0.669779478375
0.612676165718
0.650466964309
0.617509213863
0.618118727282
0.633958942532
0.597522564679
0.613691482106
0.605712984403
0.592051529381
0.603288028277
0.59679383077
0.58544100537
0.583375051058
0.589639774357
0.596125365208
0.588397002523
0.583176762591
0.581707485169
0.59446119205
0.627460028495
0.581340953727
0.574942167701
0.61234371867
0.559263515189
0.597233578774
0.561929519156
0.583667772873
0.558637308895
0.572508312728
0.559846181168
0.564609633977
0.552319568808
0.561573830748
0.546666903988
0.561651935712
0.539471633854
0.553359141834
0.538768044407
0.543842696008
0.542323052661
0.533293410063
0.542736173397
0.53602077175
0.528858486518
0.53629009122
0.534826338985
0.524775400358
0.524597428804
0.531739163004
0.534190465315
0.53229783326
0.52475164593
0.520960904471
0.520899445143
0.535885107925
0.585045325603
0.543359772248
0.512450264905
0.570851568669
0.506357360772
0.539368465103
0.50018115826
0.531474593337
0.509532602579
0.505125521668
0.518406167133
0.493318879901
0.511622894503
0.493776407391
0.49992905009
0.497259397909
0.491585880231
0.494639501725
0.487132717835
0.491255430568
0.48391895863
0.487720480357
0.481787753065
0.483511823866
0.480355793254
0.479245104629
0.47964521416
0.475438516564
0.478197975012
0.473199653691
0.473989272106
0.472634302166
