3.1463123656
3.14621568229
3.14602708947
3.1457505819
3.14538944052
3.14494628915
3.14442314369
3.1438214545
3.14314214264
3.14238563059
3.14155186787
3.140640352
3.13965014512
3.13857988661
3.13742780187
3.13619170746
3.13486901275
3.13345671819
3.13195141019
3.13034925267
3.12864597517
3.12683685761
3.12491671133
3.12287985655
3.12072009573
3.11843068284
3.11600428808
3.11343295765
3.11070806829
3.1078202759
3.10475945774
3.10151464747
3.09807396232
3.09442452129
3.0905523535
3.08644229535
3.08207787515
3.0774411835
3.07251272765
3.06727126763
3.06169363161
3.05575450776
3.04942620913
3.04267840786
3.03547783411
3.02778793489
3.0195684865
3.01077515417
3.00135899065
2.99126586506
2.98043581132
2.96880228452
2.95629131159
2.94282052123
2.92829803592
2.91262120762
2.89567517694
2.87733123523
2.85744496894
2.83585416846
2.8123764887
2.7868068593
2.75891466046
2.72844071025
2.69509415603
2.65854943529
2.61844357959
2.57437429478
2.52589947869
2.47253915455
2.41378122233
2.34909296563
2.27794087202
2.19982193066
2.11430993918
2.02112005805
1.920193214
1.81179807503
1.69664137029
1.57596729232
1.45161560261
1.32600103556
1.20198155276
1.08260662258
0.970777250508
0.868891481871
0.778568220054
0.700521977253
0.63460861368
0.580005205626
0.535454244291
0.49950301062
0.470692770498
0.447681607755
0.42930645657
0.414600313253
0.402782003274
0.393232501934
0.385467128884
0.379108855681
0.373865105185
0.36950871072
0.365862826943
0.362789225049
0.360179325194
0.357947369304
0.356025234536
0.35435849035
0.352903393141
0.351624586659
0.350493334317
0.349486153451
0.34858375456
0.347770212973
0.347032318547
0.346359062429
0.345741229872
0.345171075548
0.344642063338
0.344148656784
0.343686149511
0.343250527339
0.342838355647
0.342446686907
0.342072984424
0.341715059131
0.341371016932
0.341039214607
0.340718222669
0.340406793891
0.340103836447
0.339808390825
0.339519609819
0.33923674101
0.338959111285
0.33868611297
0.338417191282
0.338151832777
0.337889554591
0.33762989425
0.337372399876
0.337116620635
0.336862097296
0.336608352765
0.33635488251
0.336101144767
0.335846550435
0.335590452608
0.335332135655
0.335070803794
0.33480556913
0.334535439113
0.334259303414
0.333975920255
0.333683902257
0.333381701981
0.33306759742
0.332739677903
0.332395831121
0.332033732363
0.331650837631
0.331244383057
0.3308113942
0.330348710303
0.329853030665
0.329320992858
0.328749295694
0.328134883038
0.327475206961
0.326768587878
0.326014680899
0.32521503362
0.324373669146
0.323497535226
0.322596521162
0.32168259256
0.32076755762
0.319859330051
0.318957624013
0.31805172662
0.31712401256
0.316160579793
0.315163841838
0.31415635144
0.313169367576
0.31222320057
0.311315020494
0.310423443824
0.309525316985
0.308611610845
0.307689930797
0.306769575645
0.305841674053
0.30488070414
0.30387416115
0.302841048634
0.301808432853
0.300784171611
0.299769458081
0.298785060744
0.297861206775
0.297003694042
0.296199809797
0.295452050469
0.294763277064
0.294108803142
0.293460350061
0.292808178234
0.292142552379
0.291453383835
0.290751937803
0.290053158368
0.289361004496
0.288683817292
0.28802267723
0.287365935904
0.286709125038
0.28604322424
0.285361140205
0.284666632827
0.283960278474
0.283252017853
0.282547368742
0.281851646162
0.281164362481
0.280482758655
0.279801446129
0.279116371718
0.278424063234
0.277726657261
0.277025497666
0.276324309595
0.275625087278
0.274926482648
0.274226137857
0.273520271697
0.272804147006
0.272072847258
0.271321912391
0.27054895543
0.269764895138
0.269105597668
0.269823991061
0.283448291105
0.274860872905
