1.27924024961
1.27913300691
1.27892390605
1.27861754726
1.27821781169
1.27772791988
1.27715048423
1.27648755578
1.27574066608
1.27491086436
1.27399875063
1.27300450495
1.27192791333
1.27076839051
1.26952499995
1.26819647135
1.26678121577
1.26527733885
1.26368265206
1.26199468241
1.2602106806
1.25832762792
1.25634224201
1.25425098162
1.25205005045
1.2497354004
1.24730273412
1.24474750715
1.24206492976
1.23924996851
1.23629734787
1.23320155179
1.22995682556
1.22655717799
1.22299638412
1.21926798861
1.21536530992
1.21128144561
1.20700927882
1.20254148616
1.19787054733
1.19298875662
1.18788823655
1.182560954
1.17699873904
1.17119330689
1.16513628312
1.15881923274
1.1522336933
1.14537121242
1.13822339028
1.13078192722
1.12303867705
1.1149857063
1.10661535977
1.09792033285
1.08889375063
1.07952925422
1.06982109427
1.05976423178
1.04935444604
1.03858844937
1.02746400828
1.01598007023
1.00413689516
0.991936190306
0.97938124694
0.966477076876
0.953230546514
0.939650505627
0.925747907762
0.911535918732
0.897030009315
0.882248028026
0.8672102496
0.85193939477
0.836460616998
0.820801452092
0.804991727104
0.789063425623
0.773050507531
0.756988682474
0.740915137714
0.724868222612
0.708887093698
0.693011326031
0.677280498215
0.661733759983
0.646409392471
0.631344372184
0.616573950041
0.602131256775
0.58804694526
0.574348879163
0.561061875625
0.548207507646
0.535803969531
0.523866006412
0.512404906467
0.501428552398
0.490941526845
0.480945265043
0.471438247046
0.462416221359
0.453872451701
0.445797978976
0.438181891069
0.431011593915
0.424273078197
0.417951177024
0.412029810866
0.406492216971
0.40132116127
0.396499131499
0.392008510889
0.387831732252
0.383951412734
0.380350469802
0.377012219327
0.373920456773
0.371059522694
0.368414353799
0.365970520921
0.363714255243
0.361632464122
0.359712737833
0.357943348491
0.356313242332
0.354812026477
0.353429951197
0.352157888581
0.35098730847
0.349910252352
0.348919305875
0.348007570519
0.347168634885
0.346396546
0.345685780941
0.345031219044
0.344428114888
0.343872072215
0.343359018892
0.34288518298
0.342447069979
0.342041441237
0.341665293554
0.341315839945
0.340990491531
0.340686840544
0.340402644365
0.340135810578
0.339884382958
0.339646528366
0.339420524476
0.339204748297
0.338997665435
0.338797820068
0.338603825573
0.338414355819
0.338228137075
0.338043940562
0.337860575659
0.337676883799
0.337491733132
0.337304014053
0.337112635726
0.336916523789
0.336714619487
0.336505880498
0.336289283836
0.336063831218
0.335828557369
0.335582541748
0.335324924142
0.335054924471
0.334771866878
0.334475207691
0.33416456607
0.333839754925
0.333500807969
0.333147996529
0.332781827013
0.332403007341
0.332012368945
0.331610731958
0.331198707244
0.330776442641
0.330343343828
0.329897830438
0.329437216529
0.328957813706
0.328455322417
0.327925487882
0.32736486576
0.326771425227
0.326144696887
0.325485308207
0.32479401207
0.324070580055
0.323313047492
0.322517682426
0.321679747498
0.320794755515
0.31985961937
0.318872992355
0.317834347667
0.316742103743
0.315592171567
0.31437871504
0.3130974076
0.311748590399
0.310337022454
0.308868691139
0.30734915512
0.305785682495
0.304188899572
0.302568698244
0.300928145227
0.299265039422
0.297578544682
0.295868219408
0.294130142707
0.292363259634
0.290574677176
0.28877014704
0.286947092808
0.285099115613
0.283213431953
0.281273884558
0.279276160031
0.27722378141
0.27511968616
0.272962631037
0.270737639268
0.268429781326
0.266031399897
0.263545622787
0.260974376759
0.258308123303
0.255533251346
0.252652266246
0.249681439019
0.246631467488
0.24350166059
0.24029888227
0.237041019084
0.233744604622
0.23041370197
0.227046097875
0.223647163219
0.22021353567
0.216748790633
0.213265694774
0.209846677383
0.207195069386
0.213046449492
0.282236679962
0.298527514831
0.28263870877
0.234107420953
0.274167304202
0.208055113634
0.210941601167
0.214459252826
0.197077885069
0.227833377194
0.199233925584
0.199760274822
0.204264056545
0.186678484981
0.185059357168
0.188574877498
0.176958818479
0.186268591625
0.184275220109
0.174293249415
0.180794149012
0.170793714002
0.170312051529
0.172677800786
0.16842104346
0.170716408913
0.169145389728
0.165752577219
0.165648935808
0.160871869077
0.162191020722
0.159610812313
0.160213915107
0.157994614866
0.15583925004
0.15350509342
0.152935345469
0.150695714762
0.150943880762
0.14814161787
0.145624659693
0.146676809995
0.147774421708
0.14279996237
0.140871820751
0.141750092542
0.142090356445
0.143735227959
0.137873927044
0.134762568407
0.133447383289
0.133575344046
0.135546412699
0.135570359405
0.138729952968
0.13270828968
0.130560663099
0.127969972425
0.126817183944
0.125944721655
0.126727789263
0.129249687842
0.147378581836
0.121527325971
0.145076688595
0.13850119933
0.13804130269
0.133153457406
0.118984128051
0.127661630149
0.123300029277
0.119118833568
0.122845404265
0.117615337814
0.121965161719
0.113798444536
0.121392208053
0.112767633298
0.116087220825
0.114822115656
0.111374940212
0.114757711609
0.110010169566
0.113112941271
0.108917061609
0.111710797735
0.107989102968
0.109893200289
0.107373032614
0.108747909987
0.10649007069
0.107560837925
0.105843048037
0.106775367702
