1.7097316988
1.70971986944
1.70969680191
1.70966299838
1.7096188795
1.70956479092
1.70950100917
1.70942774687
1.70934515725
1.7092533382
1.70915233578
1.70904214727
1.70892272385
1.70879397281
1.7086557595
1.70850790895
1.7083502071
1.70818240192
1.7080042041
1.70781528768
1.70761529031
1.70740381339
1.70718042199
1.70694464459
1.70669597266
1.70643385998
1.70615772195
1.70586693457
1.70556083339
1.70523871225
1.70489982182
1.70454336811
1.70416851067
1.70377436074
1.70335997918
1.70292437426
1.70246649928
1.70198524997
1.70147946177
1.70094790685
1.70038929099
1.69980225018
1.69918534709
1.69853706717
1.69785581467
1.69713990822
1.6963875763
1.69559695224
1.69476606905
1.69389285381
1.69297512175
1.69201056991
1.69099677039
1.68993116314
1.68881104828
1.68763357785
1.68639574705
1.68509438483
1.68372614375
1.68228748924
1.68077468795
1.67918379525
1.67751064183
1.67575081922
1.6738996641
1.6719522415
1.66990332643
1.66774738409
1.66547854836
1.6630905983
1.66057693271
1.65793054216
1.65514397859
1.65220932183
1.64911814302
1.64586146422
1.64242971413
1.63881267908
1.63499944903
1.6309783579
1.62673691752
1.6222617446
1.61753847997
1.61255169927
1.60728481449
1.60171996551
1.5958379011
1.58961784914
1.58303737583
1.57607223444
1.56869620496
1.56088092673
1.55259572815
1.54380745909
1.53448033486
1.52457580384
1.51405245573
1.50286599324
1.49096929715
1.47831262375
1.4648439838
1.45050976428
1.43525566803
1.41902806172
1.4017758408
1.38345294208
1.36402166266
1.34345698099
1.32175212146
1.29892564728
1.2750303711
1.25016425292
1.22448305372
1.19821360925
1.17166499216
1.14523263851
1.11938852115
1.09465043651
1.07152770017
1.05044986499
1.03169635191
1.01535085466
1.00129854333
0.989267631455
0.978899493764
0.969823507022
0.961716596783
0.954337677928
0.947536795743
0.94124426287
0.935446696247
0.930156521588
0.925380971313
0.921096541216
0.917234810793
0.913684246229
0.910309021744
0.906980150037
0.903608187786
0.900163609007
0.896673573963
0.893193227777
0.889763171377
0.886375610685
0.882971574996
0.879476402478
0.875856025029
0.872157394784
0.868499435223
0.865012837498
0.861771753487
0.858777472259
0.856010115476
0.853487346915
0.851249493165
0.849278024969
0.847456962496
0.845650800809
0.843813393085
0.841986642265
0.840207264621
0.838475519318
0.836817100863
0.83529619885
0.833930922542
0.83265341599
0.831384724425
0.830094291107
0.828765507829
0.82737738631
0.825955248908
0.824566123609
0.823236539114
0.82194490477
0.820671208628
0.819375697721
0.818011787464
0.816595162761
0.815160611921
0.813721155052
0.812289072227
0.810842312324
0.809360634866
0.807859705246
0.806353954542
0.80486801117
0.803394057987
0.80191606136
0.8004292096
0.798943244316
0.797466276507
0.795984696805
0.794481408482
0.792958039684
0.791426699126
0.789892984605
0.788342094324
0.786768821556
0.785179214506
0.783570543319
0.781933315702
0.780267396815
0.778576295469
0.776851694869
0.775085745024
0.773281375642
0.771439162057
0.769586518629
0.76799105384
0.768908182673
0.790209332798
0.932063741004
0.876853433644
0.797445202507
0.891046419266
0.797427582136
0.866573567566
0.85957939455
0.80002360469
0.846084990296
0.755567762272
0.813894490529
0.827811778121
0.768287696379
0.784129243476
0.811391972539
0.758952071095
0.763471009215
0.786227873914
0.74775142733
0.768197226282
0.76517632267
0.741100410316
0.762462418146
0.744024220578
0.74760181192
0.751257032604
0.733950492701
0.747436860077
0.733248015736
0.743506317041
0.733136562055
0.736806548995
0.732029477042
0.73311483441
0.731446945313
0.729658889335
0.727723422302
0.728663827361
0.724196099322
0.727503581441
0.72099747575
0.724896123937
0.720395523076
0.720251016345
0.720590975681
0.716460388034
0.717809697554
0.716314932183
0.713203782488
0.71349248257
0.713076410824
0.710766887903
0.708685635837
0.707512430555
0.707244206205
0.708547024625
0.713570601821
0.725957261154
0.756931977838
0.70071559253
0.736359235231
0.698749150839
0.723283243561
0.697648707424
0.710643231959
0.702458577866
0.696145523031
0.707759686944
0.688725639117
0.69870872831
0.694600571485
0.684752142584
0.692047607003
0.690665239296
0.682366170428
0.681192118764
0.686415487131
0.691164377791
0.687969191232
0.684003700832
0.680635445596
0.681408179704
0.68836030369
0.712790127645
0.751090832008
0.673331697684
0.716808401856
0.66673045998
0.706765117582
0.668409309336
0.691235348443
0.673398946958
0.676458238955
0.67585926292
0.668266406939
0.671947411805
0.662416601029
0.665587856703
0.662900767848
0.658070880708
0.663925223517
0.652579542823
0.662283691814
0.650565461363
0.655787033304
0.654337723619
0.647541961042
0.653359217073
0.649628542506
0.644970350563
0.648992507697
0.64906334774
0.642864163484
0.641749871218
0.64497240349
0.645856247872
0.642740144083
0.639138822345
0.636914256243
0.635643777162
0.635471701502
0.639885938495
0.667054479272
0.648555331493
0.629819599612
0.637115434103
0.65358717625
0.656544664684
0.637299750068
0.625082561853
0.624020004315
0.635725601235
0.672279122387
0.625552101576
0.635157000704
0.656278838684
0.62112327059
0.622132098633
0.6456476705
0.630306920172
0.612880033325
0.617390564932
0.633619170087
0.641505856767
0.626697070398
0.613371503362
0.605727275904
0.605220964905
0.60953617332
0.633299887026
0.717325112292
0.610730380984
0.65901497325
0.609358094358
0.631597644639
0.623721401786
0.600822568882
0.630225944136
0.608508179729
0.618177591391
0.604658348174
0.613925805402
0.599872085715
0.614868644282
0.5905879078
0.612170546203
0.588478508449
0.606880929271
0.58898144318
0.59435128723
0.596209091301
0.583712187038
0.594867174213
0.585284288746
0.583714518256
0.591626031046
0.58347196899
0.579176584132
0.584685036842
0.584790367874
0.578342611502
0.575728111507
0.577901409625
0.582411152453
0.584585466084
0.582272357162
0.580161919369
0.582820861891
0.591551353527
0.610979490787
0.632369826265
0.644551778056
0.618703408382
0.598954941683
0.597744820717
0.641369909022
0.57674016159
0.575260933682
0.627930547591
0.560487120934
0.61843426786
0.560270638587
0.604166047346
0.589116738232
0.565868965859
0.597043361355
0.565195872735
0.564520807049
0.582068296689
0.554601140263
0.567813799548
0.566979671854
0.552583025357
0.567660295816
0.552952048558
0.558156439967
0.557639107404
0.550921553686
0.557811332447
0.547884536319
0.555368705813
0.547263996358
0.552553065462
0.546774303795
0.550332242416
0.545896841174
0.54871549554
0.544599867034
0.547421777494
0.543298811737
0.546031059986
0.542224950449
0.544215867802
0.541791764851
0.541727729117
0.541968219975
0.539607189551
0.540685969426
0.539346427822
0.53799906534
0.538655965116
0.537667886347
0.536127750058
0.535913095292
0.53622487421
0.535794444111
0.534884551238
0.534097520806
0.534046488024
0.536695092205
0.548233641827
0.586579490042
0.539042504063
0.540012189867
0.5712199192
0.530357076061
0.570455265692
0.541332746689
0.549931341646
0.549578101976
0.535822018717
0.546270939472
0.530196890764
0.539839317449
0.528373971226
0.532400469873
0.528523820152
0.525554203162
0.531063057447
0.51947322009
0.530786989656
0.518878443517
0.523304166957
0.523141438531
0.516096290982
0.52207599198
0.519697315151
0.51437456112
0.517253065684
0.51881857898
0.514270964988
0.512023680585
0.513904182933
0.516323430594
0.515655060344
0.51379738134
0.512887694899
0.514778151203
0.521970826258
