1.15051404391
1.07130291156
0.92440821305
0.737296929935
0.556488894503
0.425155791583
0.354221601426
0.326681773168
0.32130863205
0.324609549428
0.33029370559
0.33595706413
0.340867885309
0.344919707123
0.348204895241
0.350857313381
0.35300100003
0.354737672109
0.356147127338
0.357291075905
0.358217208384
0.358962599562
0.359556331186
0.360021447278
0.360376395182
0.360636086795
0.36081268398
0.360916184566
0.360954863782
0.360935610258
0.360861489386
0.360734716488
0.36055673821
0.360328288627
0.360049423673
0.359719536215
0.359337353013
0.358900913834
0.358407532177
0.357853736177
0.357235187362
0.356546573967
0.355781474334
0.35493218467
0.353989503856
0.352942466331
0.351778012249
0.350480582431
0.349031624734
0.347408999462
0.345586277029
0.343531936153
0.341208505356
0.338571763892
0.335570267562
0.33214576121
0.328235612911
0.323779477367
0.318734284649
0.313104565685
0.306998163022
0.300715145678
0.294852851446
0.290329381471
0.288093775061
0.288322479212
0.289642893701
0.289643855431
0.286827762815
0.281761441414
0.276493931077
0.272639414043
0.270422595859
0.269138092055
0.26794527927
0.266298414046
0.264053239622
0.261453886297
0.259048785219
0.257422923128
0.25668443033
0.256138347268
0.254918328043
0.253077510406
0.251428392345
0.250399094139
0.249678489549
0.248764069973
0.24749409242
0.246161151763
0.245177020676
0.244483680579
0.243550623188
0.242305899909
0.241250814118
0.240473797948
0.239610112575
0.238575746567
0.237666111619
0.236895237495
0.235922467296
0.234839020978
0.233873846619
0.232870644626
0.231841624181
0.231042453233
0.230348929282
0.229634004748
0.229085021821
0.2285704245
0.227964911122
0.227374808891
0.226728074794
0.226086512315
0.225515748485
0.224924624657
0.224352581252
0.223698092815
0.223014413379
0.222313745298
0.221632878898
0.220969729035
0.220305288509
0.21965363314
0.219002426646
0.218356882708
0.217690516442
0.217013368359
0.216345295966
0.215687843352
0.215043851416
0.214384080252
0.213713091736
0.21304664604
0.212386557496
0.211732255961
0.21107555163
0.210410421373
0.209737910121
0.209114499294
0.209017145057
0.214261252067
0.233894607299
0.254254575197
0.27638818598
0.266655899509
0.242163641405
0.224065872522
0.225776801916
0.232449556938
0.227121456773
0.223802460089
0.224089608149
0.22507031478
0.225930407626
0.226519064588
0.226729882001
0.226521252615
0.225987599918
0.225321780585
0.224666669567
0.224051142285
0.223415806485
0.222723952565
0.22202318806
0.221228066402
0.220254534342
0.219365122008
0.218733726298
0.218404034394
0.218058350469
0.217377690092
0.216516518452
0.215865447809
0.214190499278
0.212839999709
0.212559423503
0.212730859918
0.212101008968
0.210979953963
0.210462851411
0.209919682605
0.209601569259
0.20880806456
0.207866072818
0.20765740381
0.206858247755
0.205946459779
0.205366664746
0.204542026148
0.204265774628
0.205264793012
0.219123187291
0.206975233102
0.226748805234
0.208319241564
0.214206918761
0.217306288
0.209851705039
0.207241849708
0.209139956205
0.206652576026
0.206298518474
0.203630204338
0.207115038804
0.210615163465
0.203334036549
0.216651934506
0.203882569949
0.209354063031
0.202466823248
0.206010383604
0.202218824084
0.201968209032
0.208146920798
0.205959919435
0.20192130832
0.213341945741
0.200968833863
0.206455205665
0.198603616395
0.203164728522
0.195037407863
0.199734192142
0.19777472727
0.194736974814
0.193840038561
0.194854263476
0.194229197415
0.191743344309
0.193052437188
0.194409783439
0.19019920631
0.188802709615
0.188869533018
0.189787755928
0.193895162345
0.194556562809
0.204834663339
0.198768142548
0.210401913859
0.198903420946
0.200978956166
0.203607168929
0.19142669903
0.200536148231
0.194359211672
0.191520727177
0.199494201759
0.195005772584
0.190626184477
0.189982529028
0.185283096215
0.187988506768
0.188388489334
0.187971429873
0.18821095359
0.184953015149
0.182852669285
0.182819883184
0.184870191996
0.182512996573
0.180999253954
0.182525670546
0.181410329415
0.180984424416
0.179337997181
0.180715738649
0.179955291757
0.178891791204
0.180256626051
0.179233735101
0.17802979872
0.17862250703
0.179608224613
0.177826713015
0.176994753701
0.178465685533
0.17918428357
0.180478186915
0.178413186013
0.175431075919
0.175806567269
0.17661480835
0.179709520589
0.184415526509
0.190635895291
0.179693817574
0.175810543807
0.176579595836
0.174034873839
0.174679476869
0.181123645096
0.201474910449
0.216084419749
0.236202433871
0.216527460035
0.197807149379
0.216359032878
0.22380870197
0.205802693741
0.201852087599
0.208026270933
0.210997660352
0.206141345324
0.198946567819
0.199501300921
0.199355554213
0.19263321425
0.194209439608
0.195941883596
0.192714373589
0.192180081799
0.191537410652
0.189094989383
0.189687771072
0.188236869155
0.186048567327
0.186242174881
0.184781300613
0.184734954208
0.183432318542
0.183221614199
0.182641175059
0.182395999686
0.181516260646
0.181639854564
0.181036320499
0.181164412178
0.180069555193
0.179727899276
0.179530762263
0.179110292449
0.179079169244
0.178818429411
0.178284945421
0.177917455707
0.177808214929
0.177924793746
0.178520850462
0.178875538891
0.180299671189
0.17957518748
0.18287019632
0.182642856782
0.193281470371
0.178180568867
0.207755672059
0.179467947083
0.194222018619
0.184496742443
0.179911896284
0.187153038818
0.175053387073
0.180983505538
0.181334328481
0.174366491472
0.181109403505
0.174699250507
0.176875169281
0.177775647492
0.173700943051
0.177289157147
0.173346216239
0.175000797683
0.174732302649
0.173166491114
0.174466381047
0.172318494635
0.173786830414
0.172019963115
0.173274830235
0.171592807726
0.172619375777
0.1714431286
0.172226960112
0.171127026058
0.171582247523
0.171009259165
0.170940721675
0.170940253548
0.170400656038
0.170745862582
0.170395409918
0.170003991406
0.170285295711
0.170137741867
0.169599580418
0.169511562285
0.169738916217
0.1697909491
0.169679627665
0.169311482054
0.169226843909
0.169459214439
0.17111320142
0.174015197896
0.186229861593
0.170854828987
0.198849576548
0.170171238206
0.185667038962
0.179497622372
0.169922535647
0.182916861141
0.16930329081
0.172823884615
0.177177577236
0.167672715145
0.173309623945
0.170491107227
0.168399050917
0.172422295529
0.166672716534
0.170648295624
0.167284168927
0.168131291584
0.16883066075
0.166070426038
0.168737617293
0.1655652293
0.167738859942
0.165515228442
0.167171710375
0.16515212742
0.166484137774
0.165044535109
0.16622220006
0.164642734867
0.165590903685
0.164493506196
0.1650665268
0.164589414922
0.164284538442
0.164732794683
0.163889271568
0.163930142403
0.164022084343
0.163382719499
0.163312923654
0.163395528749
0.162953238591
0.162409306968
0.162259409989
0.162435659532
0.162473778873
0.162660833561
0.162362241469
0.162637073476
0.163019080152
0.165376885862
0.16560561137
0.169244921321
0.163767213391
0.161794675288
0.160564477239
0.160158653468
0.160472823228
0.164714553599
0.188068039412
0.21213785085
0.228760265903
0.200414002898
0.178426137001
0.203959039206
0.21294545448
0.199225813422
0.190043381444
0.191382492966
0.196803660313
0.200536122339
0.199268050858
0.192323861886
0.183284720853
0.179799505834
0.18427653658
0.182508143303
0.176485654658
0.179160865823
0.181436423477
0.177342535114
0.173714266307
0.175633838778
0.175864258323
0.174359486845
0.175289149303
0.175865785578
0.173816015096
0.172370994327
0.173161930566
0.172173769336
0.170991112813
0.171744201414
0.171224664018
0.170712132526
0.171380030716
0.169984663135
0.169678653814
0.16975632717
0.169067123954
0.169259700517
0.168472538853
0.168054112214
0.167875132549
0.167339555672
0.16765656557
0.167350691772
0.167248618353
0.166758391937
0.166677553031
0.166357437119
0.166211056486
0.166072854511
0.165754423009
0.165631127795
0.165352536975
0.165039446961
0.16492008236
0.164784789521
0.16461121921
0.164403200042
0.164308450596
0.164399113261
0.165270474663
0.167728853653
0.178044422615
0.163458190587
0.17887469966
0.165015850213
0.172457766965
0.163399066805
0.169705653352
0.163650198102
0.166804329207
0.164953929818
0.164467452211
0.16374471501
0.164353703889
0.163364639021
0.163729910449
0.161782799677
0.163761249426
0.161016896791
0.163859682223
0.160813882973
0.161895898571
0.161438624595
0.160102726958
0.161337742345
0.160203177308
0.15973594292
0.160501842442
0.159965445494
0.159258138389
0.159118733863
0.159482473105
0.16006124742
0.160038262698
0.160643512911
0.160693394163
0.161622145323
0.160791491145
0.161944516571
0.162305911499
0.166529394076
0.165660611841
0.17268355554
0.159357850505
0.180883443833
0.157652568766
0.171977170503
0.163115375433
0.162237808685
0.164322106755
0.159267507145
0.164380502936
0.156186031598
0.163855935109
0.156657498551
0.159401533513
0.159907351935
0.155576345028
0.159990776684
0.155475456911
0.157933098141
0.156591884476
0.156036198546
0.156569591273
0.155306308224
0.156235572752
0.154689842922
0.155774440451
0.154554173349
0.155149498546
0.154340516465
0.15452072199
0.15435692787
0.153923239063
0.154407453915
0.153504898494
0.153892084213
0.153573559721
0.153179888947
0.153462257227
0.153121014116
0.152793358614
0.15288562426
0.152852893627
0.152621861595
0.152336017771
0.152131089439
0.151975673835
0.151850307165
0.151841085898
0.152594005802
0.158556596906
0.180743064549
0.181327118071
0.170713186682
0.188008420633
0.173960808269
0.174126242842
0.185141219297
0.162055791658
0.170272360705
0.184125719555
0.159682915647
0.162937129948
0.175427749186
0.171688393416
0.158166436377
0.156441390965
0.165688013823
0.167698695658
0.160510705318
0.156501469179
0.15936493734
0.162575191172
0.161359774694
0.157255243717
0.155813666188
0.158162620357
0.15848383223
0.15518618676
0.153666468
0.155217768174
0.155290734362
0.153148182469
0.152874813385
0.154407082321
0.153549883096
0.152366647344
0.153197320946
0.153159539584
0.15201758249
0.152238418914
0.152499842031
0.15170975311
0.151783257625
0.152132341134
0.151580560157
0.151431117821
0.151613666835
0.151133023816
0.151154516862
0.151228080766
0.150886664924
0.151005724753
0.150877906832
0.150663396239
0.150737447032
0.15050523408
0.150519938819
0.150443166532
0.150320071108
0.150324587594
0.150143474536
0.150142048091
0.14998491452
