0.521663136128
0.521496474344
0.521171811987
0.520696852105
0.520078415527
0.519322514243
0.518434421831
0.517418740784
0.516279466659
0.515020049117
0.513643449959
0.512152198336
0.510548443341
0.508834004189
0.507010418236
0.505078987042
0.503040820729
0.50089688081
0.498648021703
0.496295031076
0.493838669171
0.491279707216
0.488618964982
0.485857347545
0.482995881233
0.480035748713
0.476978323153
0.473825201294
0.470578235284
0.467239563027
0.463811636797
0.460297249782
0.456699560217
0.453022112713
0.44926885635
0.445444159085
0.441552818033
0.437600065121
0.433591567699
0.429533423649
0.42543215062
0.421294669067
0.417128278833
0.412940629151
0.408739682012
0.404533669017
0.400331041973
0.396140417627
0.391970517129
0.387830100968
0.383727900275
0.379672545558
0.375672494031
0.371735956835
0.367870827482
0.364084612908
0.360384368493
0.356776638362
0.353267402156
0.34986202935
0.346565241987
0.343381086493
0.340312915009
0.337363376424
0.334534417042
0.331827290557
0.329242576824
0.326780208672
0.324439505852
0.322219215104
0.320117555203
0.318132265831
0.316260659091
0.314499672538
0.312845922633
0.311295757641
0.309845309109
0.308490541158
0.307227296983
0.306051342076
0.30495840383
0.303944207285
0.303004506906
0.302135114388
0.301331922549
0.300590925458
0.299908234987
0.299280094049
0.298702886755
0.298173145813
0.297687557433
0.297242964045
0.296836365115
0.296464916323
0.296125927366
0.29581685862
0.295535316876
0.29527905035
0.29504594313
0.294834009228
0.294641386348
0.29446632951
0.294307204606
0.294162481983
0.294030730106
0.293910609383
0.29380086616
0.293700326957
0.29360789295
0.293522534726
0.293443287335
0.293369245634
0.293299559946
0.293233432032
0.293170111379
0.293108891807
0.293049108394
0.292990134718
0.292931380421
0.292872289078
0.29281233638
0.292751028619
0.292687901466
0.292622519026
0.292554473159
0.292483383022
0.292408894818
0.292330681678
0.292248443624
0.292161907524
0.292070826928
0.291974981667
0.291874177053
0.291768242518
0.291657029523
0.291540408533
0.291418264953
0.291290493876
0.291156993689
0.291017658623
0.290872370588
0.290720990794
0.290563351931
0.290399251856
0.290228449887
0.290050666778
0.289865589197
0.289672879058
0.289472187268
0.289263170544
0.289045509013
0.288818921677
0.28858317676
0.288338094626
0.288083542528
0.28781942248
0.287545655731
0.287262168751
0.286968885832
0.286665731821
0.286352645455
0.286029599783
0.285696622731
0.285353809375
0.285001319281
0.28463935769
0.284268146943
0.283887901032
0.283498817084
0.283101089813
0.282694940578
0.282280639695
0.28185849994
0.281428835268
0.280991902711
0.280547858439
0.280096747634
0.279638519526
0.279173040534
0.278700092667
0.278219382426
0.277730604889
0.277233573411
0.276728363371
0.276215405041
0.275695523169
0.275169974402
0.274640488326
0.274109239451
0.273578711729
0.27305152405
0.272530256709
0.272017192881
0.271513967266
0.271021314662
0.270539033573
0.27006611787
0.269601116038
0.269142727587
0.268690410369
0.268244915882
0.267808654017
0.267385541255
0.266980266356
0.266596977826
0.266237526016
0.265899984311
0.265578163854
0.265262693533
0.264943512095
