1.20136639368
1.20134198872
1.20129440242
1.20122467841
1.20113369526
1.20102217995
1.20089071979
1.20073977311
1.20056967881
1.20038066468
1.20017285498
1.19994627689
1.1997008664
1.19943647328
1.19915286549
1.19884973301
1.19852669107
1.1981832829
1.19781898211
1.19743319457
1.19702525999
1.19659445315
1.19613998488
1.19566100272
1.19515659138
1.19462577304
1.19406750741
1.19348069168
1.19286416035
1.19221668498
1.19153697384
1.19082367159
1.1900753589
1.18929055212
1.18846770301
1.1876051986
1.18670136117
1.18575444837
1.18476265368
1.1837241071
1.18263687617
1.18149896746
1.18030832851
1.1790628504
1.17776037093
1.17639867862
1.17497551754
1.17348859322
1.17193557966
1.17031412763
1.16862187449
1.16685645566
1.16501551785
1.1630967345
1.16109782339
1.15901656688
1.15685083492
1.15459861112
1.15225802218
1.14982737093
1.1473051733
1.14469019931
1.14198151855
1.13917855003
1.13628111673
1.13328950464
1.13020452629
1.12702758836
1.12376076285
1.12040686096
1.11696950865
1.11345322202
1.10986348083
1.10620679737
1.10249077743
1.09872416979
1.09491689946
1.09108007953
1.08722599594
1.08336805874
1.07952071332
1.07569930523
1.07191989241
1.0681990002
1.06455331576
1.06099932164
1.05755287115
1.0542287129
1.05103997646
1.04799763676
1.04510998011
1.0423820999
1.039815454
1.03740751805
1.03515156895
1.03303663005
1.03104760365
1.02916560757
1.02736852141
1.02563173438
1.02392907232
1.02223386674
1.02052011511
1.01876366916
1.01694337881
1.01504211264
1.01304757401
1.0109528351
1.00875652119
1.00646259597
1.00407972658
1.00162024526
0.999098770794
0.9965306039
0.993930058668
0.991308927308
0.988675287211
0.986032837917
0.983380896619
0.980715086908
0.978028638389
0.975314094246
0.972565125087
0.969778096201
0.966953052811
0.964093884107
0.961207595298
0.958302830405
0.955387998556
0.952469500394
0.949550568266
0.946631089536
0.943708491813
0.940779408579
0.937841538102
0.934894990793
0.931942574901
0.928988880513
0.926038547172
0.923094510686
0.92015709246
0.917224421624
0.914293992702
0.91136450167
0.908436876715
0.905513848333
0.902598318375
0.899691635732
0.89679303276
0.893900685088
0.891013607792
0.888132878428
0.885261216504
0.882401454382
0.879555580062
0.876725562419
0.873915317539
0.871131826736
0.868384276633
0.865682436164
0.863036451741
0.860458271749
0.857962402323
0.855564355752
0.853278380792
0.851116890224
0.849090742661
0.847207681104
0.845469601661
0.843872011093
0.842405483667
0.841055981351
0.839804809987
0.838630854466
0.837512777903
0.836429179594
0.835360001874
0.834288884848
0.833203085331
0.832093687189
0.83095666184
0.829791740487
0.828602276103
0.827395073633
0.826178070563
0.824959456727
0.823745962871
0.822542432251
0.821352287616
0.820177484916
0.819019302738
0.817877434658
0.816749339084
0.81562887452
0.814507234652
0.813374740859
0.812223365252
0.811048425481
0.809848751549
0.808625830896
0.807382206168
0.806119428133
0.804835554642
0.803523834371
0.802173643192
0.800773389375
0.799312916595
0.797783746115
0.796178698004
0.794492247934
0.79273426922
0.791072292829
0.79173698469
0.821067502367
1.07420167662
0.968651585765
0.983642121716
0.954639005231
0.988279936454
0.879667009343
0.973056173702
0.944010988935
0.965314023839
0.833764753365
0.94261583948
0.952789443293
0.914275548561
0.908340692242
0.838192968112
0.823197434056
0.853572214744
0.856267583704
0.78674242151
0.819484217604
0.842917508426
0.843154525623
0.801794586661
0.773889835952
0.77907454711
0.815794351798
0.784390755256
0.759675697037
0.764293592645
0.780661350966
0.779199334829
0.757021663083
0.747112127682
0.760020262339
0.758182452843
0.74180986026
0.745418273075
0.752863197323
0.740666860896
0.734537502288
0.743527931104
0.734017856053
0.730357842321
0.734814746944
0.728757519523
0.725091824555
0.729497917745
0.721848853354
0.7222850358
0.719540249924
0.715799015482
0.719767151114
0.718883570298
0.72729366219
0.728241906593
0.722992849343
0.731354563333
0.749737832854
0.78678999576
0.713659427627
0.800601176136
0.701554952742
0.7821220215
0.755011744687
0.712096523435
0.759419118496
0.697355879929
0.718695252385
0.731020573877
0.682790925041
0.71878109062
0.723510028007
0.678442529531
0.703269043713
0.707841543101
0.678965828992
0.6911112188
0.695675903813
0.672279320029
0.686652540633
0.684544485462
0.669644792712
0.682431396168
0.672444548575
0.671254092154
0.675380533731
0.664964440537
0.672363658561
0.665009351127
0.66612701319
0.665859771704
0.661590710429
0.664016885811
0.658732698723
0.66163821368
0.656474144986
0.658835309703
0.654607405602
0.65604338621
0.652379184234
0.65350427282
0.650233333391
0.650510214994
0.648230916759
0.647298561747
0.646514163142
0.64405770697
0.643777657135
0.642231652431
0.639982879083
0.638993281451
0.638251378307
0.636842609905
0.635145819278
0.63383183508
0.634391168464
0.639351482374
0.659146580183
0.700525253358
0.634850078609
0.656428335718
0.682065151359
0.637765297946
0.627394739923
0.661726141149
0.615618734549
0.635783013989
0.626988763756
0.612252469676
0.635586171547
0.612451048865
0.605944095913
0.6154969586
0.607261186426
0.597242584895
0.596720037418
0.600055427883
0.607122414599
0.612624530997
0.614019881905
0.600223448156
0.593453776134
0.593670910172
0.605115559454
0.626338502813
0.685126713338
0.587953404617
0.67606684979
0.572137922431
0.645807815535
0.584081255491
0.610686296788
0.643998741596
0.583086683899
0.573028904374
0.613373856957
0.606075882902
0.564778566998
0.571807544552
0.594645467146
0.574831855464
0.558353435599
0.572692129117
0.575233516306
0.555677144896
0.557909289863
