1.30618524805
1.30552597748
1.30424088921
1.30235893095
1.29990492292
1.29689990611
1.29336146323
1.28930401438
1.28473908968
1.27967558124
1.2741199767
1.2680765768
1.26154769917
1.25453387062
1.24703401027
1.23904560562
1.23056488385
1.22158698031
1.2121061066
1.20211572014
1.19160869731
1.18057751236
1.16901442389
1.15691167095
1.14426168047
1.13105728779
1.11729197174
1.1029601054
1.08805722352
1.07258030698
1.05652808418
1.03990134842
1.02270328975
1.00493983855
0.986620016929
0.967756292891
0.948364930481
0.928466327746
0.90808533252
0.887251524439
0.865999450034
0.844368796373
0.822404487806
0.800156689953
0.777680705413
0.755036746961
0.732289576341
0.709508000315
0.686764220427
0.664133038891
0.641690929934
0.619514993501
0.597681815973
0.576266269859
0.555340290683
0.534971673818
0.515222936221
0.496150287481
0.47780275115
0.460221470967
0.443439227839
0.42748018281
0.412359849704
0.398085289579
0.384655508464
0.372062031007
0.360289616109
0.349317076757
0.339118165113
0.329662485258
0.320916399384
0.312843898163
0.305407411884
0.298568545151
0.292288724032
0.286529750077
0.281254260433
0.276426097098
0.272010591283
0.267974770793
0.264287499529
0.26091955867
0.257843679042
0.255034533703
0.252468699073
0.250124592006
0.247982389274
0.246023934927
0.244232640099
0.242593378931
0.241092383553
0.239717140385
0.238456289422
0.237299527742
0.236237518042
0.235261802708
0.234364723693
0.233539348267
0.23277940056
0.232079198745
0.23143359759
0.2308379361
0.230287989925
0.229779928185
0.229310274397
0.228875871149
0.228473848218
0.228101593815
0.227756728688
0.227437082794
0.22714067431
0.226865690755
0.226610472005
0.226373495023
0.226153360125
0.225948778633
0.225758561763
0.225581610639
0.225416907303
0.225263506627
0.22512052903
0.224987153932
0.224862613847
0.224746189078
0.224637202931
0.224535017414
0.224439029365
0.224348666976
0.224263386671
0.224182670312
0.224106022701
0.224032969365
0.223963054598
0.223895839743
0.22383090171
0.22376783172
0.223706234261
0.223645726275
0.22358593655
0.223526505353
0.223467084293
0.223407336423
0.223346936614
0.223285572201
0.223222943921
0.223158767159
0.223092773524
0.22302471274
0.222954354877
0.222881492876
0.222805945344
0.222727559533
0.222646214398
0.222561823558
0.222474337939
0.222383747786
0.222290083683
0.22219341613
0.222093853192
0.221991535748
0.221886629934
0.221779316577
0.221669777763
0.221558181166
0.221444663442
0.221329314661
0.221212166433
0.221093186619
0.220972283257
0.22084931914
0.220724136403
0.220596587706
0.220466567904
0.220334038376
0.220199036569
0.220061666343
0.219922069946
0.219780388513
0.219636722594
0.219491105446
0.219343498604
0.219193812157
0.219041943485
0.218887820728
0.218731434199
0.21857284219
0.218412147603
0.218249455821
0.21808483641
0.217918313508
0.217749896527
0.217579637353
0.217407677994
0.217234252992
0.217059640382
0.216884094122
0.216707806142
0.216530919528
0.21635356583
0.216175874135
0.215997927465
0.215819702511
0.215641057171
0.215461781492
0.215281646311
0.215100378066
0.214917584048
0.214732723352
0.214545152648
0.214354165909
0.214158974623
0.213958706625
0.213752501793
0.213539623766
0.213319487302
0.213091678675
0.212856042836
0.212612713466
0.21236203564
0.21210452629
0.211840833177
0.211571571842
0.211297215066
0.211018068743
0.210734231929
0.210445687861
0.210152367367
0.209854116002
0.209550706977
0.209241765531
0.208926769623
0.20860499278
0.208275533367
0.207937414581
0.207589748556
0.207231738049
0.206862529825
0.20648098825
0.206085481991
0.205673694944
0.205242752297
0.2047894508
0.204310371732
0.203801940288
