3.38462979799
3.38457802938
3.38447704951
3.38432899966
3.38413563991
3.38389837942
3.38361830269
3.38329619228
3.38293254823
3.38252760448
3.38208134268
3.38159350345
3.38106359538
3.38049090181
3.37987448569
3.37921319242
3.37850565086
3.37775027251
3.37694524895
3.37608854742
3.3751779047
3.37421081899
3.37318454006
3.37209605726
3.37094208548
3.36971904885
3.36842306201
3.36704990868
3.36559501747
3.36405343436
3.36241979179
3.36068827375
3.35885257656
3.35690586468
3.35484072104
3.35264909105
3.35032221962
3.34785057992
3.34522379312
3.34243053736
3.33945844475
3.33629398422
3.33292232839
3.32932720157
3.32549070607
3.32139312322
3.3170126847
3.31232530915
3.30730429801
3.30191998315
3.29613931756
3.28992539829
3.28323690886
3.27602746534
3.26824484681
3.25983008683
3.2507163969
3.24082788636
3.23007803473
3.21836786195
3.20558372868
3.19159468245
3.17624924447
3.15937150629
3.14075637318
3.12016375226
3.09731143641
3.07186638029
3.04343400579
3.01154511587
2.97563995522
2.93504896325
2.88896988186
2.83644122106
2.7763128572
2.70721610601
2.62753858293
2.53541448485
2.42874988868
2.30531651713
2.16296591246
2.00003342191
1.81599910165
1.61240992099
1.39388873281
1.16875257464
0.948516153151
0.745792237862
0.571086402487
0.430077208947
0.322890847397
0.245454876048
0.191729487177
0.155579645432
0.131799548896
0.116417809057
0.106602001874
0.100417500067
0.0965786028875
0.0942450127042
0.0928727016455
0.0921110933844
0.0917346557492
0.0915983173614
0.0916087340397
0.0917058759718
0.0918512392397
0.0920202775528
0.0921975087545
0.0923733435479
0.0925420235652
0.0927002758429
0.0928464317361
0.0929798483049
0.0931005276395
0.0932088663349
0.0933054909126
0.0933911502133
0.093466645659
0.0935327867308
0.093590363237
0.0936401287421
0.0936827913815
0.0937190095218
0.09374939056
0.093774491711
0.0937948220116
0.0938108450241
0.0938229818972
0.0938316145591
0.0938370888986
0.093839717843
0.0938397842801
0.0938375437949
0.0938331122074
0.0938265887661
0.0938180575391
0.0938075886832
0.0937952396007
0.0937810559943
0.0937650728307
0.0937473152238
0.093727799248
0.093706532692
0.0936835157644
0.0936587417611
0.0936321977063
0.0936038649771
0.0935737199255
0.0935417345082
0.0935078769386
0.0934721123749
0.0934344036605
0.0933947121326
0.0933529985181
0.093309223938
0.0932633510403
0.093215345289
0.0931651764328
0.0931128201822
0.0930582601263
0.0930014899172
0.0929425157529
0.0928813591871
0.0928180602873
0.0927526811574
0.092685309826
0.0926160644831
0.0925450980187
0.0924726027806
0.0923988154127
0.0923240215702
0.0922485602201
0.0921728271269
0.0920972770004
0.0920224236373
0.0919488372428
0.0918771379777
0.0918079846822
0.0917420577083
0.0916800349175
0.091622560232
0.0915702047528
0.0915234214358
0.0914824956884
0.0914474959543
0.0914182302236
0.0913942160837
0.0913746728712
0.0913585440375
0.0913445553448
0.0913313096157
0.0913174117397
0.0913016096143
0.091282929707
0.0912607824267
0.0912350146183
0.091205894947
0.0911740313606
0.0911402348364
0.0911053558876
0.0910701261426
0.0910350351237
0.0910002631818
0.0909656784681
0.0909308925853
0.0908953591814
0.0908584937375
0.0908197911327
0.0907789193747
0.0907357721683
0.0906904693404
0.0906433027624
0.0905946366642
0.0905447844855
0.0904938966346
0.0904418987125
0.0903885105806
0.0903333493802
0.0902760806791
0.0902165502858
0.0901548284567
0.0900911384982
0.090025705972
0.0899586137385
0.0898897474385
0.0898188624043
0.0897457279844
0.0896702546101
0.0895925157892
0.0895126445796
0.0894306777395
0.0893464748397
0.0892597921935
0.089170453209
0.0890784483024
0.0889838551785
0.088886665279
0.0887867172994
0.0886838158579
0.0885778814042
0.0884689285947
0.0883568990694
0.0882415982894
0.0881228491968
0.0880006224034
0.0878749237404
0.0877456511418
0.0876126946402
0.0874760734052
