1.86986146901
1.86974771115
1.86952587533
1.86920078121
1.86877646002
1.86825621833
1.86764269464
1.86693790931
1.86614330869
1.86525980373
1.86428780388
1.8632272464
1.86207762176
1.86083799534
1.85950702572
1.85808297998
1.85656374613
1.85494684295
1.85322942748
1.85140830027
1.8494799086
1.84744034777
1.84528536069
1.84301033574
1.84061030318
1.83807993007
1.83541351388
1.83260497488
1.82964784734
1.82653526978
1.82325997416
1.81981427432
1.81619005374
1.81237875259
1.80837135457
1.80415837331
1.79972983891
1.79507528464
1.79018373422
1.7850436899
1.77964312202
1.77396946024
1.76800958727
1.7617498358
1.75517598936
1.74827328829
1.74102644201
1.73341964899
1.72543662624
1.71706065038
1.7082746127
1.69906109122
1.68940244301
1.67928092108
1.66867882027
1.65757865788
1.64596339536
1.63381670823
1.62112331267
1.60786935778
1.59404289354
1.57963442493
1.56463756263
1.54904978005
1.53287328433
1.51611600531
1.49879270022
1.48092616262
1.46254851083
1.4437025133
1.42444288554
1.40483746565
1.38496814529
1.36493140208
1.34483825423
1.32481344553
1.30499367833
1.28552475271
1.26655755043
1.24824292228
1.23072569079
1.21413814549
1.1985935545
1.18418030722
1.17095730529
1.15895111688
1.14815521083
1.13853132689
1.13001276891
1.12250918397
1.1159122549
1.11010170137
1.10495104872
1.10033275391
1.09612243788
1.09220213085
1.08846256668
1.08480465366
1.08114030067
1.07739279574
1.07349692601
1.06939900355
1.06505692526
1.06044035177
1.05553103928
1.05032329917
1.044824491
1.03905537441
1.03305005853
1.02685520506
1.02052808535
1.01413309976
1.00773648535
1.00139921845
0.995168590303
0.989069575194
0.983097798533
0.977216402229
0.971359045372
0.965440334554
0.959373041748
0.953088895583
0.946557431256
0.939796569904
0.932870206266
0.92587210481
0.918900584067
0.91203268454
0.905307735913
0.898727530787
0.89227430002
0.885940250819
0.879756035487
0.87380285837
0.868196981704
0.863048407904
0.858414779115
0.85428401007
0.850605852973
0.847351216614
0.844543563216
0.84222575539
0.840392349319
0.838959279589
0.837805245673
0.83684066146
0.836030362788
0.835351390885
0.83474724779
0.834144864231
0.833510822938
0.832860891186
0.832206934526
0.831524497431
0.830787545059
0.830003822396
0.829187598519
0.828323103921
0.827391929812
0.826411227261
0.825405547978
0.824377732875
0.823342224971
0.822332420717
0.821355284148
0.820403255247
0.819484270108
0.818587392165
0.817694830417
0.816810489145
0.81592431001
0.815030642079
0.8141310868
0.813212291548
0.812277808465
0.811326874923
0.810368853935
0.809414200941
0.8084665568
0.807526992149
0.80658721844
0.805643132201
0.804689809081
0.803725168957
0.802746337251
0.801747972157
0.800730193262
0.79969324866
0.798639684757
0.797569159066
0.796477082299
0.795360258484
0.794216250609
0.793041764169
0.791833450047
0.790591644533
0.789319035533
0.788016654999
0.786704184897
0.785558466162
0.786326755948
0.804855402717
0.919977081684
1.00884222098
1.12336970876
1.10092951679
0.959599771864
0.897921968655
1.04167936931
1.05466503295
0.91903948658
0.873024387505
0.950106570505
0.981631661097
0.928836847981
0.83384340497
0.890424376243
0.990736297711
0.939180860323
0.814892404904
0.812930091448
0.866225806388
0.892288897633
0.875919242814
0.830444368802
0.797405491875
0.815565765871
0.851023923862
0.857886896349
0.824437158115
0.785377810505
0.779517091429
0.796755738887
0.804572123249
0.791296471347
0.772232863595
0.776181277431
0.794959686713
0.790176208147
0.771091643657
0.769896925918
0.777751933127
0.775809043964
0.766637662008
0.765878327919
0.773165015664
0.772384543876
0.7655587956
0.765805557225
0.768771484071
0.765785595576
0.761705467928
0.764281727999
0.765467535024
0.761808065423
0.762089271199
0.763461437487
0.760893397803
0.759649555107
0.761177730431
0.759832698535
0.758870322314
0.759842212885
0.758676567344
0.757706430781
0.758252178199
0.757077903235
0.756872267869
0.756921024888
0.755845560906
0.755916100961
0.755246751796
0.754759713716
0.754665733484
0.753888361938
0.753784427554
0.752987771838
0.752774653798
0.752106198821
0.75183265248
0.751117928143
0.750766745872
0.750062745554
0.749642606971
0.748997775458
0.748333970121
0.747816598856
0.747091722084
0.746362735807
0.745727629693
0.745030506555
0.744215332207
0.743354989772
0.742489246217
0.741607328065
0.740698230768
0.739835677733
0.739444319097
0.7432329291
0.77500964331
0.81476028785
0.783947969715
0.816544300624
0.791484712651
0.783770833821
0.817461033759
0.74743466915
0.781196784447
0.819980863071
0.74776993938
0.741729190608
0.782036198186
0.790744114154
0.759414194279
0.72828249111
0.746857126783
0.768312773713
0.741486069836
0.726415474129
0.744379974164
0.749816661037
0.732251445289
0.725294636562
0.740186979113
0.734222396901
0.723054301924
0.731424461926
0.733197913846
0.723909568249
0.725158560167
0.730334651584
0.723371838179
0.722847911685
0.726731746835
0.722521959259
0.721416107647
0.724360128003
0.720421250221
0.721155706857
0.722071369245
0.719177402771
0.720529405014
0.719885271098
0.71837201671
0.71957693159
0.717826289294
0.718175605511
0.717782801249
0.716849014203
0.717261782233
0.715985264614
0.716423314326
0.715349469791
0.715439983694
0.714722497852
0.714524707886
0.713924006263
0.713679954589
0.71302379911
0.712858829025
0.712071810149
0.711886890067
0.711206171562
0.710690159424
0.710342451877
0.709620200161
0.709005999423
0.70856699519
0.708018774724
0.707358684648
0.706648595477
0.706001552514
0.705561834678
0.706329529123
0.711537193826
0.740311154366
0.704274694163
0.717713466292
0.748651848382
0.718815703859
0.761455727378
0.716781822021
0.735999502049
0.74198076112
0.701592776936
0.743418249634
0.697859209453
0.719262236795
0.719104770589
0.695515138871
0.72118715507
0.692780326246
0.71166233603
0.697798568921
0.702791286374
0.697841434066
0.69798362886
0.699206727358
0.693206567169
0.696360775267
0.692016288941
0.694282604842
0.690306447256
0.691430437149
0.689904073611
0.688838153969
0.690673311996
0.685774264379
0.688764855327
0.685456114124
0.686220438201
0.685905005295
0.683556076478
0.685234038265
0.684311106769
0.681951707138
0.682868790935
0.683327470453
0.680773101765
0.679727695727
0.680478427236
0.680850778
0.68005274798
0.678291660752
0.67727437642
0.676687478868
0.677556163937
0.682091037512
0.704222095555
0.732975248015
0.702543672126
0.682429153762
0.741511568072
0.677351532672
0.7066527385
0.670453702828
0.703618084971
0.682056089483
0.678393316001
0.694242622972
0.668375258035
0.686933613891
0.67120387087
0.675493344311
0.677924482675
0.665903106561
0.677530702386
0.66383629646
0.673609493919
0.663756507663
0.670815863388
0.662430027055
0.668022282031
0.662205096494
0.666837096928
0.660321373505
0.664700001652
0.659718257569
0.663338911436
0.659148193237
0.66063609858
0.659394118397
0.657632373154
0.65916877329
0.656684128326
0.657087772945
0.657117496186
0.655064728715
0.655763981515
0.655517786109
0.653625455297
0.653485808403
0.654281628816
0.653458829112
0.652188341883
0.651038884946
0.650169250215
0.649431558717
0.648862507391
0.648615112217
0.651367650358
0.670855142182
0.793227188386
0.664629223731
0.9193309116
0.683387216045
0.801039677469
0.736900920289
0.687902775172
0.760494923387
0.657724811352
0.700521041876
0.750592020157
0.719544326568
0.65354578762
0.687300937074
0.743340542036
0.720001607825
0.661709269206
0.653209186085
