2.04084497916
2.04078038781
2.04065442054
2.04046979572
2.04022877619
2.03993320593
2.03958454233
2.03918388458
2.03873199845
2.03822933786
2.0376760635
2.03707205881
2.0364169435
2.0357100848
2.03495060662
2.03413739689
2.03326911296
2.03234418542
2.03136082029
2.03031699971
2.02921048116
2.02803879532
2.02679924255
2.02548888799
2.02410455542
2.02264281974
2.02109999812
2.01947213984
2.01775501471
2.01594410011
2.01403456654
2.01202126168
2.0098986928
2.00766100758
2.00530197312
2.0028149531
2.00019288301
1.99742824326
1.99451303016
1.99143872445
1.98819625748
1.98477597469
1.98116759633
1.97736017527
1.97334205171
1.96910080473
1.96462320038
1.95989513645
1.95490158358
1.94962652288
1.94405287992
1.93816245538
1.93193585235
1.92535240087
1.91839008005
1.91102543868
1.90323351531
1.89498775938
1.88625995514
1.8770201511
1.86723659818
1.85687570075
1.8459019859
1.83427809772
1.82196482486
1.80892117177
1.79510448643
1.78047065984
1.76497441624
1.74856971594
1.73121029702
1.71285038597
1.69344561112
1.67295415656
1.65133819582
1.62856564541
1.60461227447
1.57946419881
1.55312077224
1.52559786279
1.49693146474
1.46718154565
1.43643596069
1.40481418445
1.37247051816
1.33959633655
1.30642085947
1.27320989217
1.24026200186
1.20790171681
1.17646956849
1.14630914983
1.11775180623
1.09110004499
1.06661114833
1.04448269397
1.02484163849
1.00773826629
0.993145697043
0.980964895194
0.971034396536
0.963143414154
0.957046706761
0.95247960905
0.9491718839
0.94685946381
0.945293597318
0.94424731895
0.943519465623
0.942936651164
0.942353692177
0.941652976542
0.940743207562
0.939557866499
0.93805363181
0.936208885437
0.934022330588
0.931511643669
0.928711988249
0.925674137113
0.922461892793
0.919148489422
0.915811729866
0.912527794734
0.909363975375
0.906371018964
0.903576258639
0.900979088895
0.898550429948
0.896237400011
0.893973385908
0.891692197026
0.889343409243
0.886904961913
0.884389156984
0.881839706295
0.879320106842
0.876896538182
0.87462051865
0.872516800748
0.870580224191
0.868782136174
0.867083727581
0.865451369542
0.86386843094
0.86233923281
0.86088349992
0.859523352945
0.858268491105
0.857107024483
0.856007601158
0.85493266196
0.853855456953
0.852769908398
0.851686355981
0.850616123595
0.84955650876
0.848487827106
0.847384732788
0.846232349065
0.845033375075
0.84379970747
0.842536299878
0.841233522982
0.839876600695
0.838461573259
0.836998202317
0.835495792186
0.833950758189
0.832353011309
0.830701558546
0.829005757119
0.827270532115
0.82549035042
0.823662521179
0.821795259584
0.819895122375
0.817958955384
0.815985936148
0.813982446982
0.811948973979
0.809880209848
0.807778160151
0.805646090707
0.803481380725
0.801287125716
0.799069390815
0.796828719858
0.794570012421
0.792297390402
0.790009706795
0.787709235699
0.785393795693
0.783062701714
0.780716648815
0.778354482752
0.775977520638
0.773583190675
0.771170535274
0.76873469225
0.766272119647
0.763776906586
0.761244737395
0.758669389857
0.756044098142
0.753361733255
0.750614311952
0.747794344709
0.744893910063
0.741904072742
0.738814882097
0.735616493528
0.732298673577
0.728850699118
0.725261176286
0.72151708134
0.717608318685
0.713539286238
0.709481962551
0.707270967225
0.727870015945
0.93489690319
0.799998067073
1.3199664551
0.713819921419
0.936003402031
0.972574362788
0.834848916823
0.812235023282
0.899344810126
0.750896457971
0.743784946179
0.787144842057
0.726469645742
0.687143745318
0.789305131041
0.729805904008
0.691470130873
0.739017630936
0.74309089377
0.69177981897
0.656202719655
0.694463884716
0.722853123832
0.705295940976
0.66828947041
0.656236784071
0.671219447151
0.686523885937
0.684789766931
0.66667516595
0.648419851048
0.647638519477
0.657561076248
0.65404952226
0.637520242566
0.631755155402
0.638277796106
0.639255492026
0.630749962972
0.626388135722
0.631542628597
0.630068843981
0.621860953138
0.621501134986
0.6225857177
0.617492013843
0.614521777978
0.616539045781
0.613822751222
0.61073126649
0.611568791844
0.609208954267
0.606111959467
0.606364414178
0.603740446168
0.602048489454
0.601755685546
0.599005711172
0.598388810315
0.596090799747
0.59448898801
0.592906116449
0.590933788864
0.589557664931
0.587374082209
0.585611430746
0.583414282766
0.581301552276
0.579446500879
0.576892751023
0.574897339232
0.57240072716
0.569682527088
0.567360339085
0.564842410335
0.561869369049
0.558779417813
0.555657479613
0.552423764717
0.549052294898
0.545569484468
0.541959046539
0.538397401122
0.537146302658
0.565789244827
0.652800513179
0.559225182829
0.754222590375
0.522152796515
0.64693051071
0.66174284478
0.520621800458
0.643109681274
0.632450514623
0.509950873333
0.613421973083
0.641535222452
0.585139348305
0.501954264356
0.526009736126
0.614346169365
0.631393360053
0.558755874604
0.492688346844
0.500242467748
0.541198272689
0.572503098925
0.58496038072
0.576504572014
0.550628687266
0.516810578981
0.489832045763
0.483502406742
0.498308100327
0.517289766691
0.521474640274
0.507525548396
0.487882284575
0.478075211909
0.481885103588
0.491063592671
0.495854780405
0.492305063887
0.483003842014
0.475262611656
0.475121837756
0.480540005167
0.483285550294
0.479459009044
0.473536710045
0.471822864181
0.474289816371
0.47610474293
0.474389441316
0.470830884036
0.469327508557
0.470703120644
0.471567036047
0.469844786019
0.467681560995
0.467552546491
0.468310295035
0.467699728277
0.466017129521
0.465350572193
0.465730966081
0.465235770322
0.463926709129
0.463483883708
0.463510236527
0.462722435939
0.46174591182
0.461510331481
0.461064082929
0.460092952481
0.45961422816
0.459162474674
0.458246825004
0.457671371528
0.45707182426
0.456157026873
0.455559534721
0.454733088282
0.453879924111
0.453141252267
0.452150556118
0.451340823865
0.450307982175
0.449377297427
0.448291765948
0.447247973491
0.446074367581
0.444931631069
0.443645038907
0.442393893915
0.441000833344
0.439595808471
0.438125573291
0.436542503282
0.434932924704
0.433252372091
0.431460802882
0.429584564469
0.42763855956
0.425617390259
0.423524226106
0.421415847019
0.419644376405
0.420417980184
0.437920649338
0.422887435347
0.410766910069
0.407379584293
0.412324866858
0.428142087513
0.430209396358
0.44946229578
0.40348228267
0.479529461016
0.391005578348
0.443773706644
0.420447483331
0.396547292645
0.42397590841
0.381324955559
0.401616509051
0.416597618663
0.387972504949
0.379173585091
0.401771540588
0.392444962868
0.371731575438
0.381016978142
0.389093742158
0.376187891421
0.368066664959
0.378748086934
0.374775180067
0.36520326302
0.371559653951
0.371515754748
0.363307109992
0.366800954387
0.367222023751
0.361059955584
0.363979847567
0.363401069157
0.359046222726
0.361642137617
