0.844154516783
0.844130138632
0.844082606381
0.844012965832
0.843922099356
0.843810739183
0.843679479307
0.843528786124
0.843359007919
0.843170383322
0.842963048802
0.842737045316
0.842492324169
0.842228752175
0.841946116179
0.841644126994
0.841322422821
0.840980572199
0.840618076518
0.840234372163
0.839828832302
0.839400768374
0.838949431299
0.838474012445
0.837973644386
0.837447401471
0.836894300236
0.836313299686
0.835703301464
0.835063149945
0.834391632264
0.833687478318
0.83294936075
0.832175894958
0.831365639139
0.830517094405
0.829628704997
0.828698858622
0.82772588695
0.826708066295
0.825643618526
0.824530712238
0.823367464212
0.82215194123
0.820882162258
0.819556101068
0.818171689333
0.816726820252
0.815219352751
0.81364711633
0.812007916598
0.810299541564
0.808519768751
0.806666373182
0.804737136312
0.802729855966
0.800642357347
0.798472505165
0.796218216965
0.793877477673
0.791448355442
0.788929018802
0.786317755167
0.783612990686
0.780813311459
0.777917486078
0.774924489452
0.77183352785
0.768644065051
0.765355849474
0.761968942113
0.758483745056
0.754901030334
0.751221968797
0.747448158637
0.743581653166
0.739624987373
0.735581202729
0.731453869688
0.727247107247
0.722965598911
0.718614604372
0.714199966193
0.70972811078
0.705206042943
0.70064133338
0.696042098484
0.691416971955
0.686775067811
0.682125934547
0.677479500346
0.672846009475
0.668235950187
0.663659974722
0.659128812234
0.65465317574
0.650243664428
0.645910662892
0.641664239075
0.637514042837
0.633469207189
0.629538254274
0.625729008145
0.622048516289
0.61850298169
0.615097706953
0.61183705174
0.608724404385
0.605762168178
0.602951762401
0.600293637779
0.597787305622
0.595431379568
0.593223628545
0.591161039303
0.589239886705
0.58745580986
0.585803892145
0.584278743221
0.582874581216
0.581585313459
0.580404614274
0.579325998635
0.578342890664
0.577448686245
0.57663680923
0.575900760947
0.575234162941
0.574630793014
0.574084614829
0.573589801417
0.573140753048
0.572732109989
0.572358760692
0.572015846005
0.571698759983
0.571403147865
0.571124901778
0.570860154673
0.570605272988
0.570356848459
0.570111689503
0.569866812504
0.569619433311
0.569366959218
0.56910698161
0.568837269436
0.568555763585
0.568260572178
0.567949966704
0.567622378824
0.567276397566
0.566910766485
0.56652438026
0.566116280004
0.565685646463
0.565231790167
0.564754137514
0.564252211855
0.563725608811
0.563173965486
0.562596923861
0.561994089636
0.561364988985
0.560709027097
0.560025453798
0.55931334263
0.558571590155
0.557798941401
0.556994044992
0.556155537357
0.55528214993
0.554372827342
0.553426839805
0.552443871093
0.551424066291
0.55036803134
0.549276788315
0.548151703366
0.546994414123
0.545806785829
0.544590917905
0.543349205173
0.542084434575
0.540799876006
0.539499313833
0.538186971872
0.536867312459
0.535544734204
0.534223235661
0.532906127871
0.531595846895
0.530293843039
0.529000449831
0.527714627744
0.526433570351
0.525152310378
0.523863557579
0.522557944341
0.521224666494
0.519852324502
0.51842974181
0.516946673772
0.515394454888
0.513766569712
0.512058909676
0.510269411539
0.508397086776
0.506440858211
0.504398614078
0.502266556655
0.500038930539
0.497708618647
0.495268962985
0.492716302081
0.490052343334
0.487285669439
0.484431056122
0.481505183953
0.478520017874
0.475477855984
0.472371846154
0.469193586572
0.465943514511
0.462633968697
0.459281024321
0.455892888236
0.452465313353
0.448989365822
0.445463563054
0.441895797295
0.438291526373
0.434640882154
0.430922610521
0.427121702069
0.423237330052
0.419266281185
0.415181515569
0.4109350489
0.406481976909
0.40179288491
0.396832922579
0.391532916178
0.385801947557
0.379577271019
0.372851103387
0.365682295067
0.358229815088
0.350773901418
0.344546369416
0.363206892299
0.460505353453
0.505072282395
0.504615759251
0.480183685443
0.447063312564
0.445675059667
0.464939480719
0.444943373055
0.384043543148
0.33063728445
0.311958355995
0.337816770923
0.35266382912
0.3797070441
0.385354926316
0.370917020454
0.357724329866
0.345438776551
0.314781289475
0.300576430397
0.296850508547
0.291283672268
0.294660078457
0.297671837338
0.28873964645
0.283195465659
0.271740742383
0.261202604727
0.256861946832
0.249081421748
0.248726667786
0.244078657093
0.243928848763
0.238099340854
0.235280453648
0.230607791899
0.228421563536
0.227074559748
0.22454011824
0.223671988307
0.220229629895
0.216638766271
0.21538918924
0.214080951776
0.211497244056
0.210128438035
0.209612340169
0.209082191653
0.211110694721
0.212845756498
0.232941313017
0.203908245199
0.265339763751
0.219458291039
0.243581469461
0.205695883805
0.222846561194
0.23496293359
0.19621066625
0.205456031632
0.226499717367
0.236088371586
0.234039713523
0.221802496432
0.20509575426
0.193185214278
0.194488547371
0.206434728528
0.215969880881
0.216281701996
0.207673854928
0.196927091802
0.190465434385
0.189811251965
0.192799382681
0.196404888797
0.19840719737
0.197884713714
0.195047098584
0.191145011279
0.187987226318
0.187064476791
0.18843681772
0.190341590787
0.190653058376
0.188975585309
0.186746477467
0.185630720753
0.185963603179
0.186837765706
0.187181504027
0.186585215626
0.185422685698
0.184541319221
0.184501684656
0.184961667477
0.185053193991
0.184469570868
0.183746274008
0.183503490089
0.183669274974
0.183710761776
0.183359840936
0.182862801962
0.182637621263
0.182684036524
0.182602537918
0.182241418408
0.181922190949
0.181843715784
0.181765547514
0.181484995991
0.181192927016
0.181072638201
0.180923991341
0.180624796668
0.180394751421
0.180240794302
0.179970843311
0.179687119338
0.179484680037
0.179194248498
0.178884738211
0.178624938672
0.178278662714
0.177945297052
0.177603541793
0.17719622279
0.176813804598
0.176356387728
0.175902632726
0.175384806497
0.174844892956
0.174238730073
0.17359452054
0.172861879713
0.172074104394
0.17117268465
0.170171933816
0.169045805195
0.16775688301
0.166301396112
0.164677071954
0.162896858537
0.161009564264
0.159242049302
0.158857234707
0.171049629247
0.204999597056
0.186560744042
0.210282050285
0.151373454684
0.180074262817
0.189764944679
0.163562149406
0.149407530166
0.178899475002
0.161587220478
0.145478690139
0.159921325206
0.169630883731
0.167617822637
0.155343093041
0.142928773929
0.144116282761
0.154841228568
0.158035634597
0.148872471031
0.139918761455
0.140010894215
0.144985570002
0.147762910084
0.145497032316
0.140074867394
0.136628674582
0.138380235273
0.141329946176
0.139843032954
0.135923325269
0.134990625999
0.13671433916
0.137283547185
0.135436497578
0.133432376768
0.133739162415
0.134756039644
0.133760180776
0.132194094639
0.13231434491
0.132855304397
0.132157524059
0.131041750827
0.131067783805
0.13131480522
0.130521802982
0.129874059845
0.130016850661
0.129787119618
0.129044783127
0.128837826887
0.128774845944
0.128150998678
0.127848323021
0.127706986722
0.127149668999
0.126856685923
0.126587103544
0.126054498287
0.125811189849
0.125347603907
0.124938663988
0.124569786733
0.124060758368
0.123691614449
0.123145480181
0.122734663832
0.122163845026
0.121697439424
0.121102995865
0.120569929262
0.119965212477
0.119335804203
0.118726156087
0.118026354371
0.117325946322
0.11662425857
0.115860612506
0.115045275762
0.114207330242
0.113347866099
0.112466219629
0.111596718416
0.110939800985
0.11201471087
0.1216836766
0.13179789875
0.120264756236
0.13731870346
0.110543242827
0.124186981836
0.138646172244
0.118209643514
0.10280073073
0.127134566158
0.120953477099
0.100185165605
0.110764544504
0.123531798637
0.125139436937
0.115048584048
0.101677704246
0.0985922498488
0.10811827318
0.115839093858
0.114360180782
0.105373634536
0.0976739404425
0.0965973752009
0.100246085382
0.103901027085
0.10445470639
0.101667735413
0.0975257198981
0.0951014618595
0.0960446631732
0.0985195183261
0.0990968008635
0.0970357476368
0.0947370556862
0.0943990131137
0.0955541144077
0.0963320304207
0.0957383182622
0.0943512963713
0.0936150689164
0.0940982521241
0.0946905491235
0.0942817183587
0.0933629113788
0.0930960565053
0.0934684551615
0.0935749021359
0.0930917323414
0.092598403568
0.0926360659922
0.0928118296796
0.0925581750223
0.0921398276721
0.0920704929398
0.0921414787804
0.0919394176017
0.0916213255518
0.0915471664008
0.0915228358708
0.0912688984243
0.0910614755483
0.0910114432751
0.0908301752629
0.0905890651308
