1.0, 0.815865203381
1.0, 0.819769204292
1.0, 0.829562132335
1.0, 0.820736866683
1.0, 0.814260237032
1.0, 0.810714889722
1.0, 0.806217956109
1.0, 0.798967260178
1.0, 0.783047236034
1.0, 0.760531617882
1.0, 0.744819206125
1.0, 0.724266488641
1.0, 0.695418461649
1.0, 0.673105088581
1.0, 0.647435842567
1.0, 0.891930832317
1.0, 0.817499476761
1.0, 0.862401557272
1.0, 0.836625460548
1.0, 0.835333172055
1.0, 0.839044053652
1.0, 0.848066686025
1.0, 0.821181721234
1.0, 0.810204782701
1.0, 0.805792256148
1.0, 0.773143542177
1.0, 0.708356050533
-1.0, 0.699913279074
-1.0, 0.306145429796
1.0, 0.650593290401
1.0, 0.789591489449
1.0, 0.784585914446
1.0, 0.804633196392
1.0, 0.817313677301
1.0, 0.787732347975
1.0, 0.696618863337
1.0, 0.66208819344
1.0, 0.605694214202
1.0, 0.676823964262
1.0, 0.821797671075
1.0, 0.821480573126
1.0, 0.819234050503
-1.0, 0.82036515166
1.0, 0.553274401741
1.0, 0.871253837881
1.0, 0.759933145559
1.0, 0.826229239753
1.0, 0.805332151956
1.0, 0.853589651114
1.0, 0.760954900762
1.0, 0.723336870591
1.0, 0.730337950674
1.0, 0.699694084794
1.0, 0.706350192887
1.0, 0.785410709285
-1.0, 0.787537590227
1.0, 0.439015006128
1.0, 0.847528558804
-1.0, 0.685956793009
-1.0, 0.438324057512
1.0, 0.719700201175
1.0, 0.772973862082
1.0, 0.698621982094
-1.0, 0.760432503042
-1.0, 0.280399024765
1.0, 0.638373254375
-1.0, 0.799251388409
1.0, 0.60450698517
1.0, 0.811125561504
1.0, 0.774356865642
1.0, 0.771316306349
1.0, 0.730623811173
1.0, 0.74937162448
1.0, 0.753560377753
1.0, 0.739189120237
1.0, 0.819698834221
1.0, 0.815826005587
1.0, 0.811435908131
1.0, 0.803958295232
1.0, 0.796777084031
1.0, 0.792568046702
1.0, 0.777786169243
1.0, 0.743881445766
1.0, 0.730234670694
1.0, 0.712776898494
1.0, 0.704277481622
1.0, 0.726475824551
1.0, 0.78250685193
1.0, 0.78183862344
1.0, 0.772742597671
1.0, 0.761758154279
1.0, 0.745447571706
-1.0, 0.696459809834
1.0, 0.325683310326
1.0, 0.77442408264
1.0, 0.809327337409
1.0, 0.656748165378
1.0, 0.788343489789
1.0, 0.785944260822
1.0, 0.791883429958
1.0, 0.793116778885
1.0, 0.774731133107
1.0, 0.788311598189
1.0, 0.787311502284
1.0, 0.752557626716
-1.0, 0.730795291113
1.0, 0.396187269056
1.0, 0.810934989
1.0, 0.761612007454
1.0, 0.67665962575
1.0, 0.668388595834
-1.0, 0.802744328948
1.0, 0.438970953918
-1.0, 0.882342992393
1.0, 0.822411113882
1.0, 0.849215644496
-1.0, 0.773075941489
1.0, 0.606858342204
1.0, 0.855526282731
1.0, 0.781620115168
1.0, 0.81702201146
1.0, 0.768766249655
1.0, 0.778336476776
1.0, 0.76250213075
1.0, 0.742814205637
1.0, 0.70385302194
-1.0, 0.617170373252
1.0, 0.626560372324
-1.0, 0.87334847482
1.0, 0.717197689351
1.0, 0.530666554572
1.0, 0.656195049693
1.0, 0.838015033183
1.0, 0.839245627784
1.0, 0.848422518259
1.0, 0.847716514657
-1.0, 0.824021001991
-1.0, 0.370335445323
1.0, 0.417669935931
1.0, 0.920258721698
1.0, 0.668211769769
1.0, 0.728887591008
1.0, 0.82296890176
1.0, 0.827480823503
1.0, 0.856395250892
1.0, 0.867255188797
1.0, 0.816368390569
-1.0, 0.813217636218
-1.0, 0.538974814228
1.0, 0.778726262876
1.0, 0.916358222465
1.0, 0.710086030472
1.0, 0.826918571714
1.0, 0.801254319875
1.0, 0.771906789178
1.0, 0.779420788655
1.0, 0.725311368957
1.0, 0.692099961803
1.0, 0.81489905985
1.0, 0.813794878359
-1.0, 0.828586969967
1.0, 0.583519739135
1.0, 0.666746700247
1.0, 0.713120155233
1.0, 0.826169660203
1.0, 0.822391527494
1.0, 0.836203941955
1.0, 0.84022013978
1.0, 0.824365301234
1.0, 0.792014824789
1.0, 0.735807643844
1.0, 0.703307713931
1.0, 0.721880948545
1.0, 0.822609931153
-1.0, 0.83750202912
-1.0, 0.622767659312
1.0, 0.711240913187
1.0, 0.878181173474
1.0, 0.765262208279
1.0, 0.849598144947
1.0, 0.843611795728
1.0, 0.819045749561
1.0, 0.815054756081
1.0, 0.797389460065
1.0, 0.772120313165
-1.0, 0.742948368671
1.0, 0.256967675329
1.0, 0.811466625947
1.0, 0.829869914003
1.0, 0.841053837083
-1.0, 0.837888854558
-1.0, 0.624660438079
1.0, 0.705458854664
1.0, 0.879658416881
1.0, 0.773592691663
1.0, 0.854976778358
1.0, 0.827349225096
1.0, 0.811290777381
1.0, 0.784017237155
1.0, 0.728849128897
1.0, 0.725472279535
1.0, 0.741436873753
1.0, 0.703439784725
1.0, 0.827015379316
1.0, 0.832980645463
1.0, 0.845645089226
-1.0, 0.841261421473
1.0, 0.436288027089
1.0, 0.351576891584
1.0, 0.768599019905
1.0, 0.855572906784
1.0, 0.848860221282
1.0, 0.82834365011
-1.0, 0.806226423246
-1.0, 0.383106971262
-1.0, 0.549631253844
-1.0, 0.355545804086
1.0, 0.224494495653
1.0, 0.898831537473
1.0, 0.740919857436
1.0, 0.838553639408
1.0, 0.837711966306
1.0, 0.840813666641
1.0, 0.844918263557
1.0, 0.836214360137
1.0, 0.821104773971
1.0, 0.802414239027
1.0, 0.787569873277
1.0, 0.773406140351
1.0, 0.760982405213
1.0, 0.744676346776
1.0, 0.725251013065
1.0, 0.734594445896
1.0, 0.854741941773
1.0, 0.690196223736
1.0, 0.856343882251
1.0, 0.865449416919
1.0, 0.870149081638
1.0, 0.862598172096
-1.0, 0.856365295475
-1.0, 0.686799443919
1.0, 0.702636878067
1.0, 0.944111755644
1.0, 0.69960806546
1.0, 0.783409743019
1.0, 0.769002314075
1.0, 0.773956012632
1.0, 0.641040360429
1.0, 0.701151304779
1.0, 0.841572659996
1.0, 0.84180069288
1.0, 0.842490223929
1.0, 0.826792209208
1.0, 0.754420963743
-1.0, 0.750793835529
1.0, 0.809542902957
1.0, 0.834216931472
-1.0, 0.834181700196
1.0, 0.732045211938
1.0, 0.920822972785
1.0, 0.769989556352
1.0, 0.808843477836
1.0, 0.79601752789
1.0, 0.776057113405
1.0, 0.757018159113
1.0, 0.742494791846
-1.0, 0.724081266081
1.0, 0.193092595491
1.0, 0.78863422506
-1.0, 0.437429300345
1.0, 0.832608485969
1.0, 0.796675787976
1.0, 0.805614990331
1.0, 0.865872560297
1.0, 0.876047551323
1.0, 0.864983683431
1.0, 0.884012054395
1.0, 0.885232668036
1.0, 0.851944229548
1.0, 0.791328739439
1.0, 0.775247120788
1.0, 0.738817148871
1.0, 0.753707987737
1.0, 0.874960566587
1.0, 0.738694120886
-1.0, 0.831792854616
1.0, 0.630995784436
1.0, 0.911811070369
1.0, 0.679033718355
1.0, 0.826431198414
1.0, 0.814104804462
1.0, 0.81621850933
-1.0, 0.792303051957
1.0, 0.360076020883
1.0, 0.853660016095
-1.0, 0.655613820321
1.0, 0.641239425161
1.0, 0.650938490963
1.0, 0.679542431677
1.0, 0.829276297636
1.0, 0.834625254404
1.0, 0.844311187347
1.0, 0.840109180895
1.0, 0.828029616185
1.0, 0.832181004985
1.0, 0.850215876826
1.0, 0.844808098904
1.0, 0.838977156546
-1.0, 0.784701969995
1.0, 0.337156578569
1.0, 0.576259676655
1.0, 0.794973959602
1.0, 0.790312205736
-1.0, 0.710577160674
-1.0, 0.0460305811126
1.0, 0.823119908324
1.0, 0.834876518756
1.0, 0.844478290542
1.0, 0.868626544822
1.0, 0.849892759801
-1.0, 0.84409465961
1.0, 0.664879799976
1.0, 0.903875806316
1.0, 0.781410817798
1.0, 0.792015657717
1.0, 0.804910937863
1.0, 0.751665180634
1.0, 0.725098260813
-1.0, 0.705778951125
1.0, -0.0536598714381
-1.0, 0.0426203580534
1.0, 0.844374204816
1.0, 0.845754695499
1.0, 0.824490477606
1.0, 0.824074433415
1.0, 0.825054646743
1.0, 0.835684256664
-1.0, 0.829957536233
1.0, 0.43857921139
1.0, 0.500086279988
1.0, 0.83489454637
1.0, 0.851925322369
1.0, 0.838528615773
1.0, 0.745990276107
1.0, 0.771840670335
1.0, 0.752737776605
1.0, 0.680704959118
1.0, 0.823362343801
1.0, 0.836012041057
1.0, 0.851556555815
1.0, 0.860774533063
1.0, 0.838799993193
1.0, 0.821115477532
1.0, 0.827220228469
1.0, 0.809126879844
1.0, 0.829651170917
1.0, 0.808874876655
1.0, 0.780903853531
1.0, 0.745878217051
1.0, 0.728030674955
-1.0, 0.707687767252
-1.0, 0.150653675877
1.0, 0.517442398079
1.0, 0.828732933188
-1.0, 0.72470032871
1.0, 0.767384879824
1.0, 0.898692722565
1.0, 0.847227670034
1.0, 0.851721674877
1.0, 0.853083880692
1.0, 0.85938714046
1.0, 0.843453997195
1.0, 0.817551983445
1.0, 0.820411612844
1.0, 0.797755716428
1.0, 0.759586142429
1.0, 0.748721678066
-1.0, 0.694582468263
1.0, 0.323238300223
1.0, 0.813972737228
1.0, 0.818217798332
-1.0, 0.818557338673
1.0, 0.594603873319
1.0, 0.917960234922
1.0, 0.849772858753
1.0, 0.862678707228
1.0, 0.841933685684
-1.0, 0.796795752178
1.0, 0.498503967489
1.0, 0.84530389665
1.0, 0.794955052266
1.0, 0.726470729151
1.0, 0.701615231854
1.0, 0.663653908042
1.0, 0.616068141463
1.0, 0.868506141397
1.0, 0.855842706283
-1.0, 0.84653274642
1.0, 0.678879043905
1.0, 0.908406406439
1.0, 0.75180400304
1.0, 0.829768683788
1.0, 0.808906178258
1.0, 0.810196452503
1.0, 0.794913105368
1.0, 0.779924446056
1.0, 0.746680751172
1.0, 0.727882342744
1.0, 0.726404456547
1.0, 0.708883472242
1.0, 0.696626499065
1.0, 0.860773858744
1.0, 0.851611531643
-1.0, 0.834761406471
1.0, 0.634037331004
1.0, 0.79971928382
1.0, 0.860189758221
1.0, 0.857914553878
1.0, 0.842636540845
1.0, 0.854616031909
1.0, 0.804550794008
1.0, 0.783014950052
1.0, 0.75776818955
-1.0, 0.718921600335
1.0, 0.1672267938
1.0, 0.738655358034
-1.0, -0.102121075572
1.0, 0.822595475205
1.0, 0.904653784595
1.0, 0.749668634122
1.0, 0.849180978154
1.0, 0.853459966147
1.0, 0.849579245474
1.0, 0.840646344349
1.0, 0.835193454581
1.0, 0.835224023499
1.0, 0.794103229764
1.0, 0.781977623526
1.0, 0.763368407666
1.0, 0.73360340743
1.0, 0.665832451094
1.0, 0.844167242254
1.0, 0.828929566135
1.0, 0.830954881748
1.0, 0.830031423985
1.0, 0.829141976685
1.0, 0.832977662413
1.0, 0.839763836961
1.0, 0.827607117434
1.0, 0.782712321302
1.0, 0.7768125575
-1.0, 0.768081271712
-1.0, 0.241051913259
1.0, 0.508560486461
1.0, 0.739705646176
1.0, 0.65593903485
1.0, 0.809502580534
1.0, 0.80562006013
-1.0, 0.835686373277
1.0, 0.705994211454
1.0, 0.891370315085
1.0, 0.706805565858
1.0, 0.794060610913
1.0, 0.787022524981
1.0, 0.760314476905
1.0, 0.755964366867
1.0, 0.742854351158
1.0, 0.72270357943
1.0, 0.698412497075
1.0, 0.680632879123
1.0, 0.612632358975
1.0, 0.809955238567
1.0, 0.810432102699
1.0, 0.818683848819
1.0, 0.81545224755
1.0, 0.794781796387
1.0, 0.795296129337
1.0, 0.802490570057
-1.0, 0.828174250078
1.0, 0.76051028628
1.0, 0.89998912531
1.0, 0.817171344552
1.0, 0.714030241281
1.0, 0.70083167565
1.0, 0.702205163331
1.0, 0.676927990919
1.0, 0.805727427772
1.0, 0.812061205048
1.0, 0.827836728381
1.0, 0.842695073038
1.0, 0.831304979307
1.0, 0.805638896148
1.0, 0.797205742839
1.0, 0.783123809611
-1.0, 0.765937798899
1.0, 0.319366159892
1.0, 0.729537531555
1.0, 0.790330276108
1.0, 0.736869116567
1.0, 0.715924545742
-1.0, 0.668829365772
1.0, 0.816345301016
1.0, 0.819020495021
1.0, 0.822214807419
1.0, 0.823819486417
1.0, 0.818318611908
-1.0, 0.820525667709
1.0, 0.638996254913
1.0, 0.884582348106
1.0, 0.736995502327
1.0, 0.777544525792
1.0, 0.768399012671
1.0, 0.743585229566
1.0, 0.739195436341
1.0, 0.761835528487
1.0, 0.737670442084
1.0, 0.795406717974
1.0, 0.796896079353
1.0, 0.797146439165
1.0, 0.796185878391
1.0, 0.78953956198
1.0, 0.798718745539
1.0, 0.812291132569
1.0, 0.79782364577
1.0, 0.78305904232
1.0, 0.7613891718
1.0, 0.734576732892
1.0, 0.725212369733
1.0, 0.702819412854
1.0, 0.682313944856
-1.0, 0.586279263356
1.0, 0.692176705434
1.0, 0.849462486977
1.0, 0.844610016084
1.0, 0.841115973012
1.0, 0.834549265929
-1.0, 0.830876388822
1.0, 0.580655999673
-1.0, 0.858713019373
1.0, 0.797566374032
1.0, 0.800324186925
1.0, 0.799746307783
1.0, 0.780900214419
1.0, 0.798349025901
1.0, 0.763734228749
1.0, 0.669111168752
1.0, 0.813318454976
1.0, 0.832699092
1.0, 0.83277931675
1.0, 0.826403643499
1.0, 0.830004719238
1.0, 0.836308521351
1.0, 0.835560836235
1.0, 0.786486792907
1.0, 0.793504806575
1.0, 0.777240431845
1.0, 0.755973407324
1.0, 0.74788951388
1.0, 0.645224692639
-1.0, 0.562535044528
1.0, 0.825259911922
1.0, 0.835396930701
1.0, 0.833747994312
1.0, 0.82807587012
1.0, 0.833923739834
1.0, 0.826639565059
1.0, 0.809443352432
1.0, 0.801268984797
1.0, 0.793109648125
1.0, 0.785088794341
1.0, 0.749434893144
1.0, 0.740276056351
1.0, 0.748280195431
1.0, 0.736007962651
1.0, 0.737511759465
-1.0, 0.722382323202
1.0, 0.830860241252
1.0, 0.809058789653
1.0, 0.818864692555
1.0, 0.81561298267
1.0, 0.820042535834
1.0, 0.811018427877
1.0, 0.799586750259
1.0, 0.788871764613
-1.0, 0.775720555821
1.0, 0.436603482949
1.0, 0.818336006566
1.0, 0.795604392762
1.0, 0.72152849259
1.0, 0.714448613251
1.0, 0.701215489943
1.0, 0.81231010217
1.0, 0.814424126449
1.0, 0.815731860108
1.0, 0.814349775296
1.0, 0.812089767482
1.0, 0.821290676506
1.0, 0.828072545182
1.0, 0.803732070287
1.0, 0.759781912492
-1.0, 0.751492573029
1.0, 0.25352985633
1.0, 0.772877669164
1.0, 0.754624493363
1.0, 0.749450255818
1.0, 0.71790565796
1.0, 0.875668265458
1.0, 0.892444880024
-1.0, 0.757563050448
1.0, 0.631917454274
1.0, 0.87615037912
-1.0, 0.693965417196
1.0, 0.544244785832
1.0, 0.875935810384
1.0, 0.753169911475
1.0, 0.783467901147
1.0, 0.772127947746
1.0, 0.772153238174
1.0, 0.758586216739
-1.0, 0.7304064882
-1.0, 0.175046991889
1.0, 0.906326175018
1.0, 0.834207766042
1.0, 0.819200833079
1.0, 0.814078042033
1.0, 0.811813936889
1.0, 0.809244486634
1.0, 0.792783821937
1.0, 0.765069240822
1.0, 0.762814451515
1.0, 0.750368953167
1.0, 0.739858493804
1.0, 0.705913432532
1.0, 0.700166603121
1.0, 0.657915878295
1.0, 0.636906595186
1.0, 0.563763234023
1.0, 0.819958418585
1.0, 0.770746905055
1.0, 0.862914364608
