2.95905223946
2.9589323801
2.95869857299
2.95835575815
2.95790798534
2.95735848469
2.95670972784
2.95596348044
2.95512084698
2.95418230859
2.95314775442
2.95201650718
2.95078734312
2.949458507
2.94802772209
2.94649219571
2.9448486201
2.94309316914
2.94122149055
2.93922869393
2.93710933425
2.93485739097
2.93246624239
2.92992863517
2.92723664854
2.92438165313
2.92135426361
2.91814428499
2.91474065178
2.91113135929
2.90730338644
2.90324260897
2.89893370203
2.89436003097
2.88950352884
2.88434455905
2.87886176125
2.87303187835
2.86682956228
2.86022715564
2.85319444613
2.84569839006
2.83770280088
2.82916799806
2.82005041088
2.8103021312
2.79987040844
2.78869707914
2.77671792276
2.76386193449
2.75005050501
2.73519649691
2.71920320676
2.70196320258
2.68335702735
2.6632517618
2.64149944455
2.6179353548
2.59237617524
2.56461807101
2.53443474748
2.50157558981
2.46576404304
2.42669647151
2.38404184434
2.33744274025
2.286518354
2.23087042438
2.1700932835
2.10378952867
2.03159309092
1.95320161774
1.8684199348
1.7772156426
1.67978629225
1.57663468678
1.46864440041
1.35714175749
1.24392431646
1.13123178957
1.02163713418
0.917847437715
0.822427946467
0.737493815519
0.664440376831
0.603786917997
0.55518065551
0.517554851063
0.489384162031
0.468958070083
0.454606587647
0.444846336534
0.438447897763
0.434444266202
0.432104647532
0.430893495904
0.430427635834
0.430438089612
0.430739190759
0.431204850263
0.431750995233
0.432322689421
0.432884942774
0.433416273247
0.433904253457
0.434342457784
0.434728383567
0.435062043531
0.435345017906
0.43557982007
0.435769475419
0.435917244868
0.436026446234
0.436100341629
0.436142069193
0.436154604387
0.436140740824
0.436101825552
0.436039089415
0.435953656098
0.435846554083
0.435718730844
0.43557106887
0.435404403326
0.435219541239
0.43501728223
0.434798440829
0.434563870398
0.434314488697
0.434051304967
0.433775448341
0.433488197113
0.433191008134
0.4328855452
0.432573704782
0.432257636829
0.431939757637
0.431622750965
0.431309552768
0.431003314193
0.430707337149
0.430424976903
0.43015950741
0.429913947564
0.429690850973
0.429492068205
0.429318498825
0.429169860085
0.429044508363
0.428939355735
0.428849924107
0.428770569744
0.42869488946
0.428616286861
0.428528637547
0.428426955411
0.428307940254
0.428170291099
0.428014705099
0.427843544068
0.427660224512
0.427468451338
0.427271450654
0.427071352958
0.42686883745
0.426663085257
0.426452022916
0.426232783725
0.426002282299
0.425757787512
0.425497386524
0.425220252649
0.42492666005
0.424617730272
0.424294952064
0.4239595843
0.423612116654
0.423251991229
0.422877740317
0.422487550356
0.422080056421
0.421655010791
0.421213480105
0.420757455794
0.420289104363
0.419810118077
0.419321575732
0.4188243968
0.418320069728
0.417811117471
0.41730089785
0.416792792591
0.416289346802
0.415792051363
0.415301946383
0.414820393485
0.414349093474
0.41388920323
0.413440474141
0.413001383517
0.412570103707
0.412145211091
0.411725505867
0.41130964734
0.410896632411
0.410486758218
0.41008167477
0.409683417609
0.409293892677
0.408915172498
0.408549155597
0.408196411896
0.407856014768
0.407526293333
0.407204626149
0.406887201512
0.406570164791
0.406250186938
0.405924259315
0.405590461545
0.405247884433
0.404895764235
0.404533540345
0.404160070535
0.403773401221
0.403371298306
0.402951268391
0.402511717846
0.402052324061
0.401574594283
0.401081437886
0.400576218685
0.400061611688
0.399539081711
0.399008754141
0.398470103407
0.397922994346
0.397368609597
0.396808932951
0.396245740863
0.395679779454
0.395110534912
0.394537072778
0.393958581822
0.393373493296
0.392778205384
0.392166748027
0.391532846207
0.390873045327
0.390197230204
