1.0, 0.877379893412
1.0, 0.788038447666
1.0, 0.75280027233
1.0, 0.67853994875
1.0, 0.542337274222
1.0, 0.91937603615
-1.0, 0.716805865946
1.0, 0.628734431507
1.0, 0.782277586755
1.0, 0.999494923086
1.0, 0.854497705178
1.0, 0.998764036828
1.0, 0.999634086126
1.0, 0.999770374288
-1.0, -0.608917411502
-1.0, -0.949074379288
-1.0, -0.0223548988533
1.0, 0.357384427291
1.0, 0.65791985209
1.0, 0.164986145545
1.0, 0.368030188696
1.0, 0.518776494855
1.0, 0.918224411177
1.0, 0.912524117517
1.0, 0.958503329117
1.0, 0.995461456957
1.0, 0.998432349147
1.0, 0.999075823445
-1.0, -0.43488068951
-1.0, 0.0586687820056
-1.0, -0.391514002841
-1.0, -0.473018934431
-1.0, -0.882991328154
-1.0, -0.927852265815
1.0, 0.353652416302
1.0, 0.714973655716
1.0, 0.953897079395
-1.0, -0.84206393565
1.0, 0.710361946968
1.0, 0.984655296931
1.0, 0.99754776246
1.0, 0.955037178152
1.0, 0.998317785568
1.0, 0.998477185235
1.0, 0.99945149436
1.0, -0.215121223762
-1.0, -0.33761611877
-1.0, -0.752926664803
-1.0, -0.406079118855
-1.0, -0.690559417413
-1.0, -0.3558547405
1.0, 0.539138485016
1.0, 0.93353544282
1.0, 0.952329654664
1.0, 0.795625033378
1.0, 0.99697229087
1.0, 0.99875565232
1.0, 0.999548926692
-1.0, 0.999540234901
1.0, 0.971753451584
1.0, 0.772022772699
1.0, 0.765571887117
1.0, 0.840058322323
1.0, 0.903669870041
1.0, 0.899176189378
1.0, 0.949021371063
1.0, 0.972264543419
1.0, 0.987356347164
1.0, 0.995782992047
1.0, 0.998593984023
1.0, 0.999614554657
1.0, 0.999833361833
1.0, 0.999925147975
-1.0, -0.729393445551
-1.0, -0.833118846185
-1.0, -0.855142243622
-1.0, -0.763768388694
-1.0, -0.454689229196
-1.0, -0.82878683429
1.0, 0.673292722242
1.0, 0.956599083079
1.0, 0.961599334762
1.0, 0.859951322692
1.0, 0.99404041668
1.0, 0.997581513853
1.0, 0.998794186667
1.0, 0.999249069072
-1.0, -0.683774650511
1.0, 0.262635985611
1.0, -0.263919517998
-1.0, -0.470967360516
1.0, 0.035987775778
1.0, 0.676125391935
1.0, 0.93851491797
-1.0, 0.586186559525
1.0, 0.679644126002
1.0, 0.907014450516
1.0, 0.997751010658
1.0, 0.589427792166
1.0, 0.997733607263
1.0, 0.998803319072
1.0, 0.607403909301
1.0, 0.619252126444
1.0, 0.848611389699
1.0, 0.912377558587
1.0, 0.913197747289
1.0, 0.959214355027
1.0, 0.97722031049
1.0, 0.985857773192
1.0, 0.993398298365
1.0, 0.997589044619
1.0, 0.999217487633
1.0, 0.999713564138
1.0, 0.999867246281
1.0, 0.994206685166
1.0, 0.814270707428
1.0, 0.890742367405
1.0, 0.924947311762
1.0, 0.944586401008
-1.0, 0.961902213249
1.0, 0.650202525556
1.0, 0.546248986637
1.0, 0.999755011258
1.0, 0.660731223546
1.0, 0.999665070264
1.0, 0.999865441466
1.0, 0.803387636624
1.0, 0.941182728532
1.0, 0.937909677168
1.0, 0.886335213418
1.0, 0.883691912698
1.0, 0.810210182005
1.0, 0.911621278424
1.0, 0.958505727457
1.0, 0.974779662931
1.0, 0.996277486094
1.0, 0.997968018929
1.0, 0.999551768963
1.0, 0.999864461557
1.0, 0.300791508285
-1.0, -0.517168901583
1.0, 0.658330767009
1.0, 0.825251278599
1.0, 0.857894229768
1.0, 0.848987187028
1.0, 0.955589651444
1.0, 0.981139092846
1.0, 0.99226464544
1.0, 0.993835950326
1.0, 0.998210364399
-1.0, 0.999773446107
1.0, 0.861682076863
1.0, 0.820467042861
1.0, 0.790294218687
1.0, 0.785600929215
1.0, 0.810235342914
1.0, 0.853679161321
1.0, 0.903110370092
1.0, 0.94571896385
1.0, 0.974718167152
1.0, 0.990366086558
1.0, 0.996974618434
1.0, 0.999152592274
1.0, 0.999747495573
1.0, 0.999902671419
1.0, 0.999945859981
-1.0, -0.547935705582
-1.0, -0.3728418013
1.0, -0.163805997564
1.0, 0.674906359462
-1.0, -0.328928588224
-1.0, -0.326881614959
-1.0, 0.0883610544062
1.0, 0.763269519216
1.0, 0.949781732669
1.0, 0.884907456848
1.0, 0.433755472353
1.0, 0.989431384563
1.0, 0.996358461164
1.0, 0.998412507464
1.0, 0.999275161687
1.0, 0.701728489147
1.0, 0.575843240131
-1.0, -0.878200670326
-1.0, -0.870225378635
1.0, 0.2183822173
1.0, 0.69372712805
-1.0, 0.0994257269281
-1.0, -0.746316747949
1.0, 0.954566965493
1.0, 0.956553701773
1.0, 0.98900316006
1.0, 0.311321480969
1.0, 0.993088225666
1.0, 0.99782752365
1.0, 0.760070742546
1.0, 0.829543206456
1.0, 0.779179475285
1.0, 0.780116874863
1.0, 0.598970496782
-1.0, 0.781609947563
-1.0, 0.305371373576
1.0, 0.518970239728
1.0, 0.796293895368
1.0, 0.998374334481
1.0, 0.815838179065
1.0, 0.997818062961
1.0, 0.999584830397
1.0, 0.999852868276
1.0, 0.812135901237
1.0, 0.86063372172
1.0, 0.825974519703
1.0, 0.823075184408
1.0, 0.729089837972
1.0, 0.82793506659
1.0, 0.807596510319
1.0, 0.854668812509
1.0, 0.933496991935
1.0, 0.973367155052
1.0, 0.984738853595
1.0, 0.997336532478
1.0, 0.999511359217
1.0, 0.999735243385
1.0, 0.37119949912
-1.0, -0.568374030569
1.0, 0.721572139748
1.0, 0.81675471723
-1.0, -0.493909788537
-1.0, -0.811768884731
1.0, 0.836631760084
1.0, 0.824858983661
1.0, 0.99274125186
1.0, 0.738228983854
1.0, 0.962874652734
-1.0, 0.908796110065
1.0, 0.997419668655
1.0, 0.983459989301
1.0, 0.608806371022
-1.0, 0.706968669436
1.0, 0.885325545124
1.0, 0.692617160019
1.0, 0.948551117889
1.0, 0.907670769072
1.0, 0.922369575846
-1.0, 0.939231434268
1.0, 0.955606868897
1.0, 0.905749591794
1.0, 0.999256215477
1.0, 0.920059797254
1.0, 0.999031961897
1.0, 0.999746364349
1.0, 0.882764358272
1.0, 0.853825452559
1.0, 0.878512347928
1.0, 0.90950178774
-1.0, 0.932464107963
1.0, 0.629885579828
-1.0, 0.35742499927
1.0, 0.999570637423
-1.0, -0.857622290134
-1.0, 0.999934621749
-1.0, -0.988621740863
1.0, 0.995004470686
1.0, 0.984270315953
1.0, 0.999798880614
-1.0, -0.332591066764
1.0, 0.328317057088
1.0, 0.597209054849
1.0, 0.031656235831
1.0, -0.00735061861439
1.0, 0.710728056687
1.0, 0.866508880896
1.0, 0.962886047891
1.0, 0.982423827011
1.0, 0.985667358352
1.0, 0.991449822192
1.0, 0.996609199392
1.0, 0.999436422904
1.0, 0.999435340417
1.0, 0.999890258493
1.0, 0.99845492392
1.0, 0.82614054693
1.0, 0.970739637829
1.0, 0.978683001428
-1.0, 0.84121371772
1.0, 0.803480094898
1.0, 0.48864784244
1.0, 0.991707483105
1.0, 0.854436657422
1.0, 0.990666056973
1.0, 0.986520417944
1.0, 0.995406197657
1.0, 0.998166729166
1.0, 0.999762552501
1.0, 0.999907197596
-1.0, -0.82240827004
1.0, 0.990134017794
-1.0, -0.222090871678
1.0, 0.999347341599
1.0, 0.511035390583
1.0, 0.986380121523
-1.0, -0.605219738295
1.0, 0.665892128184
1.0, 0.562005844233
1.0, 0.99917841926
1.0, 0.686610494785
1.0, 0.997005619408
1.0, 0.999229258825
1.0, 0.99933035592
1.0, 0.99976790693
-1.0, -0.493719955508
1.0, 0.997293736445
1.0, 0.289940596647
1.0, 0.967487131831
1.0, 0.985803581476
1.0, 0.912941278117
1.0, 0.938415173705
1.0, 0.78531543066
1.0, 0.875178684353
1.0, 0.926877157902
1.0, 0.953067887893
1.0, 0.981089572142
1.0, 0.98864207037
1.0, 0.998730893694
1.0, 0.999449465272
1.0, 0.49566428463
1.0, 0.879961709698
-1.0, -0.991896067022
1.0, 0.587450889573
-1.0, -0.405681743471
1.0, 0.994773928446
1.0, 0.962612629571
1.0, 0.87955300034
1.0, 0.436433982023
1.0, 0.964592314527
1.0, 0.985933492997
1.0, 0.994532395754
-1.0, 0.998541411558
1.0, 0.999784659273
1.0, 0.918318611477
1.0, 0.996316490924
1.0, 0.903869015618
1.0, 0.817437861174
1.0, 0.943029648453
1.0, 0.882716011957
1.0, 0.859723604464
1.0, 0.88876122617
1.0, 0.884985004964
1.0, 0.8929496926
1.0, 0.949140047045
1.0, 0.97624605462
1.0, 0.983314247572
1.0, 0.998729801813
1.0, 0.999160393554
1.0, 0.999874642272
1.0, -0.557152533888
1.0, 0.951913003768
-1.0, -0.208699761292
-1.0, -0.800803740683
1.0, 0.373607133536
-1.0, 0.0690834410526
1.0, 0.844884998096
1.0, 0.654576576866
1.0, 0.984662037391
-1.0, -0.283434454759
1.0, 0.996439808937
1.0, 0.976904191809
1.0, 0.999787870586
1.0, 0.969895911786
-1.0, -0.958196891082
-1.0, -0.82239585034
1.0, 0.485850237903
1.0, 0.625794840765
1.0, -0.521662343808
-1.0, -0.414661330357
-1.0, -0.665664648055
1.0, 0.63819750135
1.0, 0.742805180383
1.0, 0.935185407629
-1.0, 0.202769859026
1.0, 0.997798096386
1.0, 0.995387805514
-1.0, 0.999620585002
1.0, 0.979618281427
1.0, 0.372694873616
1.0, 0.441859194257
-1.0, 0.00471720566847
1.0, 0.900642264769
1.0, 0.931967727341
1.0, 0.444046293567
1.0, 0.844040093018
1.0, 0.678513852109
1.0, 0.69655277056
