1.73101940908
1.7308370848
1.73048152348
1.72996041921
1.72928018943
1.72844607815
1.72746224716
1.72633185643
1.72505713473
1.72363944144
1.72207932034
1.72037654613
1.7185301643
1.71653852511
1.71439931188
1.71210956448
1.70966569802
1.70706351741
1.70429822806
1.70136444293
1.69825618636
1.69496689484
1.69148941499
1.68781599906
1.68393829805
1.67984735287
1.67553358353
1.67098677688
1.66619607304
1.66114995078
1.65583621235
1.65024196803
1.64435362093
1.63815685252
1.63163660966
1.62477709363
1.6175617523
1.6099732763
1.60199360042
1.59360391175
1.5847846661
1.57551561471
1.56577584339
1.55554382686
1.54479750098
1.53351435647
1.52167155775
1.50924609123
1.49621494765
1.48255534371
1.46824498814
1.4532623982
1.43758727214
1.42120092321
1.40408678028
1.38623095911
1.36762290663
1.34825611848
1.3281289266
1.30724534973
1.28561599394
1.2632589841
1.24020089933
1.21647767701
1.19213544073
1.16723119889
1.14183335254
1.11602194587
1.08988859077
1.06353600047
1.03707707737
1.0106335182
0.984333924952
0.958311443563
0.932700989941
0.907636162862
0.883245980128
0.859651603367
0.836963233021
0.815277354745
0.794674500105
0.775217649032
0.756951352817
0.73990160031
0.724076393553
0.709466949062
0.696049403044
0.683786876149
0.672631746743
0.662527989456
0.653413454777
0.645221991392
0.637885341845
0.631334770263
0.62550240573
0.620322304997
0.6157312529
0.611669328441
0.60808026952
0.60491167083
0.602115048324
0.599645800881
0.597463096049
0.59552970263
0.593811788774
0.592278700449
0.590902731775
0.589658895813
0.588524702032
0.587479944712
0.58650650501
0.585588168247
0.584710457002
0.583860479953
0.583026795841
0.582199291517
0.581369072734
0.58052836608
0.579670430211
0.578789474412
0.577880582322
0.576939638593
0.575963256195
0.574948702093
0.573893819183
0.572796942614
0.57165680904
0.570472457951
0.569243124999
0.56796812821
0.56664674903
0.565278111381
0.563861063014
0.56239406454
0.560875092294
0.559301561619
0.55767027715
0.555977416072
0.554218549284
0.552388703809
0.550482467955
0.548494138729
0.546417909174
0.544248091816
0.541979373545
0.539607097055
0.537127564465
0.534538359566
0.531838685834
0.529029717014
0.526114954697
0.523100581883
0.51999579235
0.516813063273
0.513568324934
0.510280971032
0.50697365235
0.50367181207
0.500402956315
0.49719570392
0.494078709087
0.491079574378
0.488223847257
0.485534120792
0.483029173942
0.480723052588
0.478624061146
0.476733796145
0.475046516557
0.473549185241
0.472222363621
0.471041856344
0.469980748285
0.469011411355
0.468107213086
0.467243897449
0.466400726986
0.46556137801
0.464714388569
0.463852920157
0.462973829794
0.46207638575
0.461161080034
0.460228784688
0.459280216652
0.458315636127
0.457334872135
0.456337775414
0.455324882666
0.454297834548
0.453259331647
0.452212799258
0.451161844356
0.45010934344
0.449056397602
0.448001897422
0.446942898762
0.445875279074
0.444794543388
0.443696823187
0.442579442494
0.441440959394
0.440281318865
0.439101822019
0.437904620839
0.436692030647
0.435465306066
0.434223475541
0.43296330382
0.431680394156
0.430371374517
0.429035553957
0.427674891099
0.4262923069
0.424889476047
0.423465757535
0.422018398988
0.42054341077
0.419036206345
0.417492136425
0.415906802121
0.414275543829
0.412592586362
0.410851159487
0.409044530894
0.407166258764
0.405209433116
0.403166475185
0.401029935301
0.398791579874
0.396440030095
0.393961647004
0.391343296018
0.388580864496
0.385755881266
0.384264344874
0.406953600211
0.437832941097
0.405922132379
0.403871855329
0.406585651728
0.376606305903
0.399810991456
0.373792239139
0.437251966974
0.374791773533
0.393162982105
0.380497113083
0.39651304083
0.412469316644
0.404595820581
0.379759213262
0.367463193533
0.372298651701
0.366948929587
0.349834667059
0.356576033887
0.368817852017
0.352286600604
0.354203272026
0.357513247563
0.344164045498
0.342215227139
0.348483123487
0.341233217729
0.340355955618
0.34361019273
0.33680007622
0.335632061967
0.337571509357
0.332226808638
0.335546021633
0.331763195388
0.330655282287
0.330102716299
0.327666727182
0.32867887478
0.325423121501
0.325874350534
0.322850117504
0.323536199994
0.321224299631
0.321298364978
0.318505350876
0.318311503629
0.316413061475
0.315595752005
0.314111160701
0.312552806038
0.31211114611
0.310535428687
0.308693200925
0.307827271975
0.306927458224
0.305496784206
0.304220414586
0.303093564592
0.303555073756
0.306574991001
0.320555453017
0.296194094457
0.314067169604
0.296426950634
0.303131034306
0.294420866137
0.292782271753
0.297322797688
0.286395606253
0.296698769344
0.289297370985
0.284074717783
0.293651991424
0.288410250429
0.278786474405
0.288444884095
0.295046316431
0.276145189051
0.280045311495
0.295178496463
0.273685673911
0.29937771851
0.271259932251
0.286828457741
0.289731752806
0.26675283181
0.285246579128
0.2830325645
0.263667913707
0.278342123437
0.284013274942
0.267702257376
0.262777233064
0.275165205296
0.274083204885
0.261413931214
0.261448371215
0.268793002059
0.267125159297
0.259050407802
0.259240328168
0.264349908872
0.260572070958
0.256228751474
0.259484478926
0.26014640053
0.255957774698
0.255940265388
0.258009065686
0.255296515348
0.254457983221
0.256017906762
0.254400523042
0.253308321709
0.254459522216
0.253003812671
0.252556145637
0.253061152567
0.251699744743
0.251805058259
0.251605176137
