3.05856993682
3.05809366704
3.05716303365
3.05579465711
3.05400030086
3.05178720121
3.04915830965
3.04611245608
3.04264443877
3.03874504472
3.03440100208
3.02959486411
3.02430482281
3.01850444775
3.0121623441
3.00524172146
2.99769986252
2.98948747782
2.98054792954
2.9708163034
2.96021830311
2.94866893652
2.93607095633
2.92231301063
2.90726745022
2.89078772992
2.87270533017
2.85282611454
2.83092602767
2.80674603056
2.77998616841
2.75029867721
2.71728007096
2.68046222988
2.6393026646
2.59317441558
2.54135654993
2.4830270812
2.41726158166
2.34304309174
2.25929253537
2.16493398162
2.05901534505
1.94091008473
1.81062236878
1.66919340056
1.51914217517
1.36476570048
1.2120215695
1.06775252753
0.938321008889
0.82818868607
0.739146627906
0.670486812789
0.61980673984
0.583925149119
0.559573688683
0.543795151883
0.534120998707
0.528615020358
0.525838990315
0.524775445079
0.524734787179
0.525266675644
0.526087421781
0.527023950654
0.527974586006
0.528882446963
0.529718095854
0.530468522019
0.531130283231
0.531705301083
0.532198319977
0.532615395927
0.532963016857
0.533247606859
0.53347526174
0.533651622183
0.533781827269
0.533870513617
0.533921839137
0.533939518885
0.533926865662
0.533885397572
0.533816371688
0.533720804332
0.533599490104
0.533453019521
0.533281795358
0.533086047879
0.532865849268
0.532621127644
0.532351681113
0.532057192413
0.531737244774
0.531391339735
0.531018917778
0.53061938275
0.530192131218
0.529736587976
0.529252249056
0.528738733574
0.52819584564
0.527623647171
0.527022541712
0.526393368089
0.525737500589
0.525056949245
0.524354449291
0.523633522842
0.522898488475
0.522154386166
0.52140677765
0.520661378573
0.519923483455
0.519197163563
0.518484257832
0.517783241519
0.517088142717
0.516387765517
0.51566553581
0.514900262719
0.514067959969
0.513144585203
0.512109186688
0.510946630386
0.509648992968
0.508214977645
0.506647320057
0.504948893695
0.503118788477
0.501149783663
0.499028342704
0.49673769913
0.494263977854
0.491604599459
0.488777132542
0.485824906099
0.482813539278
0.479813139403
0.476870183013
0.473991667818
0.471169998753
0.468436546878
0.46587578299
0.463564300013
0.461504964343
0.459637656928
0.457903183531
0.456274659434
0.454724162245
0.45319186153
0.451629275445
0.450049947907
0.448488395337
0.446948354812
0.44544046078
0.444018035249
0.442719617727
0.44153464329
0.4404666135
0.439524788777
0.438667522891
0.437852058518
0.437053166882
0.436227072846
0.43536046424
0.434467217344
0.433553079682
0.432649033777
0.431769957034
0.430916231432
0.43008748878
0.429257464544
0.428415253096
0.427543383211
0.426647669285
0.425729889128
0.424803223286
0.42386746743
0.42292746803
0.421979788492
0.421025463912
0.420066723557
0.419096225093
0.418099298631
0.417057021295
0.415958942514
0.414814926679
0.413647627232
0.412469099297
0.411272440445
0.410045430459
0.408794612928
0.407559076808
0.406588040792
0.408526359908
0.430166473839
0.48451719062
0.523548201012
0.535267647825
0.538523732067
0.537743009507
0.53382906015
0.526902414824
0.517211033279
0.50536180823
0.493787423443
0.488862053244
0.492796206778
0.494032709559
0.476787919909
0.452461118059
0.443640968613
0.44506839461
0.445899625012
0.450836033538
0.447611927973
0.435593447809
0.418741516772
