1.0, 0.849598706542
1.0, 0.862439441737
1.0, 0.887919993098
1.0, 0.855629118196
1.0, 0.913392245863
1.0, 0.905073932016
1.0, 0.949798495619
1.0, 0.936354058204
1.0, 0.949246503764
1.0, 0.956027870093
1.0, 0.957274202491
1.0, 0.961987324143
1.0, 0.962627254175
1.0, 0.962147350806
1.0, 0.954800853932
1.0, 0.947092315799
-1.0, 0.916668148426
1.0, 0.991536867162
1.0, 0.987390913277
1.0, 0.989351301787
1.0, 0.995425562523
1.0, 0.933552019372
1.0, 0.969349899219
1.0, 0.96678544482
1.0, 0.96454437094
1.0, 0.95772423097
1.0, 0.973745544234
1.0, 0.972593647014
1.0, 0.966668075531
1.0, 0.975771818731
1.0, 0.892486526266
1.0, 0.889251516871
1.0, 0.916846959224
1.0, 0.94966674358
1.0, 0.943329078902
1.0, 0.949841896303
1.0, 0.937060982999
1.0, 0.959465208456
1.0, 0.965724399278
1.0, 0.955251381161
1.0, 0.762931934824
1.0, 0.75063426896
1.0, 0.875885741888
1.0, 0.934153436173
1.0, 0.964839621544
1.0, 0.880516008225
1.0, 0.938536665343
1.0, 0.968788422761
1.0, 0.941012710012
1.0, 0.947110581512
1.0, 0.958191914332
1.0, 0.917480909077
1.0, 0.850468473221
1.0, 0.945468068339
1.0, 0.982791941873
1.0, 0.957323657323
1.0, 0.969347402554
1.0, 0.981679706445
1.0, 0.997165196083
1.0, 0.494357439037
-1.0, 0.629571968582
1.0, 0.877434294022
1.0, 0.994343749469
1.0, 0.978363553086
1.0, 0.991391196018
-1.0, 0.709145916774
1.0, 0.98422884088
1.0, 0.989444446802
1.0, 0.984933452827
1.0, 0.992680962542
1.0, 0.932669488741
1.0, 0.921696966985
1.0, 0.95258080565
1.0, 0.957661095001
1.0, 0.972664772005
1.0, 0.98508684063
1.0, 0.990071478167
1.0, 0.981643179223
1.0, 0.758201027559
1.0, 0.875404431896
1.0, 0.902238784089
1.0, 0.925543365459
1.0, 0.926681670635
1.0, 0.911391059773
1.0, 0.931226203851
1.0, 0.942650158961
1.0, 0.951246963025
1.0, 0.937763408429
1.0, 0.948493804178
1.0, 0.965485531999
1.0, 0.951046494488
1.0, 0.976450667232
1.0, 0.981638659466
1.0, 0.975455474086
1.0, 0.970555293143
1.0, 0.961508479334
1.0, 0.970285800821
1.0, 0.993396602185
1.0, 0.952780794012
1.0, 0.96207602998
1.0, 0.969798151009
1.0, 0.978163497316
1.0, 0.985731319188
1.0, 0.98559579057
1.0, 0.969036447944
1.0, 0.974581565504
1.0, 0.981263799
1.0, 0.655849467933
1.0, 0.697526940857
1.0, 0.743480171846
1.0, 0.788851803722
1.0, 0.830851062787
1.0, 0.867603426485
1.0, 0.897124594315
1.0, 0.922735752186
1.0, 0.94085137697
1.0, 0.954648390845
1.0, 0.963690789903
1.0, 0.970331885507
1.0, 0.974903023359
1.0, 0.978029814507
1.0, 0.980158966843
1.0, 0.981599611823
1.0, 0.982563758264
1.0, 0.983197895277
1.0, 0.983604947949
1.0, 0.93099350161
1.0, 0.928017970513
1.0, 0.949027342099
1.0, 0.923263881024
1.0, 0.932173792552
1.0, 0.96968679752
1.0, 0.966418593811
1.0, 0.918621023239
1.0, 0.937422419195
1.0, 0.950363790397
1.0, 0.920702424429
1.0, 0.962858061031
1.0, 0.974937785787
1.0, 0.965869780082
1.0, 0.954893100112
1.0, 0.960600118532
1.0, 0.95562444829
1.0, 0.975175299789
1.0, 0.981589986529
1.0, 0.943302887732
1.0, 0.970340620041
1.0, 0.736838010803
1.0, 0.782914725328
1.0, 0.826560834633
1.0, 0.86545399506
1.0, 0.895975881361
1.0, 0.920988371194
1.0, 0.939882028372
1.0, 0.953634923388
1.0, 0.963366300224
1.0, 0.970122622075
1.0, 0.973879025684
1.0, 0.978022171458
1.0, 0.976893928869
1.0, 0.982865827321
1.0, 0.983358303688
1.0, 0.985130098745
1.0, 0.983568398905
1.0, 0.808773512274
1.0, 0.839040039202
1.0, 0.867951497607
1.0, 0.917454449558
1.0, 0.942567077312
1.0, 0.924625822712
1.0, 0.966956161347
1.0, 0.976339187528
1.0, 0.957640736293
1.0, 0.938127663702
1.0, 0.946811056585
1.0, 0.968492561533
1.0, 0.978947715269
1.0, 0.985667075349
1.0, 0.982866216508
1.0, 0.981269091427
1.0, 0.947188161581
1.0, 0.981327924953
1.0, 0.972336085221
1.0, 0.959340787891
1.0, 0.956727444553
1.0, 0.964074214266
1.0, 0.961685569188
1.0, 0.945639603308
1.0, 0.967462811239
1.0, 0.967626589798
1.0, 0.968230999205
1.0, 0.962223208421
1.0, 0.956087814415
1.0, 0.94364679285
1.0, 0.965763319323
1.0, 0.969608365358
1.0, 0.968132149654
1.0, 0.934367224184
1.0, 0.923816152829
1.0, 0.955305198613
1.0, 0.916210270383
1.0, 0.922396871674
1.0, 0.946948508562
1.0, 0.95611709768
1.0, 0.961020895382
1.0, 0.956443313224
-1.0, 0.952703286582
1.0, 0.974011157422
1.0, 0.98378727927
1.0, 0.991972144703
1.0, 0.996517980022
1.0, 0.955220918368
1.0, 0.968920699166
1.0, 0.97418621126
1.0, 0.831376656022
1.0, 0.847915001277
1.0, 0.865941691717
1.0, 0.884450112743
1.0, 0.901386351389
1.0, 0.95653204814
1.0, 0.950111195507
1.0, 0.947074188332
1.0, 0.945080627055
1.0, 0.966296390412
1.0, 0.977889858948
1.0, 0.96432438715
1.0, 0.954780261504
1.0, 0.972399318575
1.0, 0.981169790972
1.0, 0.982297093743
1.0, 0.983595676277
1.0, 0.984021424294
1.0, 0.735399250973
1.0, 0.762427746139
-1.0, 0.799568210321
1.0, 0.988419733085
1.0, 0.984465632348
1.0, 0.974256787853
1.0, 0.993369318446
1.0, 0.942272807565
1.0, 0.949514607557
1.0, 0.955921912782
1.0, 0.950511152445
1.0, 0.94747319679
1.0, 0.95571955173
1.0, 0.96672927057
1.0, 0.979030162881
1.0, 0.981774711315
1.0, 0.986248256689
1.0, 0.989236269162
1.0, 0.981966573216
1.0, 0.912454668319
1.0, 0.922214525128
1.0, 0.925138154658
1.0, 0.917236891516
1.0, 0.893992881849
1.0, 0.925554679
1.0, 0.948665558686
1.0, 0.955951774455
1.0, 0.930982591364
1.0, 0.929244299071
1.0, 0.947243056538
1.0, 0.973913216128
1.0, 0.95736345015
1.0, 0.943216866958
-1.0, 0.945474773879
1.0, 0.988177756135
1.0, 0.98930133683
1.0, 0.993930822311
1.0, 0.99507869373
1.0, 0.960232237598
1.0, 0.951714208019
1.0, 0.971714428443
1.0, 0.97896298671
1.0, 0.971139823576
1.0, 0.980001074312
1.0, 0.980754889723
1.0, 0.971619326047
1.0, 0.96844140779
1.0, 0.97149329976
1.0, 0.941978308848
1.0, 0.960481976223
1.0, 0.966912592864
1.0, 0.973125584295
1.0, 0.943287072542
1.0, 0.958111049578
1.0, 0.966499057341
1.0, 0.967614365046
1.0, 0.962385368459
1.0, 0.963480409069
1.0, 0.963361656354
1.0, 0.946157143014
1.0, 0.95337534344
1.0, 0.91955433361
1.0, 0.970273205544
1.0, 0.974067931048
1.0, 0.96559235078
1.0, 0.981873956324
1.0, 0.965311388895
1.0, 0.934583012117
1.0, 0.953822487675
1.0, 0.950352492015
1.0, 0.944748311621
1.0, 0.978592869281
1.0, 0.980078870752
1.0, 0.953381563269
1.0, 0.947094701629
1.0, 0.965790556213
1.0, 0.957162181086
1.0, 0.975316073307
1.0, 0.98533450086
1.0, 0.980516593527
1.0, 0.982163516377
1.0, 0.984188094114
1.0, 0.981858636197
1.0, 0.978358078644
1.0, 0.974107402019
1.0, 0.963329560589
1.0, 0.963773562004
1.0, 0.960956177995
1.0, 0.962896359455
1.0, 0.973036471717
1.0, 0.964181002514
1.0, 0.941750065693
1.0, 0.939087216802
1.0, 0.965210346531
1.0, 0.976187242381
1.0, 0.965449215521
1.0, 0.971709873626
1.0, 0.979620812487
1.0, 0.972393276732
1.0, 0.977824554558
1.0, 0.968405667211
1.0, 0.979366637756
1.0, 0.973231980555
1.0, 0.956261288388
1.0, 0.966552114741
1.0, 0.967522215582
1.0, 0.953166549863
1.0, 0.942489490047
1.0, 0.956259342198
1.0, 0.965227780219
1.0, 0.967698512276
1.0, 0.96673677839
1.0, 0.972095296295
1.0, 0.958673884671
1.0, 0.955031233358
-1.0, 0.95649173272
-1.0, 0.501972922544
1.0, 0.921478442677
1.0, 0.985347086613
1.0, 0.967049299595
1.0, 0.986559055209
1.0, 0.738555856956
1.0, 0.814464853333
1.0, 0.871926830606
1.0, 0.911543567074
1.0, 0.937383697343
1.0, 0.953816419163
1.0, 0.964228593575
1.0, 0.970890290519
1.0, 0.975219460238
1.0, 0.978077150118
1.0, 0.979986032193
1.0, 0.981269502254
1.0, 0.982134002987
1.0, 0.982716055285
1.0, 0.504867419044
1.0, 0.84703124161
1.0, 0.953845887208
1.0, 0.95595598211
1.0, 0.966083978959
1.0, 0.952800128346
1.0, 0.952656097015
1.0, 0.944998020432
1.0, 0.948732556354
1.0, 0.954739020199
1.0, 0.970821903114
1.0, 0.948968589141
1.0, 0.947621235314
1.0, 0.942810159276
1.0, 0.94087125097
1.0, 0.961545574326
1.0, 0.970079569718
1.0, 0.964370464914
1.0, 0.970778447784
1.0, 0.971881857267
1.0, 0.96444514757
1.0, 0.931402295017
1.0, 0.963661371081
1.0, 0.970774287099
1.0, 0.967862643053
1.0, 0.969108931671
1.0, 0.971102015096
1.0, 0.973145897501
1.0, 0.966053616464
1.0, 0.942299789505
1.0, 0.940962366798
1.0, 0.94938747747
1.0, 0.968351589132
1.0, 0.976890853281
1.0, 0.968787964516
1.0, 0.966281963017
1.0, 0.96815372049
1.0, 0.972697491171
1.0, 0.985995140601
1.0, 0.981073662191
1.0, 0.977856930261
1.0, 0.978203117466
1.0, 0.979009324781
1.0, 0.97954669214
1.0, 0.97579657014
1.0, 0.967807138599
1.0, 0.968907782353
1.0, 0.968181940965
1.0, 0.957474122046
1.0, 0.968048460573
1.0, 0.94524540261
1.0, 0.964089110771
1.0, 0.963351630589
1.0, 0.97506895159
1.0, 0.97009845247
1.0, 0.963562900406
1.0, 0.978498058024
1.0, 0.984911826606
1.0, 0.96998495355
1.0, 0.973702443615
1.0, 0.97236899124
1.0, 0.951355885165
1.0, 0.960952915726
1.0, 0.972060959053
1.0, 0.953927782821
1.0, 0.94718270123
1.0, 0.954347703283
1.0, 0.967862432143
1.0, 0.966025970985
1.0, 0.959795593889
1.0, 0.96388744694
1.0, 0.961516198846
1.0, 0.957434054537
1.0, 0.958927548272
1.0, 0.981002871059
1.0, 0.975580194353
1.0, 0.94565187786
1.0, 0.960882226117
1.0, 0.982976342545
1.0, 0.980622670627
1.0, 0.97658795282
1.0, 0.955946341723
1.0, 0.967995493904
1.0, 0.97317283186
1.0, 0.957737668443
1.0, 0.934835877544
1.0, 0.95103281867
1.0, 0.966100641848
1.0, 0.969889990478
1.0, 0.956226765127
1.0, 0.973015970383
1.0, 0.972746522688
1.0, 0.969915019527
1.0, 0.975387654618
1.0, 0.978789224281
1.0, 0.968452403608
1.0, 0.969974000851
1.0, 0.974484518159
1.0, 0.968857798732
1.0, 0.976114408506
1.0, 0.976126951903
1.0, 0.963344405775
1.0, 0.954495244734
1.0, 0.956415351829
1.0, 0.943828942845
1.0, 0.952995622415
1.0, 0.963690337773
1.0, 0.951753741813
1.0, 0.958207855926
1.0, 0.968573291904
1.0, 0.974683490452
1.0, 0.968404933265
1.0, 0.991843835696
1.0, 0.980899875019
1.0, 0.97816822271
1.0, 0.976366394554
1.0, 0.976989614329
1.0, 0.977097971166
1.0, 0.961334108049
1.0, 0.959009885489
1.0, 0.962964383678
1.0, 0.948030787925
1.0, 0.951782542489
1.0, 0.964370922662
1.0, 0.97027983505
1.0, 0.953398891967
1.0, 0.964305342639
1.0, 0.955697211787
1.0, 0.969149500856
1.0, 0.971719937135
1.0, 0.961484826889
1.0, 0.955717704991
1.0, 0.960219064613
1.0, 0.956552207643
1.0, 0.951597765894
1.0, 0.967599290057
1.0, 0.964142243386
1.0, 0.96042420866
1.0, 0.967865780564
1.0, 0.950327712704
1.0, 0.946267692654
1.0, 0.960519322185
1.0, 0.954868842577
1.0, 0.952459484561
1.0, 0.959649905957
1.0, 0.95134386317
1.0, 0.953575721615
1.0, 0.962495181356
1.0, 0.963759469737
1.0, 0.976389760826
1.0, 0.889554677408
1.0, 0.927852872906
1.0, 0.945883559058
1.0, 0.931078703856
1.0, 0.957818711605
1.0, 0.959035529495
1.0, 0.938191392171
1.0, 0.899101201838
1.0, 0.952901164859
1.0, 0.961949271937
1.0, 0.940986428288
1.0, 0.954666019233
1.0, 0.96563113093
1.0, 0.970067130023
1.0, 0.97059690131
1.0, 0.948832092535
1.0, 0.95405667901
1.0, 0.962382716873
1.0, 0.978027599035
1.0, 0.981554039996
1.0, 0.985055975977
1.0, 0.987256354018
1.0, 0.98579385198
1.0, 0.982753711337
1.0, 0.976659102863
1.0, 0.977756702997
1.0, 0.971941373601
1.0, 0.975914360784
1.0, 0.969958661959
-1.0, 0.932382127581
1.0, 0.992278075972
1.0, 0.98492909632
1.0, 0.994154274535
1.0, 0.996058251804
1.0, 0.968473494425
1.0, 0.960990088693
1.0, 0.957313499399
1.0, 0.957423531515
1.0, 0.96221677759
1.0, 0.93900117711
1.0, 0.967901866853
1.0, 0.974369528872
1.0, 0.962632426359
1.0, 0.964259406673
1.0, 0.961021840399
1.0, 0.95578230599
-1.0, 0.950471600604
1.0, 0.983330313519
1.0, 0.984481425586
1.0, 0.992476482861
1.0, 0.995289055928
1.0, 0.949282091849
1.0, 0.959092226811
