0.228072665619
0.228038515042
0.227971950107
0.22787447645
0.227747388062
0.227591784677
0.227408587728
0.227198554947
0.226962293731
0.226700273367
0.22641283621
0.226100207924
0.225762506864
0.225399752694
0.225011874322
0.224598717237
0.224160050309
0.223695572144
0.223204917039
0.222687660617
0.222143325191
0.221571384916
0.220971270788
0.220342375525
0.219684058398
0.218995650027
0.218276457214
0.217525767828
0.216742855789
0.215926986171
0.215077420473
0.214193422056
0.213274261799
0.212319223959
0.211327612273
0.210298756305
0.20923201803
0.208126798671
0.206982545763
0.205798760447
0.20457500496
0.203310910292
0.202006183983
0.200660618006
0.199274096683
0.197846604573
0.196378234263
0.194869193971
0.19331981489
0.191730558153
0.19010202134
0.188434944392
0.186730214835
0.184988872186
0.183212111424
0.181401285406
0.17955790611
0.177683644599
0.1757803296
0.173849944619
0.171894623501
0.169916644402
0.167918422122
0.165902498798
0.163871532978
0.161828287114
0.159775613565
0.157716439196
0.155653748744
0.153590567091
0.151529940652
0.149474918109
0.147428530718
0.145393772456
0.143373580283
0.141370814784
0.139388241478
0.137428513048
0.135494152752
0.133587539245
0.131710893016
0.129866264614
0.128055524805
0.12628035675
0.12454225028
0.122842498274
0.121182195128
0.11956223725
0.117983325493
0.116445969399
0.114950493105
0.113497042732
0.112085595071
0.110715967374
0.109387828026
0.108100707915
0.106854012277
0.105647032851
0.104478960133
0.103348895591
0.102255863681
0.101198823539
0.100176680236
0.099188295515
0.09823249793
0.0973080923451
0.0964138687502
0.0955486103804
0.0947111011337
0.0939001322942
0.0931145085802
0.092353053545
0.0916146143663
0.0908980660635
0.0902023151889
0.0895263030401
0.0888690084434
0.0882294501564
0.0876066889403
0.086999829349
0.0864080212789
0.085830461324
0.0852663939726
0.0847151126802
0.0841759608479
0.0836483327291
0.0831316742815
0.082625483973
0.0821293135444
0.0816427687208
0.0811655098556
0.0806972524805
0.0802377677246
0.0797868825539
0.0793444797731
0.0789104977194
0.0784849295704
0.0780678221788
0.0776592743428
0.0772594344189
0.0768684971879
0.0764866998932
0.0761143173867
0.075751656342
0.0753990485249
0.0750568431512
0.0747253984088
0.0744050722716
0.0740962127877
0.0737991480763
0.0735141763169
0.0732415560484
0.0729814971212
0.0727341526467
0.0724996122681
0.0722778970393
0.0720689561292
0.0718726654935
0.0716888285576
0.0715171788597
0.0713573845031
0.0712090541878
0.0710717445195
0.0709449682508
0.0708282030918
0.0707209007263
0.0706224956993
0.0705324138831
0.0704500802829
0.0703749260058
0.0703063942761
0.0702439454419
0.0701870609643
0.0701352464262
0.0700880336291
0.0700449818662
0.0700056784768
0.0699697387889
0.0699368055576
0.0699065480015
0.0698786605293
0.0698528612382
0.0698288902544
0.0698065079746
0.0697854932546
0.0697656415823
0.0697467632631
0.069728681637
0.0697112313406
0.0696942566231
0.0696776097194
0.069661149283
0.0696447388783
0.0696282455339
0.0696115383592
0.069594487231
0.0695769615636
0.0695588291859
0.0695399553637
0.0695202020262
0.0694994272849
0.0694774853733
0.0694542271883
0.0694295016851
0.0694031584651
0.0693750519991
0.0693450480398
0.0693130328652
0.0692789260085
0.0692426969484
0.0692043856757
0.0691641257935
0.0691221664358
0.0690788853894
0.0690347803703
0.0689904197873
0.0689463327431
0.0689028290463
0.0688597747466
0.0688164103838
0.0687713610957
0.0687229779454
0.0686699906351
0.0686121800963
0.068550625308
0.0684872842329
0.0684241404763
0.068362457014
0.0683025478032
0.0682440832175
0.0681866345556
0.0681300800387
0.0680745845956
0.0680200967473
0.0679657130908
0.0679096413833
0.0678501760922
0.0677868463287
0.0677202723202
0.0676508088117
0.0675777952649
0.0675004199479
0.0674190211574
0.0673349414564
0.0672488585017
0.0671602761054
0.0670695127622
0.0669781723419
0.0668867147057
0.0667944712885
0.0667017389841
0.0666084592081
0.0665130706158
0.0664153174442
0.0663148910805
0.0662103365738
0.0661014871503
0.0659869418202
0.0658656788558
0.065736462093
0.0655972449049
0.0654462593233
0.0652812630331
0.0651008278394
0.06490466876
0.0646932034362
0.064468882092
0.0642324911531
0.0639805177158
