1.47031553466
1.47016545344
1.46987281998
1.46944405998
1.4688845877
1.46819888832
1.46739059162
1.46646253774
1.46541683577
1.46425491598
1.46297757599
1.46158502178
1.46007690381
1.45845234879
1.4567099876
1.45484797958
1.45286403374
1.45075542709
1.44851902041
1.44615127186
1.44364824851
1.44100563624
1.43821874813
1.43528253162
1.43219157467
1.42894011116
1.4255220258
1.42193085863
1.41815980962
1.41420174338
1.41004919441
1.40569437313
1.40112917294
1.39634517882
1.39133367761
1.38608567061
1.38059188874
1.37484281086
1.36882868572
1.36253955818
1.35596530023
1.34909564757
1.34192024247
1.33442868367
1.32661058421
1.31845563804
1.30995369643
1.30109485504
1.2918695527
1.28226868291
1.27228371894
1.26190685342
1.2511311532
1.23995073007
1.22836092757
1.21635852397
1.20394195097
1.19111152706
1.17786970397
1.16422132366
1.1501738824
1.13573779756
1.12092667111
1.10575754301
1.09025112583
1.07443201077
1.05832883392
1.04197439042
1.0254056834
1.00866389432
0.991794261631
0.974845855849
0.957871241266
0.940926017721
0.924068240169
0.907357719119
0.890855211227
0.87462151608
0.858716502075
0.843198090685
0.828121233722
0.813536921847
0.79949126397
0.786024675981
0.773171213309
0.760958075279
0.749405300567
0.738525662901
0.728324765462
0.718801322036
0.709947603849
0.701750023805
0.694189825071
0.687243838797
0.680885276075
0.675084521802
0.669809902256
0.665028403541
0.660706323811
0.656809848002
0.653305539127
0.65016074483
0.647343921665
0.644824882344
0.642574973148
0.640567189824
0.638776240726
0.637178565934
0.635752320611
0.634477330211
0.633335024275
0.632308354697
0.631381703407
0.630540783598
0.629772537842
0.629065035729
0.628407373106
0.627789574464
0.627202499621
0.626637755529
0.626087613779
0.625544934189
0.625003094743
0.624455928084
0.62389766471
0.623322883077
0.622726466812
0.622103569358
0.621449586428
0.620760136782
0.620031051915
0.619258375353
0.618438372264
0.617567550059
0.616642690452
0.615660893068
0.614619630046
0.613516810007
0.612350848363
0.611120738969
0.609826119844
0.608467323178
0.607045397739
0.605562090891
0.604019779091
0.602421341534
0.600769983136
0.599069030928
0.597321750519
0.595531251436
0.593700561859
0.591832941411
0.589932453458
0.588004733581
0.586057785542
0.584102549166
0.582152967069
0.580225366751
0.578337165049
0.576505130442
0.574743606053
0.573063117959
0.571469650622
0.56996462636
0.568545391549
0.567205894149
0.565937283247
0.564728341375
0.563565876702
0.562435327074
0.561321763371
0.560211229056
0.559092057261
0.557955688863
0.556796718108
0.555612322639
0.554401576374
0.553165096478
0.551905041441
0.550625021811
0.549329471301
0.548022576011
0.546707489207
0.545386478623
0.544061685903
0.542735383132
0.541409235756
0.540083528351
0.538757424735
0.537429700163
0.536098600419
0.534761153545
0.533413545369
0.532052286318
0.530674308367
0.529276473743
0.527856289106
0.526412590917
0.524944719488
0.523452125681
0.521934709623
0.520391916967
0.518822370013
0.517224764352
0.515597771332
0.513940463499
0.512252588557
0.510533164966
0.50877987483
0.506988133258
0.505151698001
0.503264038948
0.501319201768
0.499312115826
0.497237456183
0.495088587964
0.492856979032
0.490533600241
0.488111229776
0.485584637749
0.482948967942
0.480198401971
0.477325769653
0.47432351437
0.471185139039
0.467903739415
0.46447246817
0.460884218508
0.457134645738
0.453225639605
0.449258948459
0.446693492652
0.470281537333
0.567246182266
0.618500121113
0.630418183871
0.627731560864
0.614041946819
0.591117385652
0.569082976964
0.560863582974
0.570889170485
0.560413360585
0.49772302812
0.468775143198
0.430994236642
0.540915776628
0.523695544814
0.593480589812
0.609279658791
0.596300438018
0.548372511814
0.504045381487
0.592612937464
0.467986595869
0.494727735075
0.49984509389
0.469261572705
0.423118371077
0.443115993715
0.513883716068
0.509904404326
0.456515867171
0.44171390845
0.458179543208
0.475658836229
0.483219836318
0.479170263114
0.463144910124
0.437655073938
0.417225129541
0.426821856615
0.435166329297
0.403761020664
0.394323634921
0.405977367719
0.40699073715
0.395047014815
0.394654524189
0.406331590723
0.392072142137
0.391436100068
0.394042147227
0.384190795988
0.379284007835
0.383151850686
0.374668397369
0.376777977042
0.377700961593
0.372936435283
0.374831443552
0.371740795244
0.368687944365
0.368773284637
0.364643382079
0.366129265959
0.362721633887
0.362880971873
0.360418908371
0.358971399958
0.356811801277
0.355479904586
0.353476717634
0.352330790527
0.34975659342
0.348736481068
0.346110805797
0.344673625982
0.343092103979
0.340357173271
0.338513742279
0.337096956416
0.3348730231
0.33257633962
0.330072765548
0.328152488199
