0.656414967843
0.656233677901
0.655880295536
0.655362777165
0.654687940479
0.653861558175
0.652888443635
0.651772529157
0.650516937338
0.649124046199
0.647595548611
0.645932506577
0.64413540089
0.642204176664
0.640138285215
0.637936722739
0.635598066214
0.63312050694
0.630501882091
0.627739704659
0.624831192132
0.621773294255
0.618562720182
0.61519596534
0.611669338308
0.607978987988
0.604120931347
0.600091082015
0.595885279973
0.591499322594
0.586928997256
0.582170115758
0.577218550729
0.57207027422
0.566721398628
0.561168220078
0.555407264374
0.549435335556
0.543249567082
0.536847475586
0.530227017115
0.523386645666
0.516325373756
0.509042834718
0.501539346241
0.493815974658
0.485874599286
0.477717976081
0.469349799689
0.46077476289
0.451998612287
0.443028198994
0.433871522963
0.424537769498
0.415037336467
0.405381850656
0.39558417173
0.385658382333
0.375619762919
0.365484750098
0.355270877492
0.34499669836
0.334681689633
0.324346137367
0.31401100411
0.303697779171
0.293428313305
0.283224639866
0.273108785017
0.263102570054
0.253227409334
0.243504107654
0.233952661119
0.224592065674
0.215440137409
0.206513348557
0.197826682779
0.18939351283
0.181225503115
0.173332538936
0.165722683485
0.158402162815
0.151375378261
0.144644945025
0.13821175495
0.13207506096
0.12623258017
0.12068061236
0.115414170319
0.110427118541
0.105712316807
0.101261765395
0.097066748951
0.0931179763734
0.0894057144988
0.0859199137581
0.0826503244215
0.0795866024498
0.07671840435
0.0740354707812
0.0715276989542
0.0691852041164
0.0669983706191
0.0649578932145
0.0630548093408
0.0612805232224
0.0596268226474
0.0580858892885
0.0566503034189
0.0553130438342
0.0540674837457
0.0529073833487
0.051826879708
0.0508204745336
0.049883020355
0.0490097055372
0.0481960385193
0.0474378316005
0.0467311845451
0.04607246823
0.0454583085188
0.0448855705043
0.0443513432343
0.0438529250035
0.0433878092735
0.0429536712602
0.0425483552138
0.0421698624013
0.041816339791
0.04148606943
0.0411774584974
0.0408890300132
0.0406194141759
0.0403673403029
0.0401316293415
0.0399111869216
0.0397049969188
0.0395121154957
0.0393316655924
0.0391628318361
0.039004855841
0.038857031871
0.0387187028402
0.038589256625
0.0384681226653
0.038354768833
0.0382486985466
0.0381494481134
0.0380565842807
0.0379697019799
0.0378884222474
0.037812390309
0.037741273813
0.0376747612012
0.0376125602055
0.0375543964601
0.0375000122192
0.0374491651719
0.0374016273458
0.0373571840911
0.03731563314
0.0372767837324
0.037240455805
0.0372064792357
0.0371746931394
0.0371449452113
0.037117091112
0.0370909938909
0.0370665234447
0.0370435560069
0.0370219736657
0.0370016639057
0.0369825191735
0.0369644364608
0.0369473169052
0.0369310654049
0.0369155902453
0.0369008027345
0.0368866168461
0.0368729488659
0.0368597170414
0.0368468412307
0.0368342425479
0.0368218430035
0.0368095651364
0.0367973316346
0.0367850649409
0.0367726868423
0.0367601180365
0.0367472776751
0.0367340828763
0.036720448206
0.0367062851194
0.0366915013614
0.0366760003193
0.0366596803228
0.0366424338872
0.0366241468948
0.0366046977103
0.0365839562281
