1.88422738975
1.84291162899
1.75956834925
1.63120555823
1.45432079139
1.22882772298
0.965739752544
0.69683192396
0.47169687248
0.3253766118
0.250632977544
0.218312585759
0.205770025958
0.201558118941
0.200736611142
0.201257110129
0.202264912956
0.203397663848
0.204502301715
0.205517742612
0.206424291279
0.20722090229
0.207914597816
0.208515435435
0.209034112085
0.209480858513
0.209864976445
0.210194695709
0.210477186583
0.210718642189
0.210924387054
0.211098989685
0.211246368632
0.211369887617
0.211472438498
0.211556512432
0.211624260297
0.211677543697
0.211717977873
0.211746967777
0.211765738396
0.211775360262
0.211776770971
0.211770793358
0.211757789456
0.211738049161
0.211711796365
0.211679194004
0.211640348129
0.211595311114
0.211544084086
0.211486618634
0.211422817853
0.211352536749
0.211275582025
0.211191711272
0.211100631531
0.211001997242
0.210895407536
0.210780402836
0.210656460724
0.210522991004
0.210379329894
0.210224733255
0.210058368755
0.209879306852
0.209686510453
0.209478823106
0.209254955559
0.20901347049
0.208752765249
0.208471052411
0.208166338
0.207836397317
0.207478748416
0.207090623561
0.206668939415
0.206210267472
0.205710807436
0.205166368168
0.204572363786
0.203923836795
0.203215526272
0.20244200704
0.20159793515
0.200678443857
0.199679738863
0.198599935279
0.197440152616
0.196205829616
0.194908134608
0.193565237095
0.192203092083
0.190855291963
0.189561467278
0.188363656351
0.187300048662
0.186395772556
0.185651511021
0.18503331062
0.184470500786
0.183869956088
0.183148858022
0.182273736985
0.181281347148
0.180262884806
0.179318274696
0.178509490224
0.177839625338
0.177263092103
0.176714306556
0.17613903991
0.175517993078
0.174875515228
0.174264792943
0.173724370124
0.173227856593
0.172686839114
0.17203560532
0.171303934369
0.170567322422
0.169842624761
0.169078949472
0.168247835812
0.167405406838
0.166620077407
0.165840437723
0.164975368865
0.164087206285
0.163230213168
0.162301366126
0.161271104215
0.160218630625
0.159091069754
0.157910089527
0.156818805023
0.155833769726
0.155081942877
0.154495744428
0.153942995272
0.153395093468
0.152742999525
0.15203429377
0.151241671817
0.150473984658
0.14976024228
0.149066048607
0.148429725334
0.147823293143
0.147213797225
0.146599868618
0.145976645243
0.145336635233
0.144686272526
0.144027251261
0.143373217042
0.142742594524
0.142189036678
0.142175196577
0.144216284892
0.160310073965
0.155404516725
0.148530362604
0.140658020983
0.142313257013
0.139633195149
0.137061569993
0.136866473458
0.138376906033
0.148948739663
0.141083898179
0.161610885015
0.139790392111
0.150264837529
0.143453944647
0.134480746057
0.149695427129
0.135304638423
0.136510496435
0.141990112523
0.140502226721
0.133234900953
0.131188256385
0.137233954
0.133932382231
0.128413726138
0.130367668126
0.132116176433
0.129717874435
0.126411985351
0.128199314372
0.129176815286
0.125853263357
0.126294808861
0.127488268147
0.125908453607
0.12438756115
0.125758027719
0.124854711076
0.123759604265
0.124651187071
0.124022383305
0.123072249052
0.123714657857
0.122765641139
0.122534577554
0.122666940237
0.1218463777
0.12205792672
0.121593178236
0.121268586414
0.121200777029
0.120588141862
0.120644993354
0.120069427897
0.120041010332
0.119559551821
0.11943742241
0.118937560363
0.118780754881
0.118304743278
0.118117026669
0.117718308624
0.117332939309
0.117072789207
0.116620045713
0.116200823854
0.115899954173
0.115538448201
0.115055214063
0.114572129472
0.114098636353
0.113624653621
0.113146205032
0.112701648146
0.112541344645
0.114954900701
0.129246139369
0.152679197158
0.173322306268
0.170545767566
0.149806898662
0.119541151045
0.161019976866
0.139982977448
0.124226726098
0.138395093621
0.146677757674
0.148852445516
0.146157278258
0.140362967206
0.13494647758
0.134615364862
0.139151066699
0.137406153616
0.127972791299
0.122595515935
0.121642879731
0.119784643099
0.116449537369
0.117230678309
0.12097591425
0.117949387624
0.115554389045
0.116363176255
0.11426744563
0.112051854587
0.11507146618
0.112484060273
0.112184972893
0.112294734367
0.110122380204
0.111349520415
0.110221797361
0.109537943014
0.109699642709
0.108258217402
0.10895960609
0.107827125745
0.107666589048
0.107105496833
0.106216223655
0.106094388548
0.105199204725
0.104987347682
0.104294106107
0.103770948808
0.10347482155
0.102581236046
0.10242156775
0.102066547641
0.10111708263
0.100492262396
0.100316749298
0.100632555242
0.103388782288
0.106241309531
0.125543012521
0.117092768952
0.118839417175
0.102798867397
0.108540609704
0.101011330453
0.106632690988
0.103698843078
0.0999782540982
0.104901288274
0.10151132344
0.0965239290453
0.102171065563
0.09872830682
0.0950643232867
0.0987476892237
0.0968766945181
0.0934138318283
0.0969864704979
0.0934555078616
0.093831107322
0.0950684933205
0.0924510725224
0.093942228415
0.0926846485588
0.0920161088835
0.0926320341768
0.0909759176173
0.0921930615978
0.0906357348156
0.0912408079188
0.0904428021452
0.0905093641396
0.0900968233963
0.0899494732429
0.0897113144948
0.0895217607562
0.0892167992159
0.0892189185482
0.0886821790849
0.0888527998376
0.088186152109
0.0882293047696
0.0878644215529
0.0875072391194
0.0874893086711
0.0870912232843
0.0867623532368
0.0866369085611
0.0863994923225
0.0860666223436
0.0856798619705
0.0853375956781
0.0850098942575
0.0847424766067
0.0847858434271
0.0867569461263
0.093309629251
0.096858642051
0.0863610417214
0.112759177988
0.0916062956131
0.103733175862
0.0910020087938
0.0893448633002
0.0942852603352
0.0830836639968
0.0890238189826
0.0927779142862
0.0893053287861
0.0824004611215
0.0829075379226
0.0882502726166
0.0859404274686
0.0803326236752
0.080974566694
0.0839294072973
0.0836927582828
0.0804853034516
0.0792572772215
0.0816006550402
0.0812697577566
0.0786903619881
0.0791519747144
0.0802565437255
0.0791846328199
0.0779255327384
0.0788779173781
0.0789309026018
0.0776556277686
0.0779674116704
0.0783302362158
0.0774852199667
0.0772353316878
0.0777013992621
0.0771044370454
0.0769184139824
0.0771975485575
0.0767447356194
0.0766060437884
0.0767297783761
0.0762945670835
0.0763482450429
0.076258463958
0.0759794613894
0.0760714883864
0.0757920026271
0.0757469823082
0.0756210917049
0.0754376476228
0.0753927334255
0.0751753568028
0.0751256812164
0.0749082994378
0.0748372723942
0.0746372035796
0.0745224339907
0.0743562615579
0.0741785223052
0.0740500473429
0.0738363676746
0.0736744488297
0.0735079334436
0.0732830713724
0.0730742346826
0.0728880416182
0.0726914852908
0.0724879941688
0.0722929309368
0.0722220983985
0.0725972918645
0.075300903778
0.0802889896262
0.0784346023764
0.0717956992439
0.0856179254336
0.0742570924402
0.0788601865295
0.0703188611007
0.0782086593574
0.0733182113127
0.071357583855
0.075867556625
0.0724226602268
0.0688221264891
0.0734110909336
0.0725094467767
0.0681389939944
0.0703774429185
0.0717084317136
0.0687866669665
0.0680732715296
0.0703133549829
0.068191471491
0.0677386519901
0.0691169140022
0.0678130496637
0.0672888887778
0.0683348054391
0.0670074814057
0.0673056068666
0.0675686956984
0.0666133067972
0.0671279577235
0.0668287299843
0.0664523699658
0.0668204120553
0.0662261582348
0.0664272592432
0.0662244456117
0.0660275404436
0.0661278248371
0.0657513570062
0.065921117975
0.0655721865384
0.0656632300596
0.0654124215382
0.0654206233432
0.0652228129222
0.0651919828697
0.0650096505555
0.0649804540626
0.0647691608382
0.0647495987366
0.0645466785675
0.0644714361656
0.0643579566154
0.064167214416
0.064085256112
0.0639656381093
0.0637666628187
0.0636020540356
0.0634817035783
0.0633729275808
0.0633095683128
0.063383444721
0.0640298784064
0.0652188822276
0.0703007620527
0.0623407676519
0.0722094551409
0.0633838220104
0.0679525753587
0.062178781512
0.0660339407678
0.0660078191919
0.0614717793609
0.0657160859675
0.0654004449594
0.0610146719235
0.0630192961288
0.0639660769923
0.060438626768
0.0622210403856
0.0626631875185
0.060227046362
0.061383852235
0.061519816143
0.0598485178794
0.0610713192088
0.060586886404
0.0596871915815
0.060690421173
0.0596203058674
0.0598870738671
0.0599935740926
0.0592500836731
0.059816679023
0.0592106347658
0.059330772924
0.05930370204
0.0589263667595
0.0591857781572
0.0587291814896
0.0589500156596
0.0586016169753
0.0587111849006
0.0584592892997
0.0584858042067
0.0583077038536
0.0582829461174
0.0581031402193
0.0581037588079
0.0578992087712
0.0579171706402
0.0576951202499
0.0576880503833
0.0575203218181
0.0574131061938
0.0573551298297
0.0571721145533
0.057068630806
0.0569966673067
0.0568438738181
0.0566727545868
0.0565270915986
0.0564058514151
0.0563156384792
0.0563292790363
0.056747494888
0.0579210019263
0.0629479074397
0.0554580954523
0.0623683508148
0.0566068416865
0.0592776373732
0.0549454070029
0.0585053922057
0.0568302877789
0.0550223361843
0.0575479075056
0.0561747308071
0.0541070955218
0.0561336319281
0.0551802225014
0.053914122532
0.0553458460033
0.0543653645115
0.0537221926494
0.0547271389827
0.0534649170756
0.0539136685338
0.0539293461481
0.053160129204
0.0537914161237
0.0531341419972
0.0532561709106
0.0532765557497
0.0528178672672
0.0531546497774
0.0526833418306
0.0528618574924
0.0526524809206
0.0525746946623
0.0525430910234
0.0523816134256
0.052383790885
0.0522040889335
0.0522041680711
0.0520508999314
0.0520134330724
0.051906675236
0.0518007432968
0.0517673656585
0.0515984692834
0.0515773781756
0.0514622604372
0.0513185916977
0.0512728049127
0.0511850793271
0.0510271050836
0.0508906510578
0.050792393704
0.0507199431928
0.0507150548699
0.0509458437042
0.0521666486
0.0548113297964
0.0521995981495
0.0502272430155
0.0540985463497
0.0499225313748
0.0519984382247
0.0494205526367
0.0513715978393
0.0492041479132
0.0505157832553
0.0492047245302
0.0500513124885
0.0488362820278
0.049637666321
0.0486257695632
0.0494379812587
0.0483079373748
0.0489995578202
0.0481504102496
0.0486064657899
0.0481940714411
0.0480499508185
0.0482788732586
0.0476842691212
0.0478730718362
0.0477192758097
0.047392329128
0.0475068927748
0.0473750125724
0.0471115553056
0.0470563775139
0.0470940028452
0.0470205754569
0.0468185753499
0.0466430114834
0.0464990183003
0.0463816638208
0.0462955213094
0.0463702922915
0.0471661703442
0.0519919899727
0.0469264694382
0.0461551111714
0.0495061532851
0.0454636743982
0.0495248699431
0.0452014349478
0.0480414945147
0.0469944500839
0.0452998126194
0.0474705890785
0.0452688998352
0.045277107639
0.0464508295846
0.0447970259915
0.0450603346402
0.0456451308976
0.0442902821044
0.0450544973079
0.0448546268479
0.0441601618083
0.0448699180387
0.0441146271366
0.0443350089238
0.0443460143326
0.0438838436248
0.0442795079625
0.0437927070623
0.0439985945146
0.0438303379829
0.0437285706282
0.0437768629495
0.0435583307108
0.0436689754323
0.0434317093424
0.0435446287259
0.0433288989923
0.0434085380847
0.043226389285
0.0432831416303
0.0431224491366
0.0431503179839
0.0430175649227
0.0430158865205
0.0429258506822
0.0428611337309
0.0428340161654
0.0427218878411
0.0426822043018
0.0426314634838
0.0425297629146
0.0424535462248
0.0424067320642
0.0423538713106
0.0422849709985
0.042229851782
0.0422294723679
0.0425258048504
0.0436376162794
0.0484883366898
0.0419925076711
0.045000357122
0.0429002502577
0.0432524798706
0.0431580793915
0.0414795689896
0.0432354044601
0.0417806702595
0.0425253738824
0.0414516283312
0.0421485852778
0.0412983346126
0.0419463842677
0.040802818697
0.0417149319526
0.040567604686
0.0415768977188
0.0404271374886
0.0410165600268
0.0404849759425
0.0404065608369
0.0407088368232
0.0400425012152
0.040455850309
0.0402911320187
0.0398450937594
0.0402072230982
0.0401574989025
0.0396544154693
0.0396816007896
0.0399284802566
0.0396885554687
0.0393813152205
0.0392400775413
0.0392710277375
0.0394331706985
0.0395991364699
0.039889204522
0.039875384294
0.0404886329541
0.0410052251986
0.0430378095037
0.038525737932
0.0432753905912
0.038453059341
0.0415435840777
0.0386990251475
0.040029492384
0.0391450711819
0.0389076783572
0.0393273666033
0.0380783624084
0.039096758012
0.0378642586459
0.038697876569
0.0376282752951
0.0383660759181
0.0375899661106
0.0379612045691
0.0375123464259
0.0375793642616
0.0375320682697
0.0372488868928
0.0375468558073
0.0370397408721
0.0372753680009
0.0370621225903
0.0369022713443
0.0370687202197
0.036796491663
0.0367306117129
0.036842512663
0.03665498187
0.0364885048612
0.0365057487094
0.0365225964353
0.0364103466002
0.0362507346435
0.0361423371766
0.0360802584654
0.0360661361682
0.0362227009438
0.0369276150606
0.0399615323124
0.0362081471932
0.0365796404223
0.0389777732406
0.0360031233698
0.0393201984517
0.0364848751167
0.0375627196882
0.0373853182245
0.0360971249184
0.0370017110382
0.0357922388039
0.036520755915
0.0353871069323
0.0359037923172
0.0354666672101
0.0353302939448
0.035623709892
0.034699809381
0.0355665618436
0.0344988777808
0.0352418820954
0.0347735199542
0.0345051470246
0.035065217784
0.0343910276048
0.034351848455
0.0347755046225
0.0343636593563
0.034006039419
0.0343177428245
0.0345330024388
0.0340602660492
0.0337576430985
0.0338141022014
0.0340314701573
0.0342144711405
0.0340343896134
0.0339222017149
0.033905813544
0.0344765865694
0.0359691243709
0.0339325376328
0.033359294542
0.035218296896
0.0329514441342
0.0343779187487
0.0328806053433
0.0339070025958
0.0328238867983
0.0334750408892
0.032807061267
0.0332039614575
