0.267746759991
0.267746729345
0.267746669587
0.267746582021
0.267746467739
0.267746327642
0.267746162452
0.267745972728
0.267745758873
0.267745521152
0.267745259692
0.267744974499
0.267744665459
0.267744332345
0.267743974826
0.267743592465
0.267743184728
0.267742750983
0.267742290505
0.267741802476
0.267741285987
0.26774074004
0.267740163543
0.267739555317
0.267738914088
0.267738238493
0.267737527072
0.267736778271
0.267735990436
0.267735161814
0.267734290548
0.267733374674
0.267732412119
0.267731400695
0.267730338094
0.26772922189
0.267728049525
0.267726818312
0.267725525424
0.267724167891
0.267722742595
0.267721246261
0.267719675452
0.267718026562
0.267716295807
0.267714479219
0.26771257264
0.267710571709
0.267708471855
0.267706268293
0.267703956004
0.267701529737
0.26769898399
0.267696313003
0.267693510748
0.267690570916
0.267687486905
0.26768425181
0.267680858408
0.267677299148
0.267673566134
0.267669651117
0.267665545474
0.267661240201
0.267656725893
0.267651992732
0.267647030472
0.267641828422
0.267636375432
0.267630659876
0.267624669638
0.267618392096
0.267611814103
0.267604921978
0.267597701483
0.267590137813
0.267582215579
0.267573918794
0.26756523086
0.267556134555
0.26754661202
0.267536644746
0.267526213571
0.267515298665
0.267503879525
0.267491934975
0.267479443155
0.26746638153
0.267452726886
0.267438455339
0.267423542343
0.267407962706
0.267391690602
0.267374699598
0.267356962677
0.267338452271
0.267319140303
0.267298998224
0.267277997072
0.267256107526
0.267233299974
0.267209544589
0.26718481141
0.267159070437
0.267132291735
0.267104445544
0.267075502403
0.267045433287
0.267014209748
0.266981804074
0.266948189458
0.266913340171
0.266877231757
0.26683984123
0.266801147285
0.266761130515
0.26671977364
0.266677061738
0.266632982486
0.266587526399
0.266540687077
0.266492461443
0.266442849985
0.266391856983
0.26633949073
0.266285763741
0.266230692933
0.266174299797
0.266116610529
0.266057656135
0.265997472498
0.265936100404
0.265873585514
0.265809978289
0.265745333858
0.26567971182
0.265613175982
0.265545794026
0.265477637109
0.265408779377
0.265339297419
0.265269269631
0.265198775513
0.265127894894
0.265056707085
0.264985289971
0.264913719048
0.264842066402
0.264770399661
0.264698780906
0.264627265568
0.264555901315
0.26448472695
0.264413771323
0.264343052278
0.264272575649
0.264202334314
0.264132307318
0.264062459089
0.263992738748
0.263923079524
0.263853398294
0.263783595244
0.263713553673
0.263643139934
0.263572203531
0.263500577371
0.263428078189
0.263354507135
0.263279650558
0.263203280967
0.263125158204
0.263045030827
0.262962637719
0.26287770993
0.262789972768
0.262699148137
0.26260495712
0.262507122796
0.262405373253
0.262299444744
0.262189084883
0.262074055769
0.261954136819
0.261829127097
0.261698846807
0.261563137593
0.261421861231
0.261274896311
0.261122132549
0.260963462522
0.260798770881
0.260627921505
0.260450743542
0.260267017916
0.260076466366
0.25987874546
0.25967344784
0.259460112242
0.259238242274
0.259007331835
0.258766892798
0.258516478908
0.258255699791
0.257984220952
0.257701749914
0.257408013967
0.257102739683
0.256785646084
0.256456460524
0.256114958774
0.255761020397
0.255394681244
0.255016161976
0.254625859537
0.254224307648
0.253812135057
0.253390059824
0.252958937484
0.252519831699
0.252074031867
0.251622952457
0.251167925379
0.250709975991
0.250249664027
0.24978696702
0.249321108233
0.248850306585
0.248371581081
0.247880734001
0.247372410798
0.246840041086
0.246275742774
0.245670472384
0.245014387249
0.244297100071
0.243507868086
0.242636017563
0.241671402042
0.240604651851
0.239427570838
0.238133593214
0.236718187438
0.235179870863
0.233520659058
0.23174435907
0.229852791305
0.227841820298
0.225700499405
0.223414514267
0.220973810981
0.218375457447
0.215614320983
0.212669652985
0.209503657049
0.206072308244
0.20235238779
0.198389327788
0.194267961766
0.189943782183
0.185408027986
0.181748979164
0.191444080888
0.175255761761
0.172416546123
0.174657461213
0.225538999501
0.246079247262
0.248060264043
0.24229990659
0.229894071544
0.193890513539
0.235119347571
0.171622349556
0.200187166735
0.206173623557
0.192710098343
0.16318714858
0.195776438421
0.188883665147
0.157908172747
0.177276801253
0.187729704753
0.188318930037
0.179526514484
0.162311899453
0.142742103891
0.140681457092
0.164388873615
0.154084864111
0.132433520492
0.136033808589
0.144356430973
0.148753675127
0.14649841639
0.137510674664
0.125243679315
0.120018088195
0.130100363561
0.133121829252
0.118644599676
0.112643107026
0.116642293774
0.120046312214
0.11805248366
0.111438250092
0.106580734785
0.109850743325
0.11128781663
0.104915946099
0.103238477762
0.105417100574
0.104541958711
0.100537462067
0.0997188095206
0.101377203907
0.0983269698435
0.0971645415478
0.0981411785168
0.0964484512031
0.0948293104979
0.0956254581522
0.0939087053476
0.0930941224074
0.0932050845948
0.0916041049981
0.091214579131
0.0906350974251
0.0893797380605
0.089215199161
0.0879464144394
0.0875818804518
0.0866076195214
0.0860179118058
0.0852403082644
0.084509300999
0.083725580396
0.0830174760266
0.0821274550988
0.0814709517596
0.0804615028201
0.0797860526069
0.0788476505786
0.0779782148143
0.0772184968966
0.0762553353179
0.0753521733035
0.0745336121503
0.0736241577695
0.0726555836365
