1.21510997142
1.21503246767
1.2148813567
1.21465997278
1.21437113466
1.21401718755
1.21360004089
1.21312120211
1.21258180692
1.21198264634
1.21132419076
1.21060661146
1.20982979955
1.20899338296
1.20809674125
1.20713901884
1.20611913652
1.20503580168
1.20388751715
1.20267258901
1.20138913336
1.20003508232
1.19860818916
1.19710603293
1.1955260225
1.19386540023
1.19212124527
1.19029047674
1.18836985672
1.18635599332
1.18424534374
1.18203421765
1.17971878082
1.17729505913
1.17475894324
1.17210619382
1.1693324476
1.16643322437
1.16340393502
1.16023989082
1.15693631403
1.15348835008
1.1498910815
1.14613954363
1.14222874248
1.13815367484
1.13390935086
1.12949081919
1.12489319511
1.12011169153
1.11514165334
1.10997859507
1.10461824206
1.09905657535
1.09328988023
1.08731479863
1.08112838526
1.07472816741
1.06811220836
1.06127917402
1.0542284026
1.04695997664
1.03947479702
1.03177465797
1.02386232237
1.01574159604
1.00741739992
0.998895838527
0.990184263138
0.981291327904
0.972227036819
0.96300277957
0.953631354043
0.944126973306
0.934505254935
0.924783190623
0.914979094291
0.905112527165
0.895204198739
0.885275843066
0.875350070405
0.865450195014
0.855600040612
0.84582372589
0.836145433259
0.826589164819
0.817178490282
0.807936292126
0.798884513749
0.790043916561
0.781433851992
0.773072054098
0.764974457966
0.757155048372
0.749625742168
0.742396306824
0.735474316275
0.728865144033
0.722571992287
0.71659595459
0.710936108788
0.705589636054
0.700551961347
0.695816910328
0.691376877654
0.68722300174
0.683345341381
0.679733050118
0.676374544781
0.673257665313
0.670369823596
0.667698139698
0.665229564506
0.662950988303
0.660849335272
0.658911644331
0.657125136957
0.655477272943
0.653955795121
0.652548764244
0.651244585218
0.650032025933
0.648900229909
0.647838723964
0.646837422087
0.645886626685
0.644977028353
0.644099705355
0.643246123988
0.642408141104
0.641578010086
0.640748391705
0.639912371325
0.639063484052
0.638195749427
0.637303717265
0.636382526048
0.635427974945
0.63443660982
0.633405822513
0.632333960907
0.631220444883
0.630065879835
0.628872155146
0.627642509882
0.626381542559
0.625095137189
0.623790275701
0.622474709962
0.621156478258
0.61984327451
0.618541715213
0.617256596608
0.615990283439
0.614742402842
0.613510008075
0.612288304319
0.611071886626
0.609856254586
0.608639203649
0.60742163511
0.606207441534
0.605002409545
0.603812444639
0.602641709561
0.601491340106
0.600359212285
0.59924085261
0.598131158345
0.597026284525
0.595924968902
0.594828746358
0.593740924599
0.592664744311
0.59160161273
0.590550382618
0.589508136308
0.588471969428
0.587440464426
0.586413631654
0.585391214406
0.584370593256
0.583345921056
0.582309159454
0.581252157586
0.580168117212
0.579051433052
0.577896482808
0.576697030551
0.575447253907
0.574143419091
0.572784153156
0.57136876765
0.569895553935
0.568361993781
0.566766096308
0.56510648909
0.563381142727
0.561587348515
0.559723723308
0.557791149982
0.555791170903
0.553724905428
0.551593620604
0.549397852685
0.547135664193
0.544803868394
0.542399901235
0.539921389634
0.537367017088
0.534737650358
0.532034619882
0.52925975124
0.526415908139
0.52350599086
0.520534144946
0.517504855504
0.514421807704
0.511287035089
0.50809957138
0.504857045508
0.501556199615
0.498193740346
0.49476460346
0.491261649354
0.487675485145
0.483995355031
0.480208459665
0.476299442634
0.472250755485
0.468043498621
0.463657468606
0.459070264118
0.45425773396
0.449195248835
0.443857259103
0.438214747534
0.432234994833
0.425882227394
0.419174309663
0.412939180598
0.422748325656
0.584348172846
0.620278550668
0.586717303697
0.525998992188
0.550258574338
0.54573396677
0.394569969178
0.416111653327
0.458345133186
0.508086241338
0.546434251137
0.531902512525
0.527666933802
0.541297243448
0.547005988728
0.537778450136
0.518113792106
0.508183512144
0.507454013965
0.478303633245
0.458314764257
0.444640986502
0.420601624975
0.403645177422
0.400261512405
0.38597490756
0.38370227458
0.381124970208
0.372853874665
0.369548738253
0.359799183181
0.346419268544
0.337772476197
0.324755315744
0.321694107344
0.3132343718
0.31202471391
0.303010301549
0.301282682455
0.297360206449
0.293557392529
0.295549103983
0.289795649225
0.280150274966
0.283515393998
0.290071374118
0.268779691944
0.268127840333
0.285291154206
0.261984552825
0.297424707639
0.252643495752
0.272001616428
0.254495616083
0.250188682037
0.250601885088
0.241724943726
0.247283291414
0.23179644472
0.243505169081
0.230434796152
0.23047779212
0.232652467377
0.221550165332
0.227563405268
0.220115896284
0.220412588155
0.219944324066
0.213614014359
0.216568846823
0.209933622753
0.212353453522
0.207397922532
0.208930648735
0.204534360447
0.205237595923
0.202007542588
0.202415061756
0.199010723283
0.1992996845
0.196143411343
0.1963967396
0.193490267352
0.192916032138
0.191076606457
0.189161204281
0.188499764376
0.18632780724
0.184707049931
0.183762659778
0.182097274167
0.180150854689
0.17822081895
0.176452906949
0.174804191556
0.173480043411
0.174294816389
0.182331526077
0.184061934389
0.16554839677
0.186937844672
0.174036072899
0.17205186668
0.177916423853
0.158946279731
0.162636872418
0.160796053598
0.15261610604
0.153303142071
0.153413311253
0.149126875376
