0.17290079618
0.172900023306
0.17289851574
0.172896305454
0.172893418733
0.172889876622
0.172885695324
0.172880886537
0.172875457742
0.172869412453
0.17286275042
0.172855467802
0.172847557295
0.172839008243
0.172829806704
0.1728199355
0.172809374227
0.172798099253
0.172786083675
0.172773297259
0.172759706354
0.172745273771
0.172729958648
0.172713716269
0.172696497873
0.172678250414
0.172658916295
0.172638433069
0.172616733095
0.17259374315
0.172569384003
0.172543569935
0.172516208196
0.172487198414
0.172456431931
0.172423791064
0.172389148293
0.172352365357
0.172313292258
0.172271766162
0.172227610192
0.172180632102
0.172130622839
0.172077354973
0.172020581015
0.171960031624
0.171895413727
0.17182640858
0.171752669844
0.171673821738
0.171589457423
0.171499137791
0.171402390919
0.171298712559
0.171187568155
0.171068397021
0.170940619526
0.170803648295
0.170656904621
0.170499841367
0.170331973572
0.17015291753
0.169962438237
0.169760503431
0.169547339989
0.169323485199
0.169089821941
0.168847584256
0.168598319936
0.168343801476
0.168085886859
0.167826345426
0.167566676721
0.167307955326
0.167050728235
0.166794974965
0.166540121796
0.166285089186
0.166028350535
0.165767990533
0.165501768098
0.165227208629
0.164941770619
0.164643151164
0.164329807699
0.164001763266
0.163661698717
0.163316184145
0.162976667242
0.162659606614
0.162385045433
0.162172960637
0.162036745825
0.161973778892
0.161956433388
0.161933171056
0.161848990052
0.161677597437
0.16143896206
0.161184186377
0.160960799928
0.160787639442
0.160653452482
0.160531336698
0.160394612828
0.160226667758
0.160025054289
0.159802026852
0.159580990416
0.159385228275
0.159218740407
0.159055185576
0.158859824952
0.158630057942
0.158396772337
0.158181244682
0.157970860721
0.157738944669
0.157476768373
0.157204713091
0.156944282017
0.156677570972
0.156378936683
0.156077110286
0.155807469655
0.155561295719
0.155338821319
0.155162840414
0.155024712757
0.154905430412
0.154809894574
0.154731363126
0.154652211134
0.154572847285
0.154492674661
0.154398916172
0.154292351869
0.154175153667
0.154039345385
0.153887972558
0.153722697802
0.153541594081
0.153353306312
0.153156979026
0.152960463222
0.152765307184
0.152575122929
0.152385998685
0.152198609892
0.152006241803
0.151807209111
0.151602304254
0.151391823552
0.151178056162
0.150963489088
0.150748740449
0.150532494296
0.150313780416
0.150093257963
0.149874006721
0.149660219171
0.149460365078
0.149310034079
0.149395351901
0.15058388122
0.153144414273
0.157887019542
0.156080342095
0.163487607156
0.152638882812
0.158044428928
0.161118564625
0.160021356081
0.151134915444
0.154962521047
0.159132065063
0.151237312144
0.154849513307
0.157574142694
0.152507456767
0.151078371717
0.154544227129
0.151959908145
0.150097044816
0.153578819795
0.150178201839
0.150351454914
0.152089008388
0.149062251419
0.150439268038
0.149289397854
0.148852620527
0.149617188196
0.148153772122
0.148790862434
0.147558562321
0.14776348841
0.147609491871
0.146657521641
0.147450143203
0.146553352634
0.14707509167
0.146321413675
0.145234479874
0.145764542557
0.144743449037
0.143890938965
0.14491636774
0.149830656765
0.15800671538
0.142644440068
0.15502143808
0.154889800066
0.143061953502
0.150790317075
0.148801325712
0.143340246012
0.149092250614
0.145174247401
0.144257691123
0.147437786716
0.14338479101
0.143712157762
0.144080482018
0.141923462715
0.143864567385
0.14149482535
0.142009926139
0.141571611207
0.140909516428
0.141703072592
0.140883356225
0.141460516531
0.140292204475
0.140686696512
0.140618307417
0.139836328545
0.140696914956
0.139233196288
0.139938829463
0.139606337344
0.138877614742
0.139644717088
0.139597132042
0.138536720836
0.137857560972
0.137710518863
0.138209208546
0.141358751347
0.149961184005
0.148310653855
0.146092542887
0.137271222216
0.14348896829
0.137506941008
0.141088794125
0.137411956604
0.140831792953
0.137406102437
0.139920753426
0.137292503632
0.140000563493
0.136981862528
0.140934348974
0.141193855628
0.137789890887
0.140382774786
0.136347884646
0.139162588341
0.137991418603
0.137079781959
0.136788656801
0.135893829293
0.136224420217
0.135868421105
0.135448608038
0.134853427901
0.136826682704
0.146881569349
0.141579754365
0.15630253814
0.150961563633
0.141369089191
0.151619096785
0.145900648918
0.137696076595
0.148758088329
0.146150170294
0.136980820891
0.143427464414
0.146492230648
0.138541949567
0.136871975349
0.138938506372
0.14139358765
0.137182104513
0.137282020709
0.137640948494
0.138318044231
0.137542891235
0.136929655653
0.136311819052
0.135227999076
0.13539962569
0.135081191019
0.134239300676
0.132689567459
0.132531332356
0.132496631075
0.131890860631
0.130930052505
0.131155237758
0.130776203448
0.129981083186
0.13033050196
0.129627673621
0.12970953219
0.129310581681
0.129302092152
0.128724006778
0.12859350253
0.127813592346
0.127887528724
0.127847312499
0.127686163861
0.129609466048
0.14206921942
0.132475346367
0.145990641301
0.142845251794
0.130821639481
0.143765391594
0.145907880549
0.133144074622
0.130695169013
0.142108778973
0.133494961392
0.133281894784
0.138434942534
0.137257154989
0.133232592374
0.13363732489
0.137388707482
0.133151068316
0.133313131707
0.134749055553
0.134592896741
0.132811972859
0.132777226901
0.133472855981
0.132888116597
0.13245495957
0.132341800723
0.131951572488
0.131516023306
0.131702463811
0.130985762913
0.130682325653
0.13089228777
0.130159118184
0.130186616505
0.130233976453
0.129722975076
0.130059574519
0.129561182883
0.129745096504
0.1295112693
0.129454271654
0.129445241187
0.129540716938
0.13082915169
0.135481320866
0.135996510299
0.131547815031
0.129128138515
0.13004627909
0.130569793699
0.128951873311
0.130377862096
0.130413399046
0.128811334378
0.129464828386
0.130866247942
0.130378341848
0.129642692851
0.129153990889
0.128879498148
0.128747035767
0.130644519145
0.151664592851
0.138296156637
0.138489824938
0.143003774994
0.14049740979
0.141429432151
0.137711081525
0.140276502437
0.137629650998
0.141346293097
0.14680825211
0.137637825167
0.15146787217
0.155143632097
0.154920420348
0.152244174555
0.14004370857
0.157537067066
0.147668038144
0.147371097925
0.157123695196
0.161582681496
0.161574295178
0.160268053862
0.1577140407
0.151800918902
0.140844747482
0.144193108932
0.139433337158
0.140321643917
0.146863137212
0.147825264113
0.142711710632
0.138132920097
0.137773279972
0.144888914219
0.138683303493
0.137518492598
0.138633851781
0.14035458864
0.139496734791
0.137865306358
0.136778883698
0.138388577173
0.138974596441
0.137302850437
0.137058646705
0.137760293384
0.138086531191
0.137930124573
0.137485167356
0.136849863679
0.136814708625
0.137007641121
0.136382369866
0.136824097708
0.136533276556
0.136108749266
0.136363152665
0.13599527914
0.136158159489
0.135738888215
0.136011852195
0.13571350669
0.135892464641
0.13567455837
0.135861661062
0.135631617336
0.135741864528
0.135555266629
0.135629864582
0.135474798059
0.13553076753
0.135437856281
0.135443861478
0.135403263009
0.135380188846
0.135366890127
0.135312580741
0.13531882929
0.135259333899
0.135247890317
0.135224115586
0.135174299516
0.135161230394
0.135154917807
0.135107719971
0.135072039325
0.135049653791
0.135042106827
0.135040289443
0.135084052706
0.135259621066
0.135949682617
0.139762962567
0.135320960844
0.143965118359
0.13851953122
0.139842876911
0.135822953255
0.144046669565
0.14281257921
0.136931371489
0.138084660633
0.138719979621
0.136182351838
0.14327340219
0.135663030544
0.143154427104
0.147742134315
0.136752256411
0.144178491277
0.14981203653
0.137609516858
0.142865126533
0.150587822288
0.145549448671
0.134687221342
0.139146005311
0.145763150041
0.146039679354
0.139849368488
0.135034911911
0.1383026521
0.142071015204
0.138605846404
0.13486910169
0.137480248206
0.138472889279
0.137611956108
0.134357251514
0.134976496658
0.136112684844
0.136113123036
0.134987362367
0.134222700545
0.135622952872
0.1336560104
0.133714138406
0.134370376706
0.133196450712
0.133072634522
0.132876852798
0.131773347075
0.132800322911
0.132141697269
0.131964771097
0.132719980061
0.131686631724
0.131077328968
0.13251345818
0.134155309517
0.130888207273
0.135556214016
0.138584087773
0.135466999174
0.140343462939
0.132969292128
0.140225495131
0.144282829859
0.138532939432
0.133868853956
0.14056298796
0.135590437115
0.134008338387
0.135777835416
0.13684312005
0.135393348467
0.134245309742
0.134349982448
0.135060143718
0.133216055826
0.133185761467
0.13400663962
0.131465527804
0.13508877928
0.13163637538
0.133803651044
0.131967156835
0.13336084182
0.131064520639
0.132729565963
0.130581522395
0.133296886003
0.132817076048
0.132211010176
0.135366233106
0.132780423856
0.131549750541
0.138519221011
0.130347891107
0.135752262157
0.134590472523
0.131273869016
0.134626593794
0.130607667358
0.133571309485
0.130304651815
0.132941061526
0.130298406023
0.132545498537
0.130340364262
0.132286605284
0.130188414991
0.131751016303
0.13020966084
0.131130710876
0.130847398997
0.130249772903
0.131309903548
0.13063361827
0.130128717029
0.131368072641
0.132391327632
0.129924373276
0.133130816691
0.140079715674
0.140687435045
0.130671860189
0.14424463939
0.144360897132
0.1332026327
0.136651816513
0.140780191006
0.135273860297
0.135661157272
0.136225436978
0.137339785104
0.134340471603
0.135853815881
0.135382404889
0.133819554087
0.132578119961
0.134049345805
0.131742426209
0.132610998044
0.131358541303
0.133000955768
0.131885482389
0.134721443456
0.133369546295
0.131143248961
0.133202886651
0.130777659386
0.13406271229
0.132892855764
0.13330843155
0.132982121311
0.131113506404
0.134669850619
0.132866101446
0.138950760439
0.130898026566
0.138531219379
0.139543427105
0.130108211445
0.139365503204
0.137678167099
0.130650962695
0.136984037805
0.137386639838
0.131572978295
0.13198083784
0.136427164537
0.131858533895
0.131174729386
0.133736247895
0.132974624377
0.130232006693
0.132295652197
0.132480292315
0.130022026047
0.131899272693
0.131591771638
0.12997500948
0.131459154152
0.130265575127
0.130523484178
0.130719308111
0.129780856999
0.130648137505
0.129689396466
0.130263674345
0.129831122232
0.129894870825
0.12989835958
0.129725983865
0.129948246848
0.129582653691
0.129963016804
0.129596642664
0.129843212606
0.12954624167
0.129821887633
0.129553185105
0.129706041724
0.129511197641
0.129639504747
0.129542216011
0.129547170892
0.129523279752
0.129453241233
0.129515211981
0.129412837564
0.129496116671
0.129413096041
0.129420295016
0.129422336311
0.129360518362
0.129396364188
0.129344846813
0.129341759434
0.129352606214
0.129302543774
0.129310940978
0.129313717813
0.129267713692
0.129271903327
0.129280312071
0.12923960242
0.129227454767
0.129241276386
0.129229603802
0.12921007773
0.129187416593
0.129172070439
0.129160686765
0.129151302429
0.129145968788
0.12916052394
0.129308593484
0.130349431232
0.15146906064
0.134588005213
0.133372219321
0.162592253384
0.143642522182
0.150081617093
0.162676073037
0.165735353737
0.165363010156
0.161450646889
0.159439347088
0.156986279517
0.148575955206
0.144290309252
0.156567299225
0.155433109985
0.140508799051
0.137886736085
0.141532584218
0.148902619299
0.145162217379
0.138974892862
0.138777903777
0.140373774124
0.140668570465
0.140794254943
0.141360305703
0.140649417882
0.136999806658
