0.103256310227
0.103220754494
0.103151850855
0.103051915056
0.102923341638
0.102768578601
0.10259010497
0.10239041062
0.1021719778
0.101937263991
0.101688685802
0.101428603769
0.101159307947
0.100883004306
0.100601801973
0.10031770141
0.100032583668
0.0997482008433
0.099466167903
0.0991879560307
0.0989148876306
0.0986481331111
0.0983887095317
0.098137481162
0.0978951619496
0.0976623198439
0.0974393828707
0.0972266467956
0.0970242841715
0.0968323545218
0.0966508153836
0.0964795339182
0.0963182987924
0.0961668320449
0.0960248006748
0.0958918277185
0.0957675026261
0.0956513907859
0.0955430420953
0.0954419985181
0.0953478006073
0.0952599930089
0.0951781289883
0.0951017740449
0.0950305086944
0.0949639305065
0.0949016554933
0.0948433189385
0.0947885757597
0.094737100485
0.094688586921
0.0946427475809
0.0945993129299
0.0945580305019
0.0945186639265
0.0944809919066
0.094444807171
0.0944099154286
0.0943761343415
0.0943432925311
0.0943112286275
0.0942797903724
0.0942488337794
0.094218222357
0.0941878263987
0.0941575223408
0.0941271921934
0.0940967230436
0.0940660066375
0.0940349390418
0.0940034203907
0.0939713547234
0.0939386499188
0.0939052177357
0.0938709739667
0.0938358387172
0.0937997368182
0.093762598383
0.0937243595127
0.0936849631505
0.0936443600727
0.0936025099837
0.0935593826579
0.0935149590222
0.0934692320206
0.0934222070226
0.0933739014474
0.0933243431813
0.0932735672992
0.0932216105904
0.0931685035301
0.0931142596842
0.0930588631868
0.0930022558833
0.0929443268561
0.0928849079936
0.0928237794299
0.0927606874162
0.0926953741036
0.0926276142353
0.0925572493441
0.0924842080051
0.0924085030065
0.0923302033002
0.0922493881196
0.0921660986432
0.0920803050329
0.0919919017371
0.0919007329325
0.0918066367241
0.0917094863393
0.091609204164
0.0915057340273
0.0913989786708
0.0912887348552
0.0911746712872
0.0910563785345
0.0909334790282
0.0908057505387
0.0906732224963
0.0905362437818
0.0903955347069
0.0902521766509
0.0901074074411
0.0899621237252
0.0898162310513
0.0896682523779
0.089515541906
0.0893549818634
0.0891836405788
0.0889990048393
0.0887989062547
0.0885816287855
0.0883465517477
0.0880948066702
0.087828491133
0.0875489598083
0.0872582820495
0.0869626901645
0.0866704115217
0.0863859798856
0.086108380861
0.0858309792714
0.0855417694021
0.0852315529409
0.0849036680151
0.0845656780291
0.0842152919068
0.083843190975
0.0834396254481
0.0829981925688
0.0825258899916
0.0820349335613
0.081531566441
0.0810159495221
0.0804908060812
0.0799699942465
0.0794568436998
0.0789424329919
0.0784199880696
0.0778921566199
0.0773576626186
0.0768122088815
0.0762624896423
0.0757134632454
0.075167026761
0.0746290967604
0.0741027816518
0.073587099812
0.073080832878
0.0725884680141
0.072113376218
0.0716564207346
0.0712184726884
0.0708169032713
0.0706668490976
0.0727004545785
0.0744981394368
0.0823142681253
0.0877282093349
0.0853499405271
0.082363630341
0.082623923602
0.083923573626
0.0799199624915
0.0819986999665
0.0819137239475
0.079050524769
0.0800349347258
0.08002093526
0.0777626831962
0.078796533809
0.0777855838505
0.0771919631638
0.0768403018101
0.0767697893156
0.0760547510537
0.0754107480462
0.0753343331672
0.0745815981007
0.0740557286908
0.0739103679873
0.0735651336148
0.073163379714
0.0722663680131
0.0728277218238
0.0731342642716
0.0743348159197
0.0704156717465
0.0726568928454
0.077415238292
0.0776302581951
0.0767650206795
0.0753884650588
0.0753357966847
0.0717878947886
0.0740741110205
0.0705698029796
0.0753018744389
0.0732388728304
0.07277416525
0.0721219000766
0.0733152992885
0.068993169438
0.0716804594592
0.0719678731368
0.0723756049739
0.0693625762375
0.0700755183027
0.0700517567719
0.0642853919235
0.0676867307583
0.0653152474383
0.0648252868831
0.0655939770671
0.0639538321497
0.0634464067541
0.0628336056406
0.0656719019012
0.0625909068253
0.0664044911681
0.0641484807624
0.0635704929022
0.0627782258207
0.0620947663702
0.0615239411432
0.0624555746899
0.0604036007646
0.0632195311444
0.059352276219
0.0618035145872
0.0612597684731
0.059161902354
0.0614499677312
0.0591255030209
0.0601231364388
0.0591581511713
0.058662603023
0.0593743883784
0.0584045288317
0.05859439686
0.0580505712709
0.0583968213306
0.0575865165314
0.0579560552015
0.0576193842033
0.0572140256246
0.0575580220419
0.0568435515615
0.0569576986937
0.0571385062852
0.0564700038274
0.0564639215337
0.0570199318978
0.0569690766969
0.0564629902473
0.0559354109497
0.0556366019504
0.0555452891791
0.0552968969145
0.0554105436538
0.0566184334192
0.0620119107702
0.0589743090187
0.0610431606645
0.0584990665728
0.0548081439355
0.0591693662813
0.0558511699087
0.0556267859717
0.0570005219234
0.0542150193318
0.0553863475356
0.0548500041069
0.0535011581633
0.0539182287108
0.0544356558874
0.0537246428698
0.052420914977
0.0523406045608
0.0527547348298
0.0547891384818
0.0626378429224
0.0567042993054
0.0586402308893
0.0521174563132
0.0566838339336
0.0536352031568
0.052852615309
0.0551183900054
0.0571199838154
0.0549637993574
0.0523252101193
0.0524615196732
0.0543006009804
0.0519374185685
0.0514101621918
0.0524171525268
0.0512258760371
0.0511983541158
0.0509838611283
0.0502280799812
0.050510084589
0.0504926169292
0.0499148803034
0.0500031589586
0.0500554274793
0.0495241314547
0.0493968862404
0.0490835242712
0.0505359850191
0.0523829950203
0.0533075783381
0.0496021938815
0.0486329232239
0.0509691067515
0.0506449762384
0.0492697666123
0.0486490558726
0.0515022648108
0.0486824254616
0.049001718576
0.049060773506
0.0486028138268
0.0490304182757
0.0480205705911
0.0482078340955
0.0483780137774
0.0475470103447
0.0478434014801
0.0482788439489
0.0473849607296
0.0471910093256
0.047294237662
0.0476573358169
0.0478145936951
0.0475957164312
0.0469434165495
0.0465398085913
0.0466049191713
0.0469564641743
0.0480860218863
0.0501103939673
0.046169956194
0.0488641858557
0.0460522608511
0.0480213464005
0.0459712534119
0.047268423483
0.0463204106248
0.046389559617
0.0464500225436
0.0458584569288
0.0463419461583
0.0455409748611
0.0461454283763
0.0453841249474
0.0458676560234
0.045256892137
0.0456627112707
0.0451505651738
0.045412736629
0.0450977942713
0.0451498970114
0.0450627853343
0.0449090446392
0.0450234383969
0.0447524238617
0.0448375338054
0.0447364226711
0.0445718767485
0.044633645028
0.0445304181104
0.0443782147317
0.0443852353148
0.0443687012071
0.0442528943842
0.0441307680972
0.0440371445142
0.0439872762661
0.0439882665989
0.044130517061
0.0446314950971
0.0461678155084
0.0500485979928
0.0439584241739
0.0487069774158
0.0436643659479
0.0472076720278
0.0435438169412
0.045697427923
0.0463076746809
0.0433893768909
0.0452468246284
0.0463275518849
0.0436585661412
0.0437693625056
0.0454243276217
0.04407795503
0.0431391651367
0.0444351544958
0.0439217955154
0.0429622730145
0.0438597207433
0.043577516426
0.0428579202287
0.043572367942
0.0430845195725
0.0428511468883
0.0432827799262
0.0427482437941
0.0429171164019
0.0429102334244
0.0425957658561
0.0428799997354
0.0425301464489
0.0427109660875
0.042534812182
0.0425411561431
0.0425218979544
0.0424196082496
0.0424616670882
0.0423344842918
0.0423721733293
0.042268365815
0.0422815385299
0.0422146579714
0.0421805384332
0.0421691318623
0.0420800495919
0.0421043424578
0.0420121133338
0.0419935631308
0.0419840784858
0.0418989735943
0.041861400533
0.041856694957
0.0418191588293
0.0417613597166
0.0417031781515
0.0416568358445
0.0416369479787
0.041751915712
0.0423980702195
0.0456723342586
0.042799210873
0.041511236184
0.0438363378826
0.0414003035562
0.042759475299
0.0422921065035
0.041630536735
0.0427452095688
0.04130022227
0.0415735992398
0.0421276909188
0.0411325004809
0.041166292406
0.0415694160827
0.0410027811066
0.0408035961916
0.0410751703752
0.0412964115543
0.040918721776
0.0404472756602
0.0406108089206
0.040717830013
0.0409707163114
0.0412226171081
0.0411166859616
0.0415102352709
0.0424302809434
0.0434125362934
0.0444432297918
0.0432287973088
0.0429806033212
0.043727287191
0.0475702420848
0.0417006835633
0.0441166527628
0.0409614243104
0.0445075115803
0.0410890137275
0.0420946941542
0.0418364408644
0.0408709479906
0.0418637824381
0.0404019400371
0.0414632437799
0.0396949426929
0.0410935646008
0.03985971325
0.0406735478711
0.0395833084335
0.0402182251175
0.0395002988819
0.040083913247
0.0393267448419
0.039643396584
0.0395148373968
0.0391479130078
0.0393793881094
0.039117359875
0.0390772717228
0.0391310899191
0.0390261673232
0.0387820531868
0.0387658339984
0.0388706708723
0.0389417708915
0.0387633879502
0.0387382967647
0.0387411690408
0.0390735992999
0.0398811596123
0.0425526438132
0.0384327134784
0.0411622063266
0.0387033647108
0.0398335885372
0.0390111965978
0.0384747203561
0.0394877857899
0.0380981446091
0.0394160547845
0.0385755308341
0.0381656327202
0.0393063783262
0.038597431739
0.0378705313228
0.0388651397243
0.0392633089235
0.0378797100292
0.0378085430275
0.0389160253265
0.0389935183497
0.0384253371829
0.0377828431552
0.0374508145075
0.0374046446634
0.0373666297922
0.037493718325
0.0383306940403
0.0428417862349
0.0388676451317
0.0373812661984
0.0403863866416
0.0374571312497
0.0392837436219
0.0370461701743
0.0387180129922
0.0379268196693
0.0375418874818
0.0377885819866
0.0369450960066
0.0378809418901
0.0371359345061
0.037281743929
0.0369250106177
0.0371350314423
0.037154725845
0.0367579919008
0.0369267842733
0.0367176402905
0.0369138858612
0.0365737157587
0.0367062431853
0.0365878074912
0.036621013722
0.0364892162017
0.0364746641023
0.0365290446067
0.0363484146191
0.036457009069
0.0363476759179
0.03630059855
0.0363519686985
0.036241854495
0.0362013554716
0.0362527844466
0.0362124766987
0.0360981241871
0.0360699747755
0.0361115815145
0.0361450557829
0.036193943628
0.0361673157388
0.0362221284587
0.0363164186311
0.03662547524
0.0368997943593
0.037771319363
0.0379154713342
0.0386930775205
0.0376759556188
0.0377666009175
0.0373873446694
0.0387809417202
0.0399868586607
0.0431783622518
0.0360840975818
0.0441281243417
0.0359400560091
0.04235117308
0.0403346481686
0.0371198898896
0.0409598120594
0.0361113374714
0.0375835859295
0.0409273197099
0.0398626406136
0.0365245207903
0.03647261335
0.0385999552065
0.0388893653758
0.0367844378848
0.0354287799699
0.036477392073
0.0376392113221
0.0370487858399
0.0357427213236
0.0357844142466
0.0366242831176
0.0363395376947
0.0354419410203
0.035518171403
0.0361118137101
0.0360408938831
0.0354988827423
0.0354737391594
0.0357517158371
0.0355125553136
0.035219105701
0.0354493257598
0.0355536487636
0.0352932898658
0.0352594002106
0.0353602407373
0.0351848966916
0.0351360885039
0.0352600985961
0.0351745174776
0.0350929096279
0.0351406068331
0.0350501245469
0.03502995915
0.0350748101906
0.0349929095366
0.034992286967
0.0349607619997
0.0349206176803
0.0349426860222
0.0348874597358
0.034885627838
0.0348406140536
0.0348375776066
0.0348111370438
0.0347940833713
0.0347581727371
0.0347503852054
0.034718189914
0.0347058602311
0.0346704768399
0.0346521462531
0.0346357343451
0.0346003984142
0.0345749575848
0.0345581420631
0.0345347172019
0.0345094144963
0.0344865616784
0.0344734722171
0.0345242927465
0.0347914189601
0.0360655571528
0.0395587409201
0.0363500032852
0.0347972563169
0.0386096220651
0.0343418617496
0.0368812539696
0.0343484945838
0.0364802606296
0.0354595534624
0.034649953832
0.0360737701982
0.0349192308062
0.0344189813211
0.0354531247774
0.034413527488
0.0343530038141
0.034958225864
0.0341541630314
0.0345394107672
0.0344444402647
0.0340147396845
0.0344688290483
0.0340591967155
0.0342360007286
0.0341527851379
0.0339572118538
