1.82353852839
1.74521310098
1.58385718819
1.33369728109
1.00976932863
0.678829057062
0.437367545422
0.315742679535
0.271529409507
0.260677134797
0.261046493902
0.264342168427
0.267920038541
0.27107015228
0.273683193476
0.275815054056
0.27755235286
0.278974562906
0.280146153427
0.281117379717
0.281927007086
0.282604992506
0.283174656087
0.28365432761
0.284058565596
0.284399054415
0.284685266028
0.284924951371
0.285124508475
0.285289260932
0.285423670691
0.285531502314
0.285615951013
0.285679743404
0.285725217507
0.285754386824
0.28576899207
0.285770543266
0.285760354242
0.285738991704
0.285706900016
0.285664411601
0.285611755155
0.285549061945
0.28547637039
0.285393629072
0.285300698288
0.285197350162
0.285083267357
0.284958040344
0.284821163152
0.284672027488
0.284509915064
0.284333987904
0.284143276351
0.283936664406
0.283712871941
0.2834704332
0.283207670874
0.282922664832
0.282613214373
0.282276792547
0.281910490763
0.281510951358
0.281074285263
0.280595971062
0.280070730788
0.279492376546
0.278853620498
0.278145838863
0.277358778432
0.276480191747
0.275495385076
0.274386662541
0.273132652256
0.271707510146
0.270080021666
0.26821267433
0.266060877537
0.263572696854
0.260689800812
0.257350859174
0.25349945587
0.249099707357
0.244163963008
0.238797088828
0.233257562898
0.228018825473
0.223770304661
0.221230024606
0.220670842109
0.221409340873
0.221994456766
0.221171614187
0.218651447206
0.215217999208
0.211983118091
0.20964324364
0.20827687577
0.207556590989
0.207039927834
0.206364879829
0.205341389442
0.203982331071
0.202497181479
0.201226261035
0.200465373921
0.200205557103
0.200031508577
0.1994644142
0.198487854546
0.197549267915
0.197001039784
0.196736159579
0.196387573891
0.195747791139
0.194980746398
0.19442648979
0.194125820255
0.193716837382
0.193063414096
0.192506465207
0.192174696852
0.191779614885
0.191238239857
0.190828801556
0.190544822951
0.190110849663
0.189703131652
0.189420486307
0.18902752836
0.188632616423
0.188323876113
0.187911175388
0.187546904419
0.187203459186
0.186805475755
0.186477484313
0.186096620747
0.185739189359
0.185372886892
0.184983783109
0.184608243526
0.184193225143
0.183790354386
0.183346914393
0.1829050596
0.182428418991
0.181933864549
0.18142010812
0.180865087752
0.18029640039
0.179698589605
0.179066095596
0.178419996774
0.177768067554
0.177113838622
0.176473973689
0.175920491534
0.175867724226
0.180113282484
0.194779783865
0.209206544621
0.227008960548
0.216777831119
0.19327521848
0.186066715611
0.201934247121
0.211494264603
0.206617668516
0.197244252326
0.192130392427
0.192178177181
0.1950614982
0.19767799124
0.198069032162
0.19578330205
0.191635395009
0.188258296159
0.188646697137
0.191129320101
0.189922547766
0.185362694348
0.183027515931
0.183469342044
0.183725896981
0.182484856459
0.181378572215
0.181880004924
0.180713653012
0.177860083689
0.176750550572
0.175991132511
0.174416873021
0.173702606347
0.173821382572
0.173267582445
0.173266882347
0.172345316685
0.171350866432
0.170489899376
0.17004392126
0.169862987798
0.169445652351
0.168555722166
0.16810970337
0.167606817981
0.16753189008
0.16698587856
0.166391925667
0.166073286093
0.165657221354
0.16501110286
0.164430531831
0.163921401981
0.163407068854
0.162855262166
0.162406483222
0.163627938958
0.172708526527
0.187367109187
0.188963628668
0.163835397069
0.19636593001
0.167007332752
0.174121201668
0.185214978945
0.187292603279
0.180267714719
0.169818583515
0.168413600384
0.176808184882
0.177350713564
0.168231891765
0.165115688151
0.168636452372
0.170826422189
0.1683832342
0.164103341769
0.16331027805
0.165302436511
0.16385388318
0.161075355976
0.161324204634
0.16168382428
0.160207852549
0.159448814611
0.159502847119
0.157206464493
0.155908022391
0.15567978198
0.155404802824
0.15597761645
0.155236585781
0.154569224553
0.154098348158
0.153424980122
0.153652243573
0.153054958615
0.152984713486
0.152376065604
0.152231433421
0.151723934459
0.151676689038
0.151170008542
0.151058868408
0.150580142043
0.150258916043
0.150109869184
0.149672224945
0.149323525929
0.149005658839
0.148659547431
0.14825898022
0.147842829065
0.147493065587
0.147215780392
0.147191253074
0.148247282852
0.155330081001
0.145552468221
0.153871554441
0.147813747495
0.150082444026
0.145820664349
0.146450887286
0.147330553535
0.144225964206
0.149380203786
0.144463119815
0.143567385606
0.14737149256
0.143622769631
0.141850005256
0.14651204301
0.14568290884
0.139867760296
0.148598580367
0.142030535722
0.143197406155
0.141987689298
0.138226479435
0.141353462575
0.137275845397
0.139631989556
0.141165499462
0.136273655721
0.141467630636
0.143401050503
0.136220100886
0.147678600791
0.135928368493
0.142137700344
0.13571345553
0.13873070246
0.135671513243
0.13627573411
0.136578004223
0.13354779128
0.135904908425
0.1332880332
0.134720263562
0.132229411003
0.133678291867
0.132244907271
0.132435149255
0.131891266813
0.13104142109
0.131837369482
0.130231272082
0.131409434682
0.130478124653
0.129735801151
0.130785502728
0.129899492849
0.128795825313
0.129783967702
0.130188862683
0.128154089165
0.128207146556
0.129383535569
0.12824295828
0.127188820905
0.126550749465
0.126398005449
0.126911493937
0.128868061088
0.13809544034
0.1253367253
0.139967333081
0.126870661456
0.134350083551
0.126515940909
0.129449704144
0.12755577686
0.126119005275
0.127995482308
0.123257680447
0.127330784502
0.123645418619
0.125396001306
0.122776402201
0.123591848645
0.12320830234
0.122165422188
0.123514306194
0.120822786558
0.122317659369
0.120703462195
0.120618655943
0.121482090479
0.119734942974
0.120081643346
0.120869273219
0.119177318998
0.11896713744
0.119923007741
0.119279529784
0.118448377026
0.117746825315
0.117425838297
0.117424594825
0.118312294995
0.123945172287
0.117069088169
0.117998944612
0.122309641047
0.116125066764
0.117370447886
0.12261375663
0.115996917095
0.125557608762
0.114544998724
0.120909049336
0.121203755881
0.113771268824
0.120645948048
0.11910244971
0.113338786934
0.118173727607
0.119904733413
0.114908829692
0.112897039584
0.117163614066
0.114769716212
0.11216689473
0.114940461453
0.114368296868
0.111705214212
0.113635789238
0.113125918236
0.111462601872
0.113031030906
0.112064827488
0.111308310609
0.112394062982
0.110991843944
0.111537745019
0.111415163435
0.110682373726
0.111331924354
0.11043311784
0.110871498674
0.110417267776
0.110386784201
0.11025848642
0.110070103342
0.110020351983
0.10980598762
0.109688033706
0.109611818035
0.109332283551
0.109399889433
0.109018297136
0.109023911713
0.108799567964
0.108579812097
0.108541977229
0.108288142399
0.108060169567
0.107957528111
0.107817465075
0.107621022078
0.107388248403
0.107195475933
0.107094565769
0.107538720987
0.1096035775
0.120691509981
0.106077398075
0.121091788436
0.110315104969
0.115256014856
0.105794402533
0.11411609266
0.109857270516
0.106236807087
0.11195303484
0.108661884209
0.104056040199
0.109513004693
0.108991707188
0.103584202732
0.106156792668
0.107863799315
0.104446118438
0.103491042113
0.106141517107
0.103992848452
0.10303105593
0.10475729538
0.103628279725
0.102508655298
0.103894838562
0.10266380076
0.102459416357
0.103131615325
0.102009428783
0.102455585323
0.102289883169
0.101749833181
0.102217083148
0.101497982201
0.101805261303
0.101468149461
0.10136984666
0.101372363002
0.101021322946
0.101163075468
0.100777703246
0.100900017639
0.1005548083
0.100644596526
0.100330973728
0.100371003879
0.100096593781
0.100104328975
0.0998615980204
0.0998168241326
0.0996320738958
0.0994983626222
0.0994047292706
0.0991907395168
0.0990915352981
0.0989625952812
0.0987483524985
0.0985834860677
0.0984624704468
0.0983248490796
0.0981850864104
0.0980731686664
0.0982098720408
0.0988499054782
0.101885773993
0.105795539134
0.123477386186
0.103506302456
0.140467522904
0.0994384244553
0.121432791437
0.1211025079
0.100151020698
0.119969821534
0.114964374525
0.0986511641624
0.114445294783
0.116771532859
0.100553659909
0.100789547113
0.113028174222
0.10156963263
0.0958408806866
0.10370716198
0.107956383534
0.105776082868
0.0994865572591
0.095332007823
0.0975687770444
0.101729908745
0.102449413479
0.0990358674826
0.0954268552609
0.0949018672468
0.0967459443841
0.0982483049712
0.0977755067168
0.0957480237581
0.094174377157
0.0945756020285
0.0958843253127
0.0958465595821
0.0944294174092
0.0937078609281
0.0943470063483
0.0949646558737
0.0945573719685
0.0937125854229
0.0936343328527
0.0941583794269
0.0940888195066
0.0934896204485
0.0934050424686
0.0937228694522
0.0936409226944
0.0932483529282
0.0932365281303
0.0934211583575
0.0932310550303
0.0930313177324
0.0931455764425
0.093124617318
0.0929069167897
0.092909666568
0.0929363516573
0.0927668058149
0.0927291287191
0.0927475473831
0.0926142168656
0.0925624424139
0.0925511425923
0.0924281942641
0.0923998022792
0.092341262663
0.0922430801218
0.0922147515509
0.0921100956218
0.0920591803995
0.0919717850137
0.09189300047
0.0918125684739
0.0917207227427
0.0916342994231
0.0915353289572
0.0914336531887
0.0913330265762
0.0912133017659
0.0911091556264
0.0909797410771
0.0908578395446
0.0907374900507
0.090601963924
0.0904708582629
0.0903473049376
0.0902204653614
0.090086872945
0.0899485429587
0.0898112551504
0.0897058797484
0.0897888202655
0.0908813036724
0.0955262389223
0.095750527946
0.0889609903913
0.0963318342159
0.0904966277434
0.092247935695
0.0911517007403
0.0883404466911
0.0913982315625
0.0879231342501
0.0894322247461
0.0906624818403
0.0872716240861
0.0901021245588
0.091169558392
0.086874418742
0.0907216482571
0.0872731235853
0.0886364281657
0.0874834189045
0.0866502664035
0.0880845329026
0.0858918709822
0.0875514200402
0.087118818549
0.0855807691109
0.0874177735114
0.0872920121439
0.0851404041585
0.0863555773756
0.088077645866
0.0855266302052
0.0846117755401
0.0856914287383
0.0867019082942
0.0876552109472
0.0855894424444
0.084506956979
0.0838726470862
0.0835809873333
0.0833990905168
0.0832879724325
0.0835044416315
0.0862622703024
0.102985852135
0.12110196827
0.118876825112
0.0967728702442
0.110378063374
0.0889325244065
0.10559246741
0.100556916222
0.0857539050718
0.10271989539
0.0924089012105
0.0854823439186
0.0965802728804
0.0965321152321
0.0862745895242
0.0872873096049
0.0924885448283
0.0871549563231
0.0829933242874
0.0871073474058
0.0907257013496
0.0903958863929
0.0866712324023
0.0832593692859
0.0832745710141
0.0852874414483
0.0854395134649
0.0833633801569
0.081938520394
0.0825756878501
0.0837354071136
0.0836440721385
0.0822701442228
0.0811790489535
0.0814136576231
0.0819001827045
0.081407175914
0.0807118600017
0.0809378371541
0.081428285708
0.0811832558765
0.0805551977141
0.0805141835243
0.0807936704685
0.08058564496
0.080274049828
0.0804056169165
0.0804834531068
0.0801956747312
0.0800325591546
0.0801601931561
0.0800960567804
0.0799281824185
0.0799966186061
0.0799963471869
0.0798221099578
0.0798089432899
0.0798055672745
0.0796757557396
0.0796857334235
0.0796606275915
0.0795549787894
0.0795561204662
0.0794806583744
0.0794252626149
0.0794140107252
0.0793277235564
0.0793052483352
0.0792266681047
0.0791874212717
0.0791296281959
0.0790742184191
0.0790119551443
0.0789523668653
0.078886748442
0.0788269679644
0.0787461319965
0.0786882386062
0.0786055730329
0.0785296851652
0.0784541183842
0.0783632070177
0.0782748846546
0.0781896998081
0.0780963841203
0.0779920051806
0.0778838651607
0.0777742763693
0.0776599703068
0.0775476812229
0.0774643973974
0.0776276263727
0.0794097663303
0.0926948471027
0.0809357662253
0.0771722276321
0.0815661957629
0.0769369735296
0.0792720906227
0.0804582036504
0.0763231445525
0.0810161991423
0.0760910604434
0.0790893349207
0.0759653197995
0.077891471302
0.076705401634
0.0763623530007
0.0774385475548
0.0751786930469
0.0765199764461
0.0756490689947
0.074958612145
0.0758726174081
0.0750879536246
0.0745995198942
0.0751184328426
0.0750385817076
0.0745546786544
0.0741761453551
0.0741104592457
0.0743371561654
0.0748810368722
0.0763372245648
0.0778006461202
0.0822707513322
0.0737384381548
0.0843081332003
0.0735570520812
0.0804658151826
0.075039515139
0.0765915847714
0.076249622086
0.07449412333
0.0765822720823
0.0728319750071
0.076191032527
0.0727935723096
0.0741734068822
0.0742294836434
0.0723206688856
0.0742761610704
0.0722006678521
0.0733218005509
0.0727137458244
0.0723857224094
0.0727712621361
0.071970667787
0.072602938255
0.0717023738591
0.0723820763049
0.0715811004245
0.0721035293753
0.0714610155356
0.0718927011762
0.0713648205538
0.071634183785
0.0712749796618
0.0713840163104
0.0712372774703
0.0711208198684
0.071206246539
0.0709188693373
0.0710142545761
0.0708664221647
0.0707362226621
0.0707912954869
0.0706301465685
0.070514068186
0.0705291390888
0.0704464998874
0.0703005815444
0.0701977865596
0.0701520584622
0.0701533592237
0.0701911983823
0.0703156071195
0.0704526963635
0.0708200546223
0.0710568155074
0.0717983608675
0.0718651458639
0.0726962759864
0.0720417720706
0.073365847751
0.0739947971167
0.0783911795778
0.0691051759709
0.0804763727876
0.0691797064494
0.0761755939684
0.0697728861127
0.0731464220265
0.0753195660756
0.0682941997414
0.073457890589
