0.631117771937
0.629614313148
0.626708030353
0.622510300337
0.617140844098
0.61072547611
0.603393965868
0.595277990286
0.586509169608
0.577217193154
0.567528052892
0.557562411789
0.547434138996
0.537249045066
0.527103847324
0.517085388789
0.507270124403
0.497723876911
0.488501852804
0.479648897501
0.471199959522
0.463180726548
0.455608392347
0.448492512712
0.441835910349
0.435635592715
0.429883652292
0.424568125115
0.419673789838
0.415182895684
0.411075813025
0.407331604678
0.403928519418
0.400844411606
0.398057092353
0.395544618489
0.393285525931
0.391259013938
0.389445086464
0.387824656348
0.386379617604
0.385092890536
0.383948443931
0.382931298125
0.382027512309
0.381224159087
0.380509288934
0.379871886884
0.3793018235
0.378789801907
0.378327302389
0.377906525876
0.377520337374
0.37716221027
0.376826172212
0.376506753169
0.376198936145
0.375898110888
0.37560003091
0.375300774037
0.374996706684
0.374684452034
0.374360862278
0.374022995091
0.373668094524
0.373293576487
0.372897019017
0.372476157472
0.372028884742
0.371553256425
0.371047500692
0.370510032201
0.369939468931
0.369334650056
0.368694652107
0.368018799521
0.367306664509
0.366558050085
0.365772949474
0.364951475595
0.364093756533
0.363199797848
0.362269320774
0.361301596911
0.360295313414
0.359248514531
0.358158669764
0.357022909061
0.35583843566
0.354603078469
0.353315889163
0.35197764665
0.350591129564
0.349161072056
0.347693820762
0.346196822321
0.344678135471
0.343146135007
0.341609452613
0.340077029303
0.338558022336
0.3370613065
0.335594482081
0.334162602947
0.332767108484
0.331405469473
0.330071733631
0.328757641441
0.327453666463
0.326149519474
0.324834227408
0.323496367923
0.322124987061
0.320711174775
0.319249638141
0.317739359767
0.316182790797
0.314583887951
0.312946143595
0.311271784005
0.309562146573
0.307817859271
0.306037667267
0.3042167768
0.30234679723
0.300417657836
0.298419389868
0.296342255236
0.294176665162
0.291914443272
0.289549595345
0.287076743071
0.284489668298
0.281781869647
0.278946524299
0.275975710197
0.272862192249
0.269600988203
0.266187723497
0.262617844623
0.258885527917
0.254983094219
0.250905865608
0.246656411977
0.242248746452
0.237706876682
0.233057258389
0.228317803021
0.223492756387
0.218585332246
0.21361750135
0.208632698705
0.203674048512
0.198755204697
0.193853321874
0.188938203128
0.184014851632
0.179127279539
0.174320030352
0.169614220052
0.165031537335
0.160618207115
0.156412870441
0.152404604779
0.14855629909
0.144883409935
0.141695418072
0.141423776694
0.168251366216
0.13193765695
0.148818660604
0.158640911119
0.180453849449
0.15213192249
0.120747505428
0.17309943714
0.126868821972
0.123898625356
0.142347561309
0.145913237619
0.129832726085
0.110079683379
0.121636895533
0.140649863
0.131056478971
0.109856707367
0.106860382637
0.115935537143
0.124027467031
0.127538006174
0.125479326495
0.118706143223
0.109834029969
0.102988840428
0.102097775979
0.106771897831
0.112316524002
0.115241040098
0.113774193741
0.108875816617
0.103457818692
0.10014490397
0.0996959564582
0.101165267513
0.103049400547
0.104197246479
0.104100254722
0.102790428252
0.100803282709
0.0989927762958
0.0981545150904
0.0985090444808
0.0994420235564
0.099959499377
0.0995311671729
0.0984368248455
0.0974580754775
0.0971380868994
0.0973881064437
0.0977144291661
0.0976937380203
0.0972315485997
0.096595657481
0.0961827269936
0.0961550024466
0.0962651250657
0.0961466743471
0.095731016626
0.0953037183101
0.0951111686055
0.0950666132514
0.0949114850756
0.0945601933236
0.0941887973476
0.0939679049637
0.0938006203979
0.0934909393291
0.0930865419218
0.0927623298746
0.0924796045146
0.0920827012793
0.0916033314738
0.0911651228539
0.0906957482177
0.0900893957725
0.0894346493648
0.0887358120465
0.087865635353
0.0868535429949
0.0857110758054
0.0843098839226
0.0826973505866
0.0808945181309
0.0789482246415
0.0770022577768
0.0750474771007
0.0732356382932
0.0715122008498
0.0699759180999
0.0686183197588
