-1.0, -0.946367595152
1.0, 0.658995719856
-1.0, -0.930558345329
1.0, 0.419743746637
-1.0, -0.982596860941
-1.0, -0.54825099428
-1.0, -0.930075459977
1.0, 0.169447016727
-1.0, -0.193132680465
-1.0, -0.533814322238
-1.0, -0.527983443884
-1.0, -0.757205158545
1.0, 0.365291222441
1.0, -0.0818115749829
-1.0, -0.875033469414
1.0, -0.619974676466
1.0, 0.0775691223833
1.0, 0.100117109588
1.0, 0.853707317615
1.0, 0.747514780712
1.0, 0.972224251792
1.0, 0.752349343559
1.0, 0.185081503046
1.0, 0.471281224625
1.0, 0.770072336713
1.0, 0.695200506094
1.0, 0.501372487116
-1.0, -0.3923659267
1.0, 0.401036088515
1.0, 0.74446760758
-1.0, -0.989487540421
1.0, 0.782869290645
-1.0, -0.824422435956
-1.0, -0.553477434279
1.0, 0.865983002077
-1.0, -0.681584331987
-1.0, -0.89680548356
-1.0, -0.843490923257
-1.0, -0.871239657775
-1.0, -0.423516097459
-1.0, -0.370231749871
1.0, 0.4837824387
1.0, 0.666276240443
1.0, 0.57315036875
-1.0, -0.902648509194
1.0, 0.63935706227
-1.0, -0.990885792231
-1.0, -0.647250637884
1.0, 0.494229819099
1.0, 0.959594640341
1.0, 0.396551410081
1.0, 0.142886511347
-1.0, -0.987837025616
1.0, 0.53930594476
-1.0, -0.651092682537
1.0, 0.55221342407
1.0, 0.757118689244
-1.0, 0.0587012866693
-1.0, -0.429418162882
-1.0, -0.525281589405
1.0, 0.608478089235
1.0, 0.915509077492
1.0, 0.675866557926
-1.0, -0.894799115157
1.0, 0.26566813646
1.0, 0.569518468119
-1.0, -0.217151213713
-1.0, -0.574579773572
-1.0, -0.858636604327
-1.0, -0.515079785544
-1.0, -0.65958996398
-1.0, -0.386966903186
1.0, 0.406487171464
-1.0, -0.613094024445
-1.0, -0.249447999168
-1.0, -0.587744050487
-1.0, -0.505233844964
-1.0, -0.108390001578
-1.0, -0.65200867409
-1.0, -0.821155127159
1.0, 0.434034979636
-1.0, -0.277104275388
1.0, -0.796051573861
1.0, -0.0553540854751
-1.0, -0.301288085147
1.0, 0.588442154506
1.0, 0.347493904321
1.0, 0.534724273438
-1.0, -0.599220989989
-1.0, -0.334284100917
1.0, -0.0170132773976
-1.0, -0.310776431948
1.0, 0.160468719676
1.0, 0.180760156969
-1.0, -0.689471770511
-1.0, -0.738822829697
-1.0, 0.051797371489
-1.0, -0.96070363504
-1.0, -0.863959649975
1.0, 0.349979168258
1.0, 0.910901854993
-1.0, -0.825933545781
1.0, 0.0923931756287
1.0, 0.588178634233
1.0, 0.706110428293
-1.0, -0.667008219782
-1.0, -0.777156978934
1.0, -0.383710115416
1.0, -0.132413969105
1.0, 0.649123811561
1.0, 0.962300431267
1.0, 0.87487374416
-1.0, -0.502496499553
-1.0, -0.450581844962
-1.0, -0.744712509377
-1.0, -0.756078697528
-1.0, -0.879409969303
-1.0, -0.966224789868
-1.0, -0.249026408522
1.0, 0.275391104752
1.0, 0.356784923295
-1.0, -0.693359617231
-1.0, -0.679043242324
1.0, 0.0381015923358
-1.0, -0.664400199885
-1.0, -0.985617474575
-1.0, -0.695447877086
1.0, 0.881106627935
-1.0, -0.833505719832
1.0, 0.735186187003
1.0, 0.479882528647
-1.0, -0.879692415203
-1.0, -0.843585645449
1.0, -0.0267447205789
-1.0, 0.925971703876
-1.0, -0.727386911823
1.0, -0.0568352932145
1.0, 0.905247921926
-1.0, -0.0867128940263
1.0, 0.842596499075
-1.0, 0.312060987
1.0, 0.077725397982
-1.0, -0.734123590976
-1.0, -0.788801735419
-1.0, -0.544486680721
1.0, -0.0564301639973
-1.0, -0.0911722940891
1.0, 0.608197394215
1.0, 0.501315778501
-1.0, -0.349333115429
1.0, 0.289344843054
-1.0, -0.574360439831
-1.0, -0.902323467882
1.0, 0.464663293835
1.0, 0.736902219149
1.0, 0.090126997856
-1.0, -0.80441317057
1.0, 0.621528266735
-1.0, -0.87659381324
-1.0, -0.0985673812273
1.0, 0.403513556826
-1.0, -0.81090674454
-1.0, -0.494037214838
1.0, -0.144267047986
-1.0, -0.508181296791
1.0, -0.0599839057706
-1.0, -0.577437667716
1.0, 0.630384188082
1.0, 0.209140313948
-1.0, -0.399981758869
-1.0, -0.869828621047
-1.0, -0.303158080135
-1.0, -0.512564757836
-1.0, -0.80146462134
-1.0, -0.995281981344
-1.0, -0.839994414773
1.0, 0.137953922305
1.0, 0.557651825997
-1.0, -0.687997809932
-1.0, -0.414944534653
-1.0, 0.25316883251
-1.0, -0.492574865717
1.0, 0.973732619093
-1.0, -0.560881984853
-1.0, -0.862407153733
-1.0, -0.833355883825
-1.0, -0.995022963786
-1.0, -0.438889568954
1.0, -0.0102106652502
-1.0, -0.250642882319
-1.0, -0.745323400255
-1.0, -0.197241454669
1.0, 0.0741738880296
1.0, 0.691490236018
-1.0, -0.542382241261
1.0, 0.549548760477
-1.0, -0.698503405947
-1.0, -0.827280353473
-1.0, -0.227017004608
1.0, 0.69431290851
1.0, 0.038542718047
-1.0, -0.955553706993
-1.0, -0.775974672385
-1.0, -0.353144879195
-1.0, -0.900696518502
-1.0, -0.53275844297
-1.0, -0.749414616102
1.0, 0.839028480296
1.0, 0.315882759269
-1.0, -0.0683257391587
1.0, 0.446628490598
1.0, -0.0685722679639
1.0, -0.117773360123
-1.0, -0.524243471194
1.0, 0.518606970957
-1.0, -0.953676082353
1.0, 0.625361488429
-1.0, -0.263623562514
1.0, 0.776737230363
1.0, 0.371686692959
-1.0, 0.388414977366
-1.0, -0.415293929218
-1.0, 0.386675878351
-1.0, -0.0398299788668
-1.0, -0.610851588748
-1.0, -0.390648172961
1.0, -0.117974473181
1.0, 0.593742659136
1.0, -0.263517518999
1.0, -0.0400459115526
-1.0, -0.865838433851
-1.0, -0.692418154549
-1.0, -0.815039434155
1.0, 0.695737243924
-1.0, -0.730551203948
-1.0, -0.7815543534
-1.0, -0.657151878815
1.0, 0.138352105022
-1.0, -0.48800190933
-1.0, -0.501200058882
-1.0, -0.450196654005
-1.0, -0.866711315966
-1.0, -0.520346346401
1.0, 0.53293893653
1.0, 0.775702586212
1.0, 0.601072369428
-1.0, -0.822123386717
-1.0, -0.778512198702
-1.0, -0.829334105823
-1.0, -0.962185545383
-1.0, -0.412422504448
-1.0, -0.848083772413
-1.0, -0.568544276708
-1.0, -0.719746182285
-1.0, -0.704280634271
-1.0, -0.623790106566
-1.0, -0.703511590398
-1.0, -0.622687420043
-1.0, -0.769521991005
-1.0, -0.529229344696
-1.0, -0.882230617833
1.0, -0.633032762303
-1.0, -0.452629980342
1.0, 0.495197398874
-1.0, -0.926913286415
-1.0, -0.974169156635
-1.0, -0.923852804325
-1.0, -0.663942982896
1.0, -0.0634144879762
1.0, 0.584786703903
1.0, -0.2975412885
-1.0, -0.939727375815
-1.0, -0.295624614726
-1.0, -0.653912380325
-1.0, -0.601297168708
-1.0, -0.345104326016
-1.0, -0.933752124171
1.0, 0.632716350104
1.0, 0.597152485778
-1.0, -0.85557350057
-1.0, -0.482126656977
1.0, 0.40437451729
-1.0, -0.360444889229
-1.0, -0.573532804279
-1.0, -0.205753805743
-1.0, -0.857315840156
-1.0, -0.535719953487
-1.0, -0.879891148365
1.0, 0.667462995886
-1.0, -0.500247249524
-1.0, -0.594310536172
1.0, 0.54487856586
-1.0, -0.203295724225
1.0, -0.715910181382
1.0, 0.521935969495
-1.0, -0.223686181171
-1.0, -0.957155480821
1.0, 0.424560116211
1.0, 0.949917824679
1.0, 0.203576556952
-1.0, -0.710918492731
1.0, 0.397569324019
-1.0, -0.923708059221
1.0, 0.556719412649
1.0, 0.122323606917
1.0, 0.653981455836
-1.0, -0.756419813773
1.0, 0.580122582767
-1.0, -0.794720328714
1.0, 0.340927662291
1.0, -0.67018760134
1.0, 0.650949616704
-1.0, -0.825989323501
1.0, 0.745128122471
1.0, 0.814497404359
1.0, 0.391837969643
-1.0, -0.56477706218
1.0, 0.532774992863
1.0, 0.664305484143
-1.0, -0.270253462844
-1.0, -0.762449488014
1.0, 0.783414022139
1.0, 0.166813108273
1.0, 0.125940266755
-1.0, -0.783915643051
-1.0, -0.0924979258594
-1.0, -0.0816677826651
-1.0, -0.286793491182
-1.0, -0.652947605781
1.0, -0.836868586781
-1.0, -0.565536024972
-1.0, -0.866100288577
1.0, -0.433791716489
1.0, 0.55348358995
-1.0, -0.765128949828
1.0, 0.618176663408
1.0, 0.827968790166
-1.0, -0.335486506121
-1.0, -0.851817816593
1.0, 0.269976495488
-1.0, -0.841958281073
1.0, 0.644933636131
-1.0, -0.334630008903
-1.0, -0.939777735212
-1.0, -0.56749273108
-1.0, -0.884930609155
-1.0, 0.397256745138
1.0, 0.745981905035
1.0, 0.759773903396
-1.0, -0.940346260468
-1.0, -0.6795167165
1.0, 0.330690259145
1.0, 0.747954779414
-1.0, -0.997471148984
-1.0, -0.488243260948
1.0, 0.628996280687
-1.0, -0.546798979143
-1.0, -0.535495823401
1.0, 0.49290707625
-1.0, 0.480200238096
-1.0, -0.907355802432
1.0, 0.708976264424
-1.0, -0.119929962293
-1.0, -0.479083688807
-1.0, -0.850051047215
-1.0, -0.936891994526
1.0, -0.127291425006
-1.0, -0.328379315805
-1.0, -0.802084944304
-1.0, -0.208281006746
1.0, -0.368130932042
1.0, -0.522735283025
1.0, 0.829853929266
-1.0, -0.765383642777
-1.0, -0.695681862314
-1.0, -0.662455725714
1.0, 0.536100618976
1.0, 0.888418591693
1.0, 0.872276545818
-1.0, -0.762645837549
-1.0, -0.91988501778
1.0, 0.0771757873192
-1.0, -0.703300653209
-1.0, -0.857626562899
-1.0, -0.582640909839
1.0, 0.344797924875
-1.0, -0.817806165946
-1.0, -0.568270029697
1.0, 0.660631905727
-1.0, -0.917104580693
-1.0, -0.978566231123
1.0, 0.597919862806
1.0, 0.746687794526
-1.0, -0.521758419128
1.0, 0.168992096767
-1.0, -0.49468817987
1.0, 0.681742741317
-1.0, -0.814152853685
1.0, 0.607204632866
1.0, 0.382896946146
1.0, 0.641827814452
-1.0, -0.637964252487
1.0, 0.192624764868
-1.0, -0.942103391869
1.0, 0.771265062385
-1.0, -0.0531241384118
1.0, 0.792325453446
-1.0, -0.548542232166
-1.0, -0.834106226564
-1.0, -0.86859030186
1.0, 0.690314005591
-1.0, -0.675630192104
-1.0, -0.905144943583
-1.0, -0.78276847301
1.0, 0.387666776831
1.0, 0.474829081229
1.0, 0.644688107256
1.0, 0.498217256809
-1.0, -0.889426348681
-1.0, -0.696049988537
1.0, 0.349698007167
1.0, -0.204218181272
-1.0, 0.235164962828
-1.0, -0.356785629607
-1.0, -0.575413237937
-1.0, -0.978926849119
-1.0, 0.34783928436
1.0, 0.187087592695
-1.0, -0.523472302121
1.0, 0.41222497359
-1.0, -0.368677015911
1.0, 0.180854739084
1.0, -0.866100325442
1.0, 0.431620801494
1.0, -0.888933906316
-1.0, -0.726389038844
-1.0, -0.748542956377
-1.0, -0.711776541916
1.0, 0.862433176675
-1.0, -0.990933075374
-1.0, -0.943958018119
-1.0, -0.817858175674
1.0, 0.602352428126
-1.0, -0.967155131994
-1.0, -0.902361385941
-1.0, -0.332938600491
-1.0, -0.237395520325
-1.0, -0.636196296236
1.0, 0.47840971395
1.0, 0.761129611334
-1.0, -0.978510184848
-1.0, -0.517678640273
1.0, 0.567655595893
-1.0, -0.626247135913
1.0, 0.503799954945
1.0, 0.917674163385
-1.0, -0.600530699804
1.0, 0.556588259932
-1.0, -0.644094094533
-1.0, -0.640696206987
1.0, 0.371067365764
1.0, -0.114769634279
-1.0, -0.371060764615
-1.0, -0.641320712922
1.0, 0.910063568088
-1.0, -0.948565257942
1.0, 0.841601554627
1.0, 0.797124232274
1.0, 0.927312151813
-1.0, -0.860243302933
1.0, 0.688083189325
1.0, 0.635844017224
-1.0, -0.73750873808
-1.0, -0.796656542677
-1.0, -0.679383241662
-1.0, -0.534550722478
-1.0, -0.440769963568
1.0, 0.669909825258
-1.0, -0.651102541375
1.0, 0.195444782187
-1.0, -0.489236550845
-1.0, 0.853846244132
1.0, 0.0479501036218
1.0, 0.245247277527
-1.0, -0.947236766577
-1.0, -0.952229880083
1.0, 0.666454421346
-1.0, -0.299653004426
1.0, 0.89575377107
-1.0, -0.982246862679
1.0, 0.710012237068
-1.0, -0.808339933374
-1.0, -0.750229580406
-1.0, -0.621819857138
-1.0, -0.722834497581
-1.0, -0.785184103363
-1.0, -0.682175724756
-1.0, -0.559541674204
1.0, -0.612878388613
1.0, -0.30779715414
