1.22373603634
1.22372401591
1.22370057824
1.22366623827
1.22362143007
1.22356651338
1.22350177952
1.22342745661
1.22334371426
1.22325066773
1.22314838161
1.22303687308
1.22291611475
1.22278603721
1.22264653122
1.22249744958
1.2223386088
1.22216979051
1.2219907426
1.22180118029
1.22160078687
1.2213892144
1.22116608422
1.22093098735
1.22068348473
1.22042310742
1.22014935671
1.21986170407
1.21955959118
1.21924242974
1.21890960138
1.21856045749
1.21819431895
1.21781047603
1.21740818808
1.21698668345
1.21654515924
1.21608278124
1.21559868386
1.21509197011
1.21456171174
1.2140069494
1.213426693
1.21281992212
1.21218558667
1.21152260768
1.21082987831
1.21010626508
1.20935060939
1.20856172929
1.20773842157
1.20687946422
1.20598361926
1.20504963596
1.20407625451
1.20306221024
1.20200623825
1.20090707868
1.19976348255
1.19857421818
1.19733807835
1.19605388806
1.19472051306
1.19333686908
1.19190193181
1.19041474762
1.188874445
1.18728024676
1.18563148282
1.18392760369
1.1821681944
1.18035298897
1.17848188501
1.17655495858
1.17457247884
1.17253492245
1.17044298726
1.16829760506
1.16609995296
1.16385146298
1.16155382934
1.15920901294
1.15681924245
1.15438701146
1.15191507101
1.14940641689
1.14686427118
1.14429205739
1.14169336882
1.13907192961
1.1364315485
1.13377606508
1.13110928872
1.12843493088
1.12575653134
1.12307737959
1.12040043294
1.1177282332
1.11506282423
1.11240567301
1.10975759726
1.10711870306
1.10448833579
1.10186504847
1.09924659117
1.09662992565
1.09401126904
1.09138617061
1.08874962513
1.08609622633
1.08342036328
1.08071646131
1.07797926819
1.07520418324
1.07238762419
1.06952742129
1.06662322168
1.0636768786
1.0606927901
1.05767814143
1.05464299616
1.05160017575
1.04856486971
1.04555393371
1.04258486364
1.03967448428
1.03683745741
1.03408478937
1.0314225838
1.02885131814
1.02636589442
1.02395660645
1.02161097466
1.01931615842
1.01706142921
1.01484006652
1.01265010767
1.01049367714
1.00837508731
1.00629838561
1.00426530585
1.00227447859
1.00032222458
0.998404472448
0.996518667533
0.994664374531
0.992841840539
0.991048922161
0.989277926225
0.987514317903
0.985738442123
0.983929665396
0.982070766825
0.980150247626
0.978161846616
0.976102798757
0.973973278494
0.971777959282
0.96952786859
0.967239507002
0.964930317363
0.96261342215
0.960295863605
0.95798111039
0.955671927223
0.953370054961
0.951074543801
0.948783042185
0.946495332676
0.944213711276
0.941939306795
0.939670471017
0.937405843852
0.935146132495
0.932891767992
0.930642064253
0.928396525299
0.926152309684
0.923901399845
0.921634148078
0.919342561666
0.917020040833
0.914663352157
0.912271584624
0.909842090313
0.907372043409
0.904858873308
0.902300167141
0.899694932409
0.897041041934
0.894337010477
0.891582431675
0.888777944944
0.885923267261
0.883015348511
0.880049866132
0.87702266066
0.873929708905
0.870765895341
0.867525069751
0.864201262036
0.860787741875
0.857277775814
0.853666361751
0.849949122196
0.846120408617
0.84217440684
0.838105104183
0.833905560766
0.829567588541
0.825080339635
0.820431166605
0.815606208021
0.810607028174
0.805556523144
0.802143623557
0.821912864392
1.05807448079
0.794006838173
1.208060576
0.818718114306
0.93786054019
0.766427809836
0.944692326874
0.80232071921
0.845115839937
0.959995700124
0.913078106915
0.771082945489
0.798564039147
0.889302948007
0.832384028403
0.734733204452
0.770681647111
0.841867861588
0.870976720725
0.841964537973
0.774088900521
0.724592913011
0.74366489642
0.788484164956
0.80447447398
0.776820359622
0.732957959547
0.713571205644
0.727035643075
0.748437291517
0.754595131138
0.740758736589
0.718244109417
0.706803261434
0.714630297509
0.726287660051
0.723773064612
0.709625009672
0.701769856924
0.706850547874
0.71310783305
0.710106789559
0.700947661555
0.697012476695
0.700971808742
0.702898518527
0.698001359353
0.693395640103
0.69448993659
0.696179960412
0.693431730421
0.689387235984
0.689250882603
0.690245772599
0.687848055391
0.685115199324
0.685236615547
0.684791571003
0.682143567442
0.680809730477
0.680716856977
0.678722625815
0.676916598866
0.676406278629
0.674558517498
0.672846640354
0.671969933703
0.669860630754
0.668418631342
0.666891277368
0.664805155936
0.663377015565
0.661126533335
0.659417400522
0.657171669695
0.655161457111
0.652785883107
0.650561346519
0.647971636806
0.645557083318
0.642708654871
0.640025629477
0.637039436718
0.633895715375
0.630778683133
0.627380411066
0.623767853985
0.620081888731
0.616284941022
0.612344068477
0.608347302221
0.604799074939
0.604244271643
0.624445785858
0.726541042823
0.694036869538
0.583510613982
0.724383424624
0.611772070763
0.617148784389
0.653887914229
0.602998720898
0.629949289346
0.692217548468
0.594213885154
0.562761164544
0.643072990276
0.597748027063
0.535247518834
0.584823126748
0.619541685016
0.600067669078
0.547599745565
0.524924998151
0.554238063388
0.585770450312
0.589646030136
0.56371096864
0.530266379181
0.51586634646
0.525480153196
0.541899326941
0.547221895223
0.53688700113
0.519433996114
0.50975554732
0.514475830628
0.524003034915
0.524938760479
0.515980631211
0.507060420566
0.506634090051
0.511699500785
0.513687802591
0.509551951941
0.50386953771
0.502774399051
0.505584214345
0.506257258749
0.502911403298
0.499816246664
0.500245578454
0.501600655767
0.50045787244
0.497766661954
0.49686979304
0.497633964668
0.497062216056
0.495039103799
0.494188747527
0.494431013759
0.493586635828
0.491983241147
0.49146143923
0.491207586536
0.489895423165
0.488873190066
0.488492228974
0.487376827146
0.486232703012
0.48563945415
0.484454890254
0.483345393889
0.482508853668
0.481165700575
0.480131744076
0.478923683534
0.47757727869
0.476397998902
0.474891509858
0.473593934986
0.471992363787
0.470537109594
0.468827564664
0.467217805978
0.465374091266
0.463596714077
0.46162662471
0.459632013301
0.45756149969
0.455331139218
0.453079424935
0.450723776955
0.448217822102
0.445622472306
0.442952944768
0.440190875799
0.437342900332
0.43449578702
0.432090295831
0.432596685797
0.44900599671
0.524590310072
0.489515958376
0.415610637246
0.484019662758
0.43080544988
0.429264693282
0.460514618732
0.418337562203
0.446555090774
0.46313338922
0.392393568195
0.455407135778
0.430413727603
0.389957922742
0.435406416143
0.429088531944
0.383320466499
0.402191389085
0.434785916051
0.422870533057
0.384933065716
0.377351477623
0.398948982163
0.413976686987
0.404488479673
0.380996417445
0.370000956707
0.380734893363
0.39174005052
0.384972903462
0.370347459183
0.367912078266
0.376192335267
0.378755290589
0.371149262362
0.364577951382
0.367572119791
0.371734276754
0.368156511562
0.362807599166
0.363946475386
