0.974575047196
0.974547298577
0.974493197306
0.974413938848
0.974310534809
0.974183827919
0.974034505501
0.973863111556
0.973670057589
0.973455632289
0.973220010176
0.972963259297
0.972685348078
0.972386151403
0.972065455993
0.971722965164
0.971358303023
0.970971018154
0.970560586862
0.970126416015
0.969667845531
0.969184150561
0.968674543402
0.968138175186
0.967574137368
0.966981463067
0.96635912828
0.965706053009
0.965021102329
0.964303087435
0.963550766686
0.962762846704
0.961937983528
0.96107478388
0.960171806561
0.959227564026
0.958240524149
0.957209112244
0.956131713344
0.955006674813
0.953832309288
0.95260689803
0.951328694696
0.949995929582
0.948606814383
0.9471595475
0.945652319946
0.944083321886
0.942450749843
0.940752814621
0.938987749972
0.937153822027
0.935249339542
0.933272664955
0.93122222628
0.929096529845
0.926894173861
0.924613862816
0.922254422663
0.919814816757
0.917294162486
0.914691748518
0.912007052571
0.90923975959
0.906389780178
0.903457269144
0.900442643958
0.897346602905
0.894170142714
0.890914575378
0.887581543894
0.884173036614
0.880691399867
0.877139348515
0.87351997409
0.869836750135
0.866093534383
0.862294567408
0.858444467392
0.85454822066
0.850611167663
0.84663898413
0.842637657122
0.838613455791
0.834572896687
0.830522703517
0.826469761335
0.822421065206
0.818383663491
0.814364595973
0.810370827172
0.806409175293
0.802486237409
0.798608311601
0.794781316943
0.791010712422
0.787301416018
0.783657725424
0.780083242041
0.776580800109
0.773152403015
0.769799168978
0.76652128841
0.763317995369
0.760187555412
0.757127272133
0.754133514352
0.751201765595
0.748326696951
0.745502263705
0.742721825295
0.739978287136
0.737264261705
0.73457224509
0.731894803935
0.729224766542
0.726555410829
0.723880641053
0.721195144818
0.718494521921
0.715775377281
0.713035371464
0.710273224302
0.707488669612
0.704682362033
0.701855740209
0.6990108537
0.696150163762
0.693276330201
0.690391997585
0.687499594007
0.684601154392
0.681698178031
0.678791527006
0.675881368688
0.672967162123
0.670047685072
0.667121096295
0.664185026363
0.661236690079
0.65827301431
0.655290776533
0.652286751319
0.649257864084
0.646201353114
0.64311494191
0.639997023738
0.636846858688
0.633664780192
0.630452402989
0.627212818226
0.623950754714
0.620672679929
0.617386812399
0.614103021099
0.610832599252
0.607587919008
0.604381995413
0.601228004035
0.598138795254
0.595126423166
0.592201665355
0.589373478678
0.586648353993
0.584029622376
0.581516900518
0.579105957672
0.576789237781
0.574557043726
0.572399083817
0.570305890534
0.568269700982
0.566284697345
0.564346805777
0.562453304966
0.560602307901
0.558792028392
0.557019874491
0.555281709751
0.553571688141
0.551882697518
0.550206973268
0.548536418264
0.546862658118
0.545177251574
0.543472194063
0.541740289412
0.539975078493
0.538170747275
0.53632252614
0.534427248321
0.532483485516
0.530491541881
0.528453708892
0.526374167622
0.524258155582
0.522111162893
0.51993829972
0.51774340624
0.515528653492
0.513294828906
0.511041453367
0.508767179194
0.506470327686
0.504148889198
0.501800713491
0.499423418673
0.497014302415
0.49457065748
0.492089966738
0.489570262987
0.487009859492
0.48440710899
0.481759922791
0.479065454227
0.47631940972
0.473515468728
0.470644795769
0.467695966599
0.464655463051
0.461508640887
0.458240487355
0.454835636104
0.451278861144
0.447558238495
0.443673317628
0.439646989819
0.435530420628
0.431389308192
0.427274576259
0.423204122545
0.419167382338
0.415360999596
0.415120608684
0.46839149843
0.626855431733
0.699100261806
0.705270058732
0.704402473648
0.705024268575
0.706383512454
0.706719978466
0.705378804697
0.702856691427
0.699401210828
0.692711889074
0.677962313653
0.656208082588
0.649248394835
0.661073037247
0.658291744927
0.63475629135
0.612060662149
0.595986964447
0.588124548479
0.557115026444
0.4961921183
0.50484368132
0.450593379129
0.447616575913
0.472516221448
0.464660793772
0.46104999424
0.413032214063
0.409208863128
0.420039195537
0.423302471549
0.437629448579
0.409401936097
0.399034563652
0.389100810097
0.393709923252
0.3970186502
0.399692741831
0.469310358843
0.47542856768
0.445202346062
0.510225749561
0.437698571722
0.411618639603
0.426641820769
0.380974824978
0.439363512145
0.420442331346
0.398889640211
0.434537094376
0.407243972861
0.362287997097
0.415039915427
0.364615641531
0.351739123698
0.373883134462
0.374874437912
0.354595569987
0.34027684722
0.354273990714
0.36770702222
0.348067303173
0.331109602802
0.337281211807
0.344444479972
0.337472802282
0.323978253116
0.327921403826
0.33612450846
0.322381434079
0.32110554634
0.327114552924
0.321173184205
0.314790231187
0.320298631241
0.315886923512
0.311771342384
0.314732790314
0.311742321691
0.30844170018
0.311029438035
0.307797754861
0.30687565783
0.307633321483
0.304431305995
0.30493636107
0.303674022923
0.302399023256
0.302709676315
0.300499946684
0.300842522615
0.298726063141
0.298592567957
0.297247288107
0.296904856837
0.295633550404
0.295132090588
0.293654808634
0.29331668168
0.291931361324
0.291178448698
0.290321301694
0.288852431857
0.287847331896
0.28703929155
0.285884060476
0.284437616392
0.28309764204
0.281864740046
0.280697913179
0.279944159844
0.281496090823
0.297697946491
0.276461306406
0.281096439323
0.300342192912
0.281527677911
0.309266808501
0.270780439186
0.290263533701
0.297909722607
0.267245322517
0.28883974822
0.291187836772
0.262681719269
0.281446009486
0.292431507347
0.276995502791
0.259736399059
0.274075142807
0.286687537995
0.27468084116
0.258833727498
0.26011867368
0.269274672083
0.27224264921
0.265819359526
0.256972461739
0.256443551044
0.26292846366
0.262468010134
0.255549826807
0.254584639224
0.258313363929
0.258515983833
0.25459742174
0.252888188933
0.255428064048
0.25528118942
0.25224296897
0.252494295978
0.253889925767
0.25259058165
0.250943873608
0.251859457187
0.2518942716
0.250296767035
0.250399847601
0.250812721018
0.249756620548
0.249240701326
0.249648108417
0.248895001567
0.248378188815
