1.68658291306
1.68338075746
1.67708488242
1.66773465766
1.65530863523
1.6397325393
1.62088831473
1.59862636753
1.57278438878
1.54321799186
1.50985073273
1.47275320996
1.43226065888
1.38913078127
1.34471991131
1.301107543
1.26103498013
1.22749927446
1.20296329216
1.18843900673
1.18295021987
1.18373844392
1.18724869623
1.19007482858
1.18963267895
1.18413942307
1.1729561567
1.15666226021
1.13700901245
1.11661740695
1.09830593104
1.08417989874
1.07491112685
1.06961074679
1.06631311259
1.06277193394
1.05725953983
1.04916684088
1.03924040267
1.02929721771
1.02137432781
1.01661220145
1.01455843441
1.01349498612
1.01165350322
1.00844100245
1.00475450512
1.00210304893
1.00119221107
1.00123277663
1.00076553818
0.998986717003
0.996455597679
0.994372339433
0.993154382886
0.991974127031
0.989915952196
0.987263380652
0.985092966606
0.983693825978
0.9822452559
0.980304755716
0.978545338872
0.977427665887
0.976320032005
0.974761059775
0.973262773313
0.972043424191
0.970548188938
0.968782161233
0.967263016212
0.965784497418
0.964115571743
0.962669103837
0.961337240136
0.959850904831
0.958509465382
0.957126752866
0.955615055474
0.954223019541
0.952730252365
0.951339312049
0.949999971569
0.948681008611
0.947444809004
0.946156400472
0.944928311948
0.943654202567
0.942458104393
0.941264520151
0.940124992717
0.938990802566
0.937837349755
0.936711298788
0.93557075557
0.934453232544
0.933359060022
0.932242254153
0.931103276747
0.929963844125
0.92882937165
0.927689043489
0.926540627796
0.925448505025
0.924796698065
0.927153201314
0.947455432054
1.05023050153
0.95622766895
0.925071894777
1.00102590144
0.917939842554
0.969936128098
0.913723621161
0.958720410968
0.92948865435
0.928385681475
0.939352577147
0.911118403374
0.93663126184
0.907996717299
0.928813793162
0.909454680152
0.921269528604
0.909697193613
0.916332693904
0.90829570387
0.913707553308
0.905388070837
0.91216902198
0.902248408303
0.910831323507
0.899741089866
0.908068636305
0.899028515576
0.9028847023
0.900768855603
0.896995984769
0.901373359378
0.896135040688
0.895527984578
0.898344156795
0.894355265342
0.89214667346
0.894302055931
0.894531169913
0.891008402824
0.888681102017
0.888805311333
0.890091374531
0.890841050914
0.88997126711
0.889402626049
0.891474869136
0.898486909587
0.914176354082
0.940865421971
0.960972774584
0.952902253194
0.937407569917
0.946556980682
0.972713442007
1.01334801003
0.876815684637
1.0175676606
0.875344622612
1.00224621181
0.925896734928
0.938510950646
0.954135257943
0.886612881085
0.947025219142
0.876094369883
0.90565942148
0.910810908689
0.866001076896
0.909718155155
0.892087474795
0.863840586908
0.896589784044
0.876618759075
0.86587954433
0.886619195065
0.863043278279
0.871297068282
0.874172558967
0.858550927294
0.872525068098
0.860757504256
0.863275113551
0.86517195704
0.85655762371
0.864423973058
0.855503856529
0.86063051272
0.856359079728
0.856881184417
0.85659297271
0.854247211235
0.855409119232
0.852571472987
0.853794863557
0.851330560351
0.852006623652
0.850327715077
0.850130218344
0.849667173001
0.848041995892
0.84883850709
0.846619274917
0.846867796945
0.846047440316
0.844559170739
0.844744953621
0.843710017727
0.84232771939
0.842032683952
0.841767138563
0.840907270233
0.839820876644
0.838871372553
0.838399276823
0.839762954848
0.847868786382
0.878723389381
0.962210493365
0.837114438881
0.905502742842
0.837624588955
0.877849257005
0.828970262396
0.867458206147
0.853278889742
0.832661815457
0.859897332262
0.826294891944
0.845788725905
0.836895366944
0.82998656945
0.839998436251
0.821929965473
0.836842121669
0.820847493236
0.832459341682
0.820529869896
0.828112535927
0.819721089132
0.825449074537
0.818622978773
0.823380407993
0.816447391393
0.821865493359
0.814822230287
0.819783221531
0.813984235788
0.81628857914
0.814386335393
0.812489808903
0.814562939693
0.810788745287
0.811323507243
0.811564168621
0.808544515181
0.809142291405
0.809009951654
0.806680525347
0.805956681694
0.80659175411
0.80624701056
0.804975631367
0.803681274629
0.802767742099
0.802643780856
0.805710877085
0.821021549082
0.87890174643
0.812269799009
0.810209250438
0.863199765485
0.795980916598
0.860145823469
0.80247763399
0.843577566208
0.8486031377
0.792606734576
0.846246597752
0.83241235875
0.790483890929
0.828608525257
0.839064265526
0.797459614091
0.796386490287
0.823459563684
0.803188969747
0.787734817793
0.809149480315
0.800773900204
0.785525847904
0.800991456036
0.794977356713
0.785073606562
0.796629492106
0.788636773657
0.785707055247
0.792403897886
0.783363754139
0.787712187707
0.786707613685
0.782612005648
0.786998600123
0.781432653863
0.784683001442
0.782062183533
0.782057068642
0.781998815389
0.780506013403
0.781162127401
0.779435021039
0.780061808587
0.778595779893
0.778873643892
0.777864021797
0.777616723848
0.777313821258
0.776246399442
0.776634860334
0.775265430465
0.77526164491
0.774871174121
0.773743944564
0.773568633896
0.773365277645
0.772504077069
0.7715544464
0.770868111886
0.770411156132
0.770299257428
0.771621417388
0.778036528968
0.801729533558
0.864243649505
0.774912766124
0.799005423917
0.837112384047
0.780284464202
0.846155527948
0.82012763405
0.796322556056
0.823812096907
0.773245131206
0.814998881485
0.764928938326
0.790124514226
0.784856742889
0.765066476389
0.788952624366
0.757420806804
0.782048521299
0.759663606759
0.773025402218
0.762993662098
0.76600774889
0.763299215558
0.762346226787
0.760416072239
0.761956966622
0.756545271445
0.762154792158
0.753301493639
0.761612103248
0.751517337194
0.758100582795
0.75286278449
0.752148948373
0.755623163974
0.749328492797
0.751789975155
0.752173318082
0.747547595432
0.749745117505
0.750055744851
0.746108614447
0.746589915835
0.747977819963
0.745424259236
0.743530889673
0.744158272995
0.745099144608
0.744261025932
0.74262200044
0.741315328139
0.740557287826
0.740777869166
0.743570944413
0.75507620672
0.790295756018
0.746118864914
0.744563339855
0.780360759489
0.734223929708
0.773844696942
0.738010455162
0.762024877636
0.740182132611
0.753969502496
0.740037843102
0.749643007821
0.736008819663
0.748558625645
0.731416776368
0.748151662631
0.727448461005
0.744565251677
0.727372930464
0.736692198418
0.732039226451
0.726682335298
0.73589071661
0.725759974313
0.72658295162
0.73108258575
0.723313534013
0.724116889676
0.727662313191
0.722553392914
0.720572689972
0.723978553579
0.724538971114
0.720263863388
0.717920120045
0.718856589837
0.721334426548
0.723244358195
0.722719039697
0.722704082691
0.72617262444
0.736738183549
0.757554577467
0.791757168054
0.712982525217
0.781513318183
0.710840794885
0.766197489135
0.721770944709
0.74240093993
0.733380660807
0.724215519642
0.733834990461
0.714198917705
0.729569557597
0.710235942189
0.723457253848
0.708991584728
0.717055213144
0.709615863136
0.710451543205
0.710897437986
0.705716053025
0.711866939516
0.702411294588
0.710437972656
0.702908291216
0.70448607764
0.70564075271
0.700270051492
0.704592348805
0.701355306108
0.699281132078
0.702404824285
0.700193132977
0.697445224555
0.698662862178
0.699767668079
0.697769857502
0.695622716769
0.695049246951
0.695826028145
0.697636060683
0.70041753234
0.703706355379
0.707711316502
0.71059011989
0.712770452163
0.711432401092
0.717340269847
0.729029552944
0.749959332302
0.762162573525
0.762071524713
0.756942840422
0.788136459146
0.687092691286
0.762821125681
0.689295423316
0.733164703831
0.683875957012
0.722707575153
0.706187484779
0.689233598714
0.715258187258
