1.37758083963
1.37757812312
1.37757282597
1.37756506374
1.37755493334
1.37754251456
1.37752787141
1.37751105329
1.37749209606
1.37747102298
1.37744784549
1.37742256392
1.37739516816
1.37736563812
1.37733394422
1.37730004777
1.37726390129
1.37722544875
1.37718462576
1.37714135975
1.37709557005
1.37704716792
1.37699605663
1.37694213137
1.3768852792
1.37682537898
1.3767623012
1.37669590784
1.37662605217
1.37655257851
1.37647532198
1.37639410825
1.37630875317
1.37621906247
1.37612483139
1.37602584426
1.37592187411
1.37581268221
1.37569801758
1.37557761652
1.37545120204
1.37531848332
1.37517915513
1.3750328972
1.3748793736
1.37471823204
1.37454910318
1.37437159989
1.37418531654
1.37398982813
1.37378468953
1.37356943464
1.37334357547
1.37310660126
1.37285797757
1.37259714529
1.3723235197
1.37203648943
1.37173541543
1.37141963
1.37108843563
1.37074110402
1.37037687497
1.3699949553
1.36959451777
1.36917470008
1.36873460375
1.36827329317
1.36778979464
1.36728309541
1.36675214287
1.36619584381
1.36561306372
1.36500262632
1.36436331316
1.36369386343
1.36299297399
1.36225929963
1.36149145362
1.36068800861
1.35984749788
1.35896841701
1.35804922615
1.35708835269
1.35608419468
1.35503512493
1.35393949591
1.35279564549
1.35160190375
1.35035660077
1.3490580757
1.3477046871
1.34629482459
1.34482692217
1.34329947293
1.34171104564
1.34006030289
1.3383460211
1.33656711224
1.33472264729
1.33281188119
1.33083427927
1.32878954467
1.32667764641
1.32449884767
1.32225373329
1.31994323586
1.3175686591
1.31513169738
1.31263444965
1.31007942606
1.30746954535
1.30480812073
1.3020988318
1.29934568039
1.29655292749
1.29372500943
1.29086643083
1.28798163302
1.28507483666
1.28214985813
1.27920990001
1.27625731684
1.27329335776
1.27031788854
1.2673290955
1.26432317364
1.26129400046
1.2582327955
1.25512776291
1.25196371143
1.24872164161
1.24537828516
1.24190557552
1.23827002257
1.23443195862
1.23034461811
1.2259530126
1.22119256924
1.21598752292
1.21024910484
1.2038736793
1.19674119591
1.18871472812
1.17964259774
1.16936583303
1.15773568278
1.14464860718
1.13010868502
1.1143263353
1.09784936223
1.08168420982
1.06729642557
1.05632208359
1.04990284472
1.04788077032
1.0484421695
1.04882240215
1.04652507027
1.04012318893
1.02988410588
1.01753888995
1.005385664
0.995168307971
0.987364186674
0.981233930621
0.975417255959
0.968604370933
0.960007495893
0.949604821052
0.938163548267
0.926947031857
0.91702644065
0.90847519527
0.900197605377
0.890888006168
0.880383042451
0.869898255427
0.860732579019
0.852912821901
0.845367947075
0.837331339439
0.829299102975
0.822374493424
0.81667675459
0.811132138552
0.805275515829
0.799970187298
0.795621088713
0.791364280032
0.786744552049
0.782433160331
0.778537251364
0.774248379836
0.769694055434
0.76537856246
0.760780579655
0.755770787756
0.750854287943
0.745699446669
0.740228855118
0.734841973984
0.729213063729
0.723479131182
0.717795292338
0.711897113231
0.70604525391
0.700016009187
0.693857093277
0.687538245247
0.680960928985
0.674188757569
0.667091283108
0.659771896308
0.652145317568
0.644295160643
0.636193246239
0.627884431943
0.619402122568
0.610687081976
0.60179976462
0.592713157912
0.583412041601
0.573956020108
0.564374065395
0.554689592335
0.544967698614
0.535258578933
0.525622382771
0.51611250303
0.506790909134
0.497711167934
0.48890709867
0.480401708802
0.472266990194
0.465203925113
0.465281758363
0.5191058735
0.453531500914
0.43800865666
0.460721247376
0.421137301143
0.45524738612
0.408849513117
0.42964500222
0.411755603973
0.399202829722
0.409074398957
0.386460714211
0.39774883834
0.380810414853
0.385227956717
0.3754357454
0.375373430781
0.370777019605
0.36728188664
0.362189761764
0.362752123666
0.355416357919
0.358520993812
0.348431587927
0.35033173384
0.344686676188
0.341092176839
0.341659729903
0.3353692499
0.333766264693
0.333898281985
0.328209805352
0.324439547472
0.323702879461
0.323684538156
0.327151785386
0.32750792548
0.336218877659
0.325061869272
0.329483717493
0.320748452881
0.334631339719
0.29844984357
0.341473272483
0.298477454223
0.315967241727
0.288590139243
0.309472652643
0.29674895232
0.287600948148
0.300395647716
0.286936511975
0.279469543818
0.290837494621
0.283969039528
0.273955386108
0.280684389903
0.280966502507
0.271911517017
0.273437502841
0.276593698684
0.269591046202
0.269827861334
0.272422072842
0.267706795835
0.266945537222
0.268939289884
0.265058013569
0.265423656663
0.265962895641
0.262999747956
0.263829029107
0.26318802869
0.261356523725
0.262240819523
0.260543875328
0.260255864645
0.25996760525
0.258684916428
0.258908553229
0.257509095246
0.25760810624
0.256476769099
0.256259987801
0.255374668833
0.254998335637
0.254126416018
0.253768728385
0.252813587385
0.252478482277
0.251530785503
0.250954243494
0.250318920188
0.249381021927
0.248739950311
0.2480681911
0.247160668284
0.246232145919
0.245406050851
0.24465017516
0.243999811393
0.243886386646
0.24607246055
0.258676608143
0.242524709721
0.241708650701
0.253070774019
0.237671675311
0.253093646994
0.236578249594
0.246371187906
0.246758233507
0.233150854804
