1.91709605597
1.91705211362
1.91696642437
1.91684085264
1.91667695939
1.91647602668
1.9162390794
1.91596690458
1.9156600683
1.91531893065
1.91494365877
1.91453423823
1.91409048277
1.91361204271
1.91309841206
1.91254893437
1.91196280753
1.9113390876
1.91067669159
1.90997439947
1.90923085531
1.90844456766
1.90761390921
1.90673711574
1.90581228444
1.90483737158
1.90381018959
1.90272840347
1.90158952676
1.90039091676
1.89912976939
1.89780311326
1.89640780341
1.89494051429
1.89339773236
1.89177574791
1.89007064653
1.88827829984
1.88639435565
1.88441422762
1.88233308418
1.8801458369
1.87784712827
1.87543131875
1.87289247331
1.87022434724
1.86742037141
1.86447363686
1.86137687887
1.85812246037
1.85470235497
1.8511081294
1.84733092563
1.84336144269
1.83918991832
1.83480611058
1.83019927965
1.82535817002
1.82027099336
1.81492541238
1.80930852615
1.80340685732
1.7972063418
1.79069232171
1.78384954222
1.77666215345
1.76911371841
1.76118722833
1.75286512691
1.74412934519
1.73496134911
1.72534220193
1.71525264412
1.70467319354
1.69358426914
1.68196634151
1.66980011401
1.65706673842
1.64374806903
1.62982695915
1.61528760383
1.60011593195
1.58430005025
1.56783074045
1.55070200906
1.53291168697
1.51446207326
1.49536061343
1.47562059847
1.45526186543
1.43431147493
1.41280433505
1.39078373499
1.36830174729
1.34541945338
1.32220694617
1.29874306502
1.27511482455
1.25141650918
1.22774842082
1.20421528754
1.18092436461
1.15798328552
1.13549774498
1.11356911775
1.0922921312
1.07175271449
1.05202614064
1.03317556058
1.0152510001
0.998288857462
0.982311902236
0.967329741678
0.95333969201
0.940327971126
0.92827111807
0.91713754243
0.906889112469
0.897482702471
0.888871635269
0.881006973283
0.873838628957
0.867316281722
0.861390102639
0.856011298926
0.851132498379
0.846707998273
0.842693905023
0.839048190133
0.835730685506
0.832703037601
0.829928635863
0.827372526849
0.825001321853
0.822783102896
0.820687329779
0.818684749537
0.816747309036
0.814848071517
0.81296113854
0.81106157993
0.809125375882
0.807129377355
0.805051293209
0.802869715222
0.800564195143
0.798115391048
0.795505303274
0.792717622289
0.789738210846
0.78655573857
0.783162475484
0.779555227215
0.775736353088
0.771714743057
0.767506538424
0.763135272391
0.758631009206
0.754028039072
0.749360845058
0.744658522482
0.739938666073
0.735202804786
0.730436254227
0.725614923873
0.72071940486
0.715752775059
0.710754833359
0.705804839631
0.701009102644
0.696477316125
0.692297633482
0.688520760319
0.6851577075
0.682188432074
0.679574160455
0.67726662953
0.675211392212
0.673346860161
0.671603440463
0.669906782208
0.668186139338
0.666384984362
0.664468774728
0.662425870152
0.660261523037
0.657988970538
0.655622951878
0.653178350729
0.650671850111
0.648121159377
0.645537973653
0.642917643784
0.640235179869
0.637454820266
0.634547324578
0.631499616149
0.628310850895
0.624986857132
0.62154367875
0.618010669558
0.614417841318
0.610775597152
0.607071749901
0.603287077028
0.599403894273
0.59540368049
0.591275013674
0.58702410051
0.582661297341
0.578182795635
0.573577178785
0.568830805024
0.56392637901
0.558859923212
0.553639580634
0.548265154961
0.542728612571
0.537009200268
0.53108225278
0.524935404576
0.518559498936
0.511949170745
0.505089919805
0.497966287684
0.490566935912
0.482892126835
0.474942501492
0.466719771514
0.45823622676
0.449528066506
0.440635996599
0.431591839951
0.422425436046
0.413153764511
0.403781477303
0.394284407849
0.384625569425
0.374780180577
0.364730651865
0.354522709336
0.344482797554
0.338527578725
0.384502129699
0.338028105146
0.337612836701
0.31916121649
0.364515028233
0.290990546113
0.481598190177
0.368282750233
0.446555842928
0.358215595212
0.270281469576
0.401390729447
0.248230011045
0.302173872815
0.348358679305
0.342718337155
0.287450643733
0.229795663446
0.267927971702
0.330735782566
0.301427259932
0.231229240194
0.220242003986
0.246609876323
0.272015805991
0.286360276936
0.290358620759
0.284140267019
0.268996870479
0.247780972514
0.225118150338
0.207352951141
0.200975329884
0.208034397558
0.221276134508
0.231437826573
0.234773866292
0.229971534465
0.219252443058
0.207161564793
0.197942544554
0.193590252256
0.193647347437
0.196251605118
0.199341179204
0.201362942825
0.201502916992
0.199664387628
0.196250141211
0.192137604533
0.188454006956
0.186205397195
0.185807297341
0.186746902101
0.187792828431
0.187783394029
0.186321479405
0.18403585014
0.182030118744
0.181032242911
0.180961715546
0.181144738865
0.180903485326
0.179956176556
0.178566712046
0.177325643392
0.176667068933
0.176459676917
0.176120693825
0.175260705061
0.174127864799
0.17324873069
0.172753734058
0.172280053831
0.171493858187
0.170515690319
0.1697183891
0.169159156641
0.168497550731
0.167601032327
0.166763342034
0.166113111825
0.165395062254
0.164514472477
0.163709654727
0.163006204725
0.162174501728
0.161300864149
0.16053140579
0.159691726542
0.158783052166
0.15794684332
0.157041503226
0.156090341578
0.155177335575
0.154175397827
0.153175319098
0.152148581834
0.151062419936
0.14998280682
0.148829556541
0.147678596804
0.146463139262
0.145239187204
0.143957966982
0.142662617124
0.1413107857
