0.446340027536
0.446337308705
0.446332007121
0.446324238593
0.44631410035
0.446301672543
0.446287019591
0.446270191362
0.446251224237
0.44623014203
0.446206956814
0.446181669632
0.446154271122
0.446124742056
0.446093053804
0.446059168722
0.446023040481
0.445984614337
0.44594382734
0.445900608504
0.44585487892
0.445806551835
0.445755532683
0.445701719089
0.445645000829
0.445585259761
0.445522369733
0.445456196449
0.445386597318
0.445313421274
0.445236508573
0.445155690566
0.445070789452
0.444981618003
0.444887979283
0.444789666335
0.444686461854
0.444578137853
0.444464455293
0.444345163722
0.444220000883
0.444088692319
0.443950950963
0.443806476728
0.443654956077
0.4434960616
0.443329451587
0.443154769596
0.442971644031
0.442779687728
0.44257849755
0.442367653998
0.442146720852
0.441915244828
0.441672755283
0.44141876395
0.441152764737
0.440874233576
0.440582628353
0.440277388913
0.439957937173
0.439623677337
0.439273996242
0.438908263857
0.438525833938
0.438126044871
0.437708220732
0.437271672566
0.436815699938
0.436339592758
0.435842633422
0.435324099286
0.434783265513
0.434219408298
0.433631808506
0.433019755741
0.432382552839
0.431719520805
0.431030004162
0.430313376701
0.429569047548
0.42879646751
0.427995135536
0.42716460518
0.426304490821
0.425414473398
0.424494305305
0.423543814041
0.422562904096
0.421551556506
0.420509825348
0.419437830431
0.418335745295
0.417203779625
0.416042155149
0.414851074145
0.413630679817
0.412381008055
0.411101930461
0.409793089115
0.408453824259
0.407083097084
0.405679410873
0.404240735088
0.402764438259
0.401247236814
0.399685167885
0.398073594556
0.396407251565
0.394680337887
0.392886659752
0.391019823176
0.389073469394
0.387041539828
0.38491855033
0.382699848502
0.380381824189
0.377962043369
0.375439280718
0.372813436721
0.370085341048
0.367256463263
0.364328571944
0.361303400046
0.358182383217
0.354966534938
0.351656504942
0.348252835275
0.344756384683
0.341168843899
0.33749322319
0.333734173845
0.329898022476
0.325992461493
0.322025947936
0.318006990333
0.313943597569
0.309843159264
0.30571287881
0.301560611377
0.297395690168
0.293229237961
0.289073688405
0.284941724083
0.280845287179
0.276795367212
0.272802769758
0.268879307087
0.265038443936
0.26129485706
0.257663418325
0.254158824311
0.250796538138
0.247594174744
0.244571627863
0.2417493772
0.23914636702
0.236778986726
0.234660611989
0.232799930876
0.231198123331
0.229847208693
0.228730554069
0.227823602168
0.227093795087
0.226501973013
0.226006465634
0.225567224085
0.225148353694
0.224720826444
0.224265146316
0.223771332411
0.223237292131
0.222667603465
0.222070883078
0.221456324941
0.220832185434
0.220204439599
0.219575863219
0.218947358954
0.218318793507
0.217690260626
0.2170632737
0.216440125599
0.215823462012
0.215214423545
0.214611761893
0.214011215691
0.21340656452
0.212791555849
0.212162361481
0.211518604191
0.210863024955
0.21019928158
0.209529789195
0.208854492227
0.208171653525
0.207480135911
0.206781293944
0.206079159853
0.205378619395
0.204682881522
0.20399237874
0.203305980427
0.202623515821
0.201948403723
0.201300624615
0.200861556733
0.202684749193
0.228724492593
0.226154174651
0.252046551376
0.212973486914
0.312011491504
0.200383827565
0.255829412243
0.225878123926
0.212804895071
0.228417290456
0.19548434931
0.219077552334
0.224583870583
0.200447417858
0.20132715791
0.21782440608
0.204800771161
0.193748769046
0.204190497633
0.212444049808
0.210581586821
0.200671307818
0.193060231112
0.19615045339
0.203216162405
0.201967702986
0.194655875261
0.192674307162
0.196678498781
0.198819694452
0.195941466611
0.192334134357
0.193261563046
0.195947941659
0.194799172597
0.192086180455
0.192561133429
0.194254455585
0.193644168127
0.19185098696
0.192106376768
0.193261358611
0.192498931687
0.191466784175
0.192086302921
0.19247565911
0.19165384901
0.191351229822
0.191923479226
0.191664591402
0.19113785016
0.191455996375
0.191480721331
0.191020933663
0.191113840262
0.191232072392
0.190878968008
0.190877858045
0.190964270787
0.1907016752
0.190687800138
0.190710819325
0.190497692467
0.190518028693
0.190461111854
0.190305436857
0.190330225026
0.190197409112
0.190131829306
0.190089219496
0.18995853423
0.189936284263
0.189804241915
0.189761223162
0.189641701035
0.189578891776
0.189460574286
0.1893879102
0.18926225658
0.18918178561
0.189051393456
0.188949384647
0.188831184759
0.188694381551
0.188578160341
0.188442077213
0.188289630208
0.188143988503
0.18799924607
0.187845579806
0.187683919702
0.187528053679
0.187416445835
0.187562857283
0.18869443122
0.194589319317
0.21106427695
0.206532467378
0.186415028146
0.214785873075
0.196783540019
0.19765786904
0.203368002204
0.185177448831
0.196353959732
0.185469719078
0.195060762165
0.189211944861
0.187981623241
0.192237821623
0.183998556344
0.191447413953
0.187348155452
0.184843521143
0.189472067942
0.184373693354
0.18586765605
0.186605109735
0.183232912675
0.186328790159
0.183640295494
0.184283095808
0.184539098665
0.182850967818
0.184494806139
0.182527431629
0.183768663886
0.182661642378
0.182977566336
0.182821595744
0.182367941059
0.182615558785
0.182056984486
0.182330126712
0.181791163942
0.182009738809
0.181628794711
0.181669621036
0.181465322334
0.181319463048
0.181362075395
0.181009049523
0.181184873785
0.18080255127
0.180829806055
0.180700375207
0.180457510189
0.180495992343
0.180291925714
0.180110761732
0.180095517616
0.179982022762
0.179779062751
0.179597660547
0.179472235454
0.179394510697
0.179421741266
0.17977618863
0.180829136756
0.184570338284
0.190757380702
0.214404992094
0.179418338118
0.232364245339
0.185067113723
0.208579347316
0.180158865255
0.202665715848
0.198706135279
0.180497462618
0.201820877355
0.196503404292
0.177330396649
0.191816866159
0.20128836985
0.18727969339
0.176773393901
0.184192323385
0.194314596108
0.198053243324
0.193304836277
0.183730247762
0.176906797661
0.178409954344
0.184868986945
0.187383700513
0.183024721636
0.177413541433
0.176622791832
0.179776933498
0.18200982225
0.180752342195
0.177545766669
0.176128540958
0.177763799786
0.179355948797
0.178327559641
0.176357694127
0.176259122706
0.177502734179
0.177768825029
0.176678414845
0.175924932668
0.176502973244
0.177043984941
0.176472534983
0.17585317342
0.176157168662
0.176530904774
0.176191636473
0.175769488746
0.175976827099
0.176190055692
0.17588466944
0.175683668889
0.175886085199
0.175900144582
0.175649755798
0.175635463773
0.175756986383
0.175624496158
0.175513664557
0.175599286667
0.17554966567
0.175428123225
0.175471232011
0.175443436941
0.175340462101
0.175363686577
0.175325236419
0.175245609601
0.175258364088
0.175197883329
0.175148875057
0.175140547583
0.175067325203
0.175049527108
0.174996484313
0.174951723284
0.174914366238
0.174855049412
0.17481916502
0.174755391085
0.174713571114
0.174648834925
0.174597622882
0.174534614648
0.174470014528
0.174410117583
0.174333862111
0.174267085394
0.174193307756
0.174109507479
0.174029283555
0.173947918268
0.173858697953
0.173762813609
0.173663087653
0.173560282063
0.173455673779
0.173357716793
0.173322608736
0.173757931837
0.177533440951
0.199797263045
0.220020920942
0.201284096208
0.232871531612
0.19239666197
0.2154149295
0.257365496137
0.223598915129
0.17216971501
0.226803644182
0.241772308919
0.191641689822
0.173809722321
0.200773639011
0.22388624375
0.229910483868
0.217659049829
0.193814445412
0.174138448087
0.175499376176
0.193215790696
0.207439719625
0.209578258901
0.199213008676
0.18388164152
0.173297107177
0.172004180864
