0.911668522398
0.904280118409
0.890314349365
0.870901083893
0.847414385726
0.821381267575
0.794370998496
0.767870587845
0.743161385002
0.721217823311
0.702648476445
0.687690779476
0.676257000009
0.668016140548
0.662489758376
0.659141043733
0.65744368824
0.656925886276
0.657191715011
0.657928115085
0.658899473165
0.659936931453
0.660925088372
0.661789273307
0.662484768294
0.662988308736
0.663291688374
0.663397102943
0.663313839329
0.663046795517
0.662604743168
0.661999829496
0.661247348014
0.660365681633
0.659376324612
0.658303884361
0.657175952456
0.656022720627
0.654876209127
0.653768982493
0.65273226569
0.65179345736
0.650973177533
0.650282181274
0.6497186879
0.649266852417
0.648897145089
0.648569204757
0.648237236914
0.647857293781
0.647395001586
0.646831803459
0.646167868388
0.645420598789
0.644618964232
0.643795226308
0.642976450075
0.642178176433
0.641401803518
0.640635987668
0.639861229979
0.639056113022
0.638203469416
0.637294965124
0.636332987707
0.635329265426
0.634300361476
0.63326116326
0.632218582584
0.631168341794
0.630097073824
0.628989521463
0.627837267645
0.626643581312
0.625420854525
0.624182182487
0.622933108036
0.621669545286
0.620383218053
0.61907024534
0.617736023673
0.616392204272
0.61504804649
0.613704241431
0.612356227672
0.611004293339
0.609658736497
0.608333181452
0.607034423427
0.605762106184
0.604517646951
0.603308259004
0.602139243138
0.601006950322
0.599905042497
0.598833111562
0.59779139049
0.596772757851
0.595768922148
0.594777574999
0.593795647594
0.592815645742
0.591834014023
0.590849757138
0.589856919672
0.588850698988
0.587829482034
0.586788799305
0.585727613129
0.584648994624
0.583555125338
0.582452778296
0.581348191393
0.580246116951
0.579151214927
0.578063388368
0.576982550117
0.575905209857
0.574829029153
0.573750122815
0.572665713889
0.571571496537
0.570464097061
0.569339157632
0.568194008166
0.567027019055
0.565837456491
0.564625103551
0.563388103047
0.562122785743
0.560824813028
0.559490011362
0.558114961192
0.556696748383
0.555232711912
0.553720804612
0.552162395672
0.550586512061
0.549279214791
0.551465649531
0.580632482629
0.64956044607
0.702058231549
0.714845504389
0.710487120948
0.690110096562
0.645705196526
0.593498013005
0.660560955394
0.671912691402
0.570569713637
0.603375002572
0.639450350039
0.655011106728
0.650704851576
0.624509110258
0.579365392152
0.581029628647
0.632304658367
0.572392517927
0.543946606722
0.564871431109
0.57192244998
0.557109488101
0.535103022944
0.548317791853
0.563186770807
0.537355931303
0.539860821288
0.549945356643
0.546964744379
0.533871330457
0.531947628332
0.541374795438
0.528831379392
0.527967991236
0.533028887622
0.527216036415
0.524197965202
0.529590546429
0.521824038917
0.524810085836
0.523710682791
0.519539514198
0.523010608553
0.51831537996
0.520016460348
0.518894794017
0.517138838693
0.518123048467
0.515313012528
0.516109436559
0.513684708463
0.514584208424
0.512488238749
0.513108972993
0.511346841108
0.511632605455
0.509672951039
0.5096163299
0.50816472372
0.507865087199
0.507015374968
0.505760706231
0.505438064535
0.504262141006
0.502860025796
0.502356457471
0.502016789449
0.500707959095
0.499746917567
0.498591110661
0.498832436076
0.49948863789
0.5095418725
0.502533157523
0.520963352675
0.494380794979
0.489251464501
0.487276539165
0.488685927186
0.515206043093
0.483374857308
0.499662268195
0.566502794301
0.590106839094
0.549674101944
0.496556640107
0.606700271088
0.495761996017
0.522244006257
0.559388236672
0.573346246705
0.561749536221
0.523661369356
0.477637981634
0.516468953036
0.564459700026
0.507856430433
0.471790537726
0.489962260332
0.512063142896
0.523897682751
0.523310500481
0.511136653001
0.491006100643
0.472689537005
0.472721772283
0.491803546004
0.503648583722
0.490705146952
0.471639949922
0.467029350631
0.473648848664
0.480808834011
0.482580935375
0.478057812841
0.469820614168
0.463968740488
0.466235027609
0.472248903388
0.471008431408
0.46422154194
0.462109393807
0.464975337396
0.46694024828
0.465189277335
0.461636784814
0.460799806053
0.463132337753
0.463110751854
0.460353292077
0.459902113983
0.461195075541
0.460904165789
0.459142803673
0.458833178525
0.459702170798
0.45880585174
0.457816223845
0.458248520261
0.458072008357
0.457020309305
0.456932955756
0.456935251757
0.456053988589
0.45588568189
0.45575661534
0.455018285667
0.454847934944
0.454481443061
0.453880717403
0.453705604156
0.453082510285
0.452742972473
0.452248463239
0.451737944955
0.451292733163
0.450688713878
0.450218008389
0.449582213046
0.449027146437
0.448381073551
0.447712637357
0.447074580023
0.446292456391
0.445589040201
0.444798981406
0.443919390559
0.443074234991
0.442195433797
0.441218881509
0.440181771687
0.439096440929
0.437971880741
0.436825675126
0.435825099109
0.436023879352
0.44543294884
0.471447210424
0.508940167022
0.547642432243
0.516867695997
0.450466360751
0.525421628225
0.49848553018
0.449878354073
0.495990925066
0.520007275805
0.516787933967
0.485332741013
0.439295479866
0.444396420477
0.492459282568
0.463831133255
0.425411975086
0.439187328633
0.458622902418
0.465253378645
0.456553750828
0.437194903443
0.421581824156
0.428708402259
0.444645594126
0.433951089169
0.41806059556
0.421658847279
0.429987948909
0.429382361102
0.419990267783
0.414657364243
0.422178179479
0.422316346516
0.413852574096
0.415159959424
0.419090143009
0.416596638795
0.411974559763
0.414190931649
0.415741475647
0.411483019551
0.411661511533
0.413447922857
0.4114487965
0.40964354104
0.411366427199
0.410246771677
0.408727468877
0.409774153912
0.408914488003
0.407677993704
0.408484385601
0.407391031786
0.406952269194
0.407164037504
0.40602129574
0.406050318534
0.405572483698
0.404897036676
0.404900861174
0.404026814684
0.403943810926
0.40322113447
0.402920671004
0.402359065326
0.401927264177
0.401351738425
0.400906062614
0.400237133867
0.399820600671
0.39906282098
0.398558332279
0.397884982405
0.397137046911
0.396528432193
0.39579423706
0.394959142368
0.394146206392
0.393360992796
0.392582495182
