0.927225167646
0.927221137384
0.927213279168
0.92720176579
0.927186742978
0.927168331597
0.927146629618
0.927121713876
0.927093641639
0.927062452001
0.927028167122
0.926990793321
0.926950322038
0.926906730688
0.926859983394
0.926810031637
0.92675681481
0.926700260696
0.926640285874
0.926576796059
0.926509686388
0.926438841647
0.926364136455
0.926285435408
0.926202593178
0.926115454588
0.926023854651
0.92592761859
0.925826561828
0.925720489974
0.925609198781
0.925492474103
0.92537009184
0.925241817884
0.925107408064
0.924966608092
0.924819153517
0.9246647697
0.92450317179
0.924334064733
0.924157143296
0.923972092125
0.923778585841
0.923576289162
0.923364857082
0.923143935098
0.922913159485
0.922672157641
0.922420548498
0.922157943006
0.921883944701
0.921598150358
0.921300150744
0.920989531464
0.92066587393
0.920328756431
0.919977755333
0.919612446404
0.919232406274
0.918837214034
0.918426452967
0.917999712439
0.91755658992
0.917096693153
0.916619642474
0.916125073252
0.915612638463
0.915082011386
0.914532888389
0.9139649918
0.913378072834
0.912771914549
0.912146334784
0.911501189056
0.910836373348
0.910151826746
0.909447533851
0.908723526899
0.907979887504
0.907216747938
0.906434291846
0.905632754294
0.904812421026
0.903973626817
0.903116752791
0.902242222564
0.901350497087
0.900442068048
0.899517449687
0.898577168922
0.897621753637
0.896651719053
0.895667552077
0.894669693585
0.893658518595
0.892634314352
0.891597256362
0.89054738249
0.889484565277
0.888408482695
0.887318587646
0.886214076564
0.885093857582
0.883956518798
0.882800297279
0.881623049529
0.880422224258
0.879194838387
0.877937457359
0.876646180923
0.875316635723
0.873943976148
0.872522895068
0.871047646247
0.869512080382
0.867909696906
0.866233713759
0.864477157421
0.862632975343
0.860694172583
0.858653973704
0.856506009716
0.854244527808
0.851864618616
0.849362451667
0.846735504371
0.843982763827
0.841104874653
0.838104201695
0.83498477663
0.831752106118
0.828412840504
0.82497433947
0.821444223291
0.817830055916
0.814139347466
0.81038005586
0.806561675901
0.802696814959
0.798802901526
0.794903454502
0.791028297645
0.787212343994
0.783493077656
0.779907419901
0.776488962179
0.773266334589
0.770262787847
0.767496274866
0.764978970527
0.762715635722
0.760701362567
0.758920262915
0.757346598768
0.755948372982
0.754691503848
0.75354220025
0.752466859004
0.7514313065
0.75040196621
0.749349580604
0.74825327954
0.747101980325
0.745892391343
0.744626115294
0.743308847814
0.741951388457
0.740569111507
0.739178416123
0.737793315981
0.73642530554
0.735084353599
0.733777366313
0.73250609383
0.731268648874
0.730062189032
0.728882388106
0.727723142111
0.726579685255
0.725449807749
0.724332017727
0.723226122032
0.722133337913
0.721053177117
0.719983421744
0.718921073035
0.717861622209
0.71680145994
0.715738306594
0.714670204743
0.713595462761
0.712509972093
0.711407920427
0.710282580146
0.709129156066
0.707946543074
0.706736876753
0.70550281764
0.704244227049
0.702956911156
0.701635260129
0.700275703914
0.698878677754
0.697445955749
0.695976560359
0.694465364914
0.692905877887
0.691293535058
0.689625290086
0.687896838081
0.686101094614
0.684230754192
0.682278997725
0.680243245559
0.67815597024
0.676476434026
0.680941987185
0.744945075011
0.875665501656
0.965729139651
0.99020252405
0.996631721131
0.994988636519
0.987147639081
0.973978987544
0.959274183778
0.947023478321
0.936162647952
0.927573715822
0.919442872361
0.909887377329
0.886328390747
0.842306160493
0.821228848854
0.80549681442
0.775160447914
0.759994432103
0.719919537809
0.738224895498
0.77125658408
0.747602997369
0.725665861679
0.746395651925
0.703613677591
0.710330552749
0.713120007334
0.710161895685
0.679251492231
0.656849076052
0.703189467142
0.719721494939
0.710099476144
0.771655267972
0.661316029146
0.676422099018
0.627735877312
0.682996801483
0.648644566779
0.666709647281
0.676456491189
0.646309273647
0.645954297361
0.627223434964
0.626990761713
0.622858905154
0.638494792431
0.617365863549
0.622028218269
0.610878742056
0.603849051206
0.607063791609
0.600549360569
0.605651222899
0.600842219007
0.59314073276
0.600615428098
0.608038359042
0.586444395879
0.595158637642
0.621832029586
0.597826159996
0.629575537848
0.586310687662
0.605553262412
0.604545406379
0.5754166138
0.597196644831
0.587343844988
0.589165200331
0.577581568168
0.564732498757
0.578602247168
0.55943157552
0.583230524777
0.554801807234
0.569983295615
0.554215908877
0.56661784694
0.548125083044
0.557686646117
0.54491296056
0.554667497511
0.546248580343
0.545010345508
0.547693170204
0.537684822171
0.539960815769
0.536979416808
0.532277310348
0.533050534704
0.53112630392
0.527618852499
0.525359878228
0.524829407671
0.525476509592
0.524145417742
0.526357685555
0.525152789699
0.539046006411
0.536634380622
0.588889579543
0.532894271557
0.694098424471
0.548853398049
0.620325908998
0.567151144577
0.52475831453
0.587476602558
0.499908047628
0.539624475689
0.568005760972
0.546527165348
0.501046489946
0.520193657039
0.544621939646
0.509474412041
0.489558619887
0.5061411446
0.51478229892
0.502273989938
0.48687935279
0.493359663966
0.504082835451
0.492223719353
0.482940860107
0.489246064041
0.491156405398
0.482387053595
0.479157479025
0.486201652201
0.481966965734
0.477152348647
0.481153586581
0.47932733339
0.474452781847
0.477339844013
0.476257192132
0.473097387618
0.47520390824
0.473328957974
0.47116779943
0.472582797109
0.46993521883
0.470083889525
0.469801579097
0.467782101271
0.468374797342
0.466340087539
0.466350551338
0.465327931369
0.464395870577
0.463880648942
0.462584765519
0.462117570632
0.460851455294
0.460229057101
0.459121772231
0.458056736766
0.457266666242
0.455840847799
0.455001383825
0.453760663666
0.452342967415
0.45125367371
0.450052138723
0.448599459091
0.447028895925
0.445454820773
0.443840618388
0.442178716469
0.440458125453
0.438650579559
0.436773651751
0.434932396831
0.434282762409
0.451272946027
0.637185426153
0.538840837571
0.880140438495
0.555398572797
0.712139083434
0.73844318249
0.688924995551
0.644685315767
0.656555523867
0.630973530348
0.531367927981
0.505659529861
0.511860035972
0.559864118641
0.548844474379
0.553900808904
0.553287599014
0.513552456843
0.516745759344
0.474597126455
0.47226688079
0.454603058304
0.46757673981
0.449562429099
0.454535900884
0.429194257976
0.440300433185
0.442662949088
0.421461017084
0.459275061224
0.420128333817
0.437244938082
0.418977982249
0.423920218286
0.418613176241
0.408855064428
0.410857148612
0.400397937036
0.410930869103
0.400663287549
0.403166764765
0.391987705566
0.395400734802
0.390863078606
0.39227597238
0.390151667331
0.385298408744
0.386257281078
0.381731887422
0.385390041235
0.382200174399
0.37835945287
0.38114683293
0.378811943598
