0.765726721474
0.7656291812
0.765439014787
0.765160437923
0.764797025786
0.764351765355
0.76382710257
0.763224984777
0.762546898893
0.761793905656
0.760966670346
0.760065490294
0.759090319486
0.758040790574
0.756916234527
0.755715698189
0.754437959972
0.753081543886
0.751644732113
0.75012557631
0.748521907811
0.746831346905
0.745051311333
0.743179024167
0.741211521215
0.739145658081
0.736978117046
0.734705413874
0.732323904707
0.729829793168
0.727219137819
0.724487860101
0.721631752918
0.718646489979
0.715527636075
0.712270658416
0.708870939202
0.705323789567
0.701624465072
0.697768182895
0.693750140894
0.689565538692
0.685209600965
0.680677603069
0.675964899181
0.671066953079
0.665979371695
0.660697941561
0.655218668226
0.649537818715
0.643651967044
0.637558042781
0.631253382593
0.624735784634
0.618003565591
0.611055620112
0.603891482245
0.596511388439
0.588916341523
0.581108174979
0.573089616706
0.564864351321
0.556437079927
0.547813576153
0.539000737124
0.530006627933
0.520840518063
0.511512908163
0.502035545531
0.492421426644
0.482684785165
0.472841063921
0.462906869546
0.452899908706
0.442838905153
0.432743497204
0.422634115727
0.412531843194
0.40245825494
0.392435244338
0.382484834191
0.372628977246
0.36288934922
0.353287138235
0.343842834876
0.334576027329
0.325505206129
0.316647582951
0.308018927606
0.299633427008
0.291503569242
0.283640055194
0.27605173935
0.268745600521
0.261726742339
0.254998422498
0.248562108919
0.242417560287
0.236562927873
0.230994875089
0.225708710979
0.220698533767
0.21595738058
0.211477379712
0.207249902029
0.203265708558
0.199515091699
0.195988007995
0.192674200884
0.189563312309
0.186644982506
0.183908937697
0.181345065722
0.178943479969
0.176694572149
0.174589054661
0.17261799339
0.170772831866
0.169045407736
0.167427962509
0.165913145497
0.164494012839
0.163164022438
0.161917025544
0.160747255689
0.159649315561
0.158618162346
0.157649092003
0.156737722861
0.155879978855
0.155072072684
0.154310489096
0.153591968499
0.152913491
0.152272261009
0.151665692457
0.151091394682
0.150547159026
0.150030946134
0.14954087397
0.149075206526
0.148632343213
0.148210808903
0.147809244587
0.147426398616
0.147061118493
0.14671234317
0.146379095815
0.146060477015
0.145755658371
0.14546387646
0.145184427127
0.14491666008
0.144659973754
0.144413810439
0.144177651636
0.143951013625
0.143733443245
0.143524513868
0.143323821553
0.143130981389
0.142945624014
0.142767392317
0.142595938309
0.142430920182
0.142271999537
0.142118838793
0.141971098758
0.141828436374
0.141690502614
0.141556940523
0.141427383389
0.141301453025
0.141178758138
0.141058892777
0.140941434812
0.140825944443
0.140711962716
0.140599010013
0.140486584541
0.140374160794
0.140261188041
0.140147088875
0.140031257917
0.139913060815
0.139791833729
0.1396668836
0.139537489571
0.139402906113
0.139262368512
0.139115101592
0.138960332709
0.138797310212
0.138625328587
0.138443761287
0.138252101603
0.138050010452
0.137837367332
0.137614316356
0.137381293083
0.137139010166
0.136888372905
0.136630294465
0.136365393562
0.136093595164
0.135813722307
0.135523249158
0.135218431544
0.134894962507
0.134549066714
0.134178621235
0.133783700257
0.133366128239
0.132928176634
0.132471098058
0.131994337906
0.131495890896
0.130973639539
0.130426967371
0.129857688746
0.12926951458
0.128666052882
0.128048633727
0.127416040724
0.126766923795
0.126102585539
0.125426739971
0.124742266193
0.124048873218
0.123344463338
0.122628328286
0.12190210842
0.12116737203
0.120423586524
0.11967039292
0.118911263162
0.118152447934
0.117399283564
0.116656410919
0.115929594368
0.115223359131
0.114538884571
0.113876939075
0.113238368582
0.112620723668
0.112019398885
0.111429974939
0.110846902201
0.110264125343
0.109676319968
0.109076547896
0.108455621924
0.107802084214
0.107098989656
0.10632207662
0.105438134674
0.104403942553
0.10317379002
0.10171782883
0.100059173433
0.0983015793705
0.0965767666133
0.0949300369331
0.093267895383
0.091428537273
0.0893094443551
0.0870043724764
0.0848365951645
0.0830840924685
0.0816212005155
0.0802100961012
0.0790721159015
0.079147245239
0.0835833000943
0.0759917667561
0.0809225310155
0.0752097280663
0.0785627678618
0.0754355328074
0.0738006139899
0.0759319517182
0.0741157683643
0.0731917633699
0.0741376547342
0.0739037002672
0.072812075202
0.0727937749525
0.0732483296612
0.0728588203689
0.0723983527473
0.0724567799901
0.0726681107503
0.0725411548286
0.0722726984095
0.0722158546972
0.0723183221138
0.072334849757
0.0722041913365
0.0721007225878
0.0721024685346
0.0721452789626
0.0721352599618
0.0720689914565
0.0720192999853
0.0720190408501
0.0720388386059
0.0720336664749
0.0720001967002
0.0719735176708
0.0719718264611
0.0719797073173
0.0719741328164
0.0719547185901
0.0719399492394
0.0719384613674
0.0719404949937
0.0719345041164
0.0719226113569
0.071915007671
0.0719142369724
0.0719132738309
0.0719071002972
0.0718997569632
0.071896429087
0.0718952923561
0.0718916127857
0.0718858687149
0.0718819811746
0.0718800616571
0.0718769543193
0.0718723852035
0.0718689116241
0.0718666730849
0.07186358288
0.0718597307506
0.07185676966
0.0718543038267
0.0718510911139
0.07184777659
0.0718451476243
0.0718424220195
0.0718392784133
0.0718364742206
0.0718339213611
0.0718310709515
0.0718282802442
0.0718257775392
0.0718231482215
0.0718204730587
0.0718180234473
0.0718155558306
0.0718130404694
0.0718106925897
0.071808373383
0.0718060319144
0.0718038192934
0.0718016488261
0.0717994833506
0.0717974240771
0.0717954085544
0.0717934207564
0.0717915254225
0.0717896738855
0.0717878669352
0.0717861408201
0.0717844578177
0.0717828290069
0.071781270259
0.071779755685
0.0717782998933
0.071776904899
0.0717755557129
0.0717742649633
0.0717730272811
0.0717718363609
0.071770700016
0.0717696107247
0.0717685676209
0.0717675736021
0.0717666222911
0.0717657149343
0.071764850795
0.0717640256785
0.071763240769
0.0717624936501
0.0717617820861
0.0717611063005
0.0717604635962
0.0717598528672
0.0717592733946
0.0717587229169
0.071758200725
0.0717577055463
0.0717572357087
0.0717567905181
0.071756368574
0.0717559686738
0.0717555900154
0.0717552313071
0.0717548916308
