1.12536489765
1.12534446243
1.1253046193
1.12524624722
1.12517008914
1.12507676311
1.12496677214
1.1248405132
1.12469828513
1.12454029575
1.12436666823
1.12417744671
1.12397260128
1.12375203243
1.12351557492
1.12326300121
1.12299402451
1.12270830134
1.12240543389
1.12208497192
1.12174641453
1.12138921164
1.12101276521
1.12061643037
1.1201995163
1.11976128709
1.11930096242
1.11881771814
1.11831068687
1.11777895852
1.11722158078
1.11663755966
1.11602586002
1.11538540621
1.11471508275
1.11401373511
1.11328017066
1.11251315973
1.1117114369
1.11087370246
1.10999862413
1.10908483906
1.10813095615
1.10713555864
1.10609720717
1.10501444315
1.10388579265
1.10270977073
1.10148488631
1.10020964753
1.09888256783
1.09750217252
1.09606700606
1.0945756401
1.09302668209
1.09141878478
1.08975065642
1.0880210717
1.08622888353
1.08437303555
1.08245257545
1.08046666893
1.07841461445
1.07629585851
1.07411001152
1.07185686412
1.06953640379
1.06714883165
1.06469457923
1.06217432506
1.05958901081
1.05693985669
1.0542283759
1.05145638771
1.04862602888
1.04573976304
1.04280038756
1.03981103763
1.03677518697
1.03369664479
1.03057954868
1.02742835281
1.02424781126
1.02104295598
1.01781906925
1.01458165016
1.01133637536
1.00808905362
1.0048455746
1.00161185187
0.998393760475
0.995197069715
0.992027371538
0.98889000548
0.985789981007
0.982731898366
0.979719869126
0.976757437754
0.973847505655
0.970992259185
0.968193103217
0.96545060187
0.962764428017
0.960133323184
0.957555069393
0.955026474443
0.952543372054
0.950100638157
0.94769222453
0.945311210795
0.942949875672
0.94059978815
0.938251919057
0.935896773184
0.933524541808
0.931125274944
0.928689072081
0.926206289336
0.923667759886
0.921065023262
0.918390557394
0.915638005407
0.912802386993
0.90988028195
0.906869971402
0.9037715207
0.900586787549
0.897319340129
0.893974273503
0.890557919114
0.887077451805
0.883540411577
0.879954172265
0.876325404721
0.872659595413
0.868960689116
0.865230923073
0.861470906521
0.857679972351
0.853856787855
0.850000163886
0.846109954512
0.842187904197
0.838238289074
0.834268223113
0.830287561911
0.826308428604
0.822344487501
0.818410170553
0.814520085891
0.810688781698
0.806930900531
0.803261570761
0.799696709857
0.796252847188
0.792946187779
0.789790946331
0.786797386256
0.783970290409
0.781308528621
0.778805881665
0.776452559124
0.774236417432
0.772143180619
0.770155894131
0.768254676576
0.766417766187
0.764623797562
0.762854067251
0.76109339535
0.759329349412
0.757551031809
0.755748837887
0.753915223148
0.752045089977
0.750134771568
0.74818046885
0.746177898074
0.744123378356
0.742014631368
0.739850165373
0.73762856456
0.735349267511
0.733013660035
0.730624414265
0.728184129598
0.725695455137
0.723161332485
0.720583622345
0.717962567081
0.715298025974
0.712589373091
0.70983510783
0.707034212779
0.704186002139
0.701289430793
0.698343629371
0.695346641044
0.692295350779
0.689186295984
0.686015889262
0.682782050294
0.679483782561
0.676121087907
0.672693280019
0.669198131611
0.665631183257
0.661986674539
0.658258301446
0.654440255114
0.65052700877
0.646513307549
0.642393918684
0.638163048172
0.633813439155
0.629335242917
0.624716501867
0.619945391713
0.615012177887
0.609909966186
0.60463359647
0.59918101792
0.593556902846
0.587827416009
0.582673319603
0.5867708807
0.685859488835
0.866376805751
0.965128471945
0.91787380592
0.835100947981
0.791677713866
0.812958403579
0.868992729241
0.896890891171
0.866709993085
0.796989926591
0.754350490575
0.752376991414
0.754281385001
0.731231150774
0.669724046276
0.629343923389
0.695559546446
0.589147392782
0.605642864816
0.626793552321
0.554616044646
0.618571138122
0.61166399153
0.561483685112
0.60080270674
0.615089528159
0.590060971914
0.556593782694
0.559791683295
0.576702067303
0.547517692228
0.527313704451
0.541709733577
0.540005322456
0.518265073787
0.526880914752
0.522870702207
0.503248222212
0.512650942914
0.507543104443
0.500758583034
0.508120502031
0.494746431012
0.492275472863
0.489612519699
0.483043716273
0.487847648244
0.479731284497
0.481600557042
0.474037511897
0.476118348208
0.46990873639
0.470312108293
0.464611123441
0.46531442926
0.460241653546
0.460223935209
0.45601406676
0.454292693785
0.452577372812
0.44835691529
0.44737996017
0.445835606585
0.441733681065
0.438441299916
0.436707156428
0.435222763962
0.434968390296
0.437031596006
0.456773311608
0.419955392321
0.448224963741
0.421329510161
0.428390713052
0.416469251153
0.408755990225
0.418067248937
0.39915606518
0.413567173051
0.406969596165
0.392855132661
0.411948716482
0.386092483941
0.398543850985
0.381483348959
0.389434782205
0.382910410139
0.377288888209
0.384191908439
0.370761280924
0.37101950955
0.372248798963
0.362885254562
0.362281389141
0.363947913172
0.358662702435
0.352835263204
0.353638900438
0.356050119567
0.350190588849
0.344982747422
0.341134229794
0.338688293329
