1.3440296487
1.34392226749
1.34371289404
1.34340612974
1.34300585392
1.34251528263
1.34193702119
1.34127311113
1.3405250721
1.33969393912
1.33878029558
1.33778430255
1.33670572456
1.33554395234
1.33429802263
1.33296663562
1.3315481699
1.33004069553
1.32844198509
1.32674952322
1.32496051461
1.32307189065
1.32108031505
1.31898218835
1.31677365168
1.31445058973
1.31200863326
1.30944316112
1.30674930197
1.30392193595
1.30095569626
1.297844971
1.29458390523
1.2911664036
1.28758613364
1.28383652989
1.27991079916
1.27580192709
1.27150268623
1.26700564601
1.26230318475
1.25738750423
1.2522506469
1.24688451635
1.24128090125
1.23543150334
1.22932796978
1.22296193044
1.21632504069
1.20940902998
1.20220575708
1.19470727226
1.18690588714
1.17879425261
1.17036544541
1.16161306385
1.15253133285
1.14311521888
1.13336055453
1.12326417303
1.1128240521
1.10203946675
1.09091114993
1.07944145989
1.06763455225
1.05549655449
1.04303574
1.03026269806
1.01719049552
1.00383482526
0.990214135878
0.976349736456
0.962265869718
0.947989746656
0.933551535541
0.918984298488
0.904323869242
0.889608666868
0.874879441374
0.860178949198
0.845551558776
0.831042789084
0.816698787054
0.802565752877
0.788689325311
0.775113941968
0.761882192002
0.749034180297
0.736606923186
0.724633795572
0.713144048121
0.702162410983
0.69170879723
0.681798115245
0.672440194762
0.663639826518
0.655396910778
0.64770670573
0.640560163079
0.63394433537
0.627842837744
0.622236345981
0.617103112885
0.612419486072
0.608160411976
0.604299913193
0.60081152886
0.597668710544
0.594845168749
0.592315167711
0.590053768282
0.588037020567
0.586242109397
0.58464745674
0.583232785823
0.581979152055
0.580868945911
0.579885872783
0.57901491446
0.578242276525
0.577555325423
0.576942518483
0.576393329666
0.575898173304
0.575448327706
0.575035860065
0.574653553788
0.574294839071
0.573953727312
0.573624749735
0.573302900481
0.572983584281
0.572662568755
0.572335941323
0.572000070663
0.571651572674
0.571287280833
0.570904220893
0.570499589831
0.570070738955
0.569615161071
0.569130481529
0.568614452921
0.568064953036
0.567479985499
0.566857682221
0.566196306457
0.565494254788
0.564750055867
0.563962363246
0.563129939192
0.56225162628
0.561326303912
0.560352828157
0.559329955747
0.55825625695
0.557130027577
0.555949216936
0.554711395092
0.553413787014
0.552053400133
0.550627262287
0.549132767194
0.547568096047
0.545932653322
0.544227434112
0.542455243087
0.54062072002
0.538730190111
0.536791428102
0.534813470087
0.532806592947
0.530782494704
0.528754571076
0.526738054809
0.524749751683
0.522807242424
0.52092771331
0.519126874352
0.517418450135
0.515814307047
0.514324629435
0.512957300916
0.511716243631
0.510599517579
0.509598418536
0.508698082122
0.507878937572
0.507118030971
0.506390071163
0.505668935879
0.504930053671
0.504152876624
0.503322320063
0.502429220848
0.501470774359
0.500450944956
0.499379493619
0.498269103419
0.497132214748
0.495978974681
0.494815443578
0.493641635718
0.492451414719
0.491234789614
0.489980364145
0.488677638351
0.487319730271
0.48590417938
0.484431774174
0.482905340004
0.481327209339
0.479696989758
0.478011062546
0.476262132974
0.474440933812
0.472538323048
0.47054742432
0.468464720738
0.466288789524
0.464017895821
0.461647012017
0.459166433419
0.456562542766
0.453821067185
0.450930842394
0.447884857475
0.444678816242
0.441308592273
0.437768648537
0.434053716095
0.430162281289
0.426098540174
0.421871085711
0.417489344462
0.41297541151
0.40852054038
0.406585418223
0.439796056994
0.394377448723
0.416518801125
0.459217221455
0.498511784973
0.486240182648
0.420028466183
0.406573217638
0.408126745031
0.399514337272
0.430918054598
0.410881683334
0.360776538472
