2.05179350833
2.05172801854
2.05160030256
2.05141312313
2.05116878391
2.05086916654
2.05051576321
2.05010970548
2.04965178943
2.04914249764
2.0485820183
2.04797026154
2.04730687347
2.04659124789
2.04582253601
2.04499965421
2.04412129009
2.04318590688
2.04219174626
2.04113682973
2.04001895862
2.03883571278
2.03758444788
2.03626229159
2.03486613848
2.03339264368
2.03183821538
2.03019900609
2.02847090273
2.02664951542
2.024730165
2.02270786935
2.02057732823
2.01833290681
2.01596861769
2.01347810151
2.01085460581
2.00809096241
2.0051795629
2.00211233239
1.99888070136
1.99547557543
1.99188730313
1.98810564146
1.98411971924
1.97991799804
1.9754882309
1.97081741855
1.96589176326
1.96069662035
1.95521644746
1.9494347517
1.94333403502
1.93689573811
1.9301001833
1.92292651732
1.91535265467
1.90735522285
1.89890951109
1.88998942437
1.88056744531
1.87061460706
1.86010048092
1.84899318341
1.83725940867
1.82486449308
1.81177252038
1.79794647751
1.78334847266
1.76794002926
1.7516824714
1.73453741826
1.71646740645
1.69743666063
1.67741203257
1.6563641281
1.63426863738
1.6111078783
1.58687255237
1.56156369776
1.53519480372
1.50779402434
1.47940639724
1.45009593675
1.41994743344
1.389067758
1.35758644527
1.32565533074
1.29344703762
1.26115217391
1.22897519825
1.19712904558
1.16582875454
1.13528448462
1.10569442409
1.07723814384
1.05007092871
1.02431951688
1.00007951457
0.977414558149
0.956357106479
0.936910593751
0.919052580382
0.902738510109
0.887905708333
0.874477321909
0.862365984219
0.851477073842
0.841711508191
0.832968069116
0.825145294335
0.818142989169
0.811863420998
0.806212258424
0.801099311701
0.796439123248
0.792151448682
0.788161660553
0.784401099322
0.780807388862
0.777324726716
0.773904152284
0.770503788631
0.767089045768
0.763632765085
0.760115276557
0.756524333181
0.752854882025
0.749108629791
0.745293364697
0.74142200756
0.737511384499
0.733580742421
0.729650065341
0.725738292101
0.721861578919
0.718031785812
0.714255384554
0.710532976947
0.706859567116
0.70322564659
0.699619031021
0.696027247337
0.692440134762
0.688852222818
0.685264415423
0.681684567319
0.678126700348
0.674608865486
0.671149978379
0.667766274299
0.664468245816
0.661258936569
0.658134193543
0.655084940469
0.652100860794
0.649174311384
0.646303093241
0.643491043123
0.640746219452
0.638077430894
0.635490554048
0.632986144666
0.630559189849
0.628200761934
0.6259003457
0.623647245843
0.621430015135
0.619234119725
0.617039453737
0.614819939676
0.612546643003
0.61019376289
0.607744746376
0.605195200192
0.60255095169
0.599822532048
0.597019382592
0.594146712312
0.591205682405
0.588195564397
0.585116365501
0.581971672654
0.578772015429
0.575537541015
0.572296810019
0.569079675083
0.565907594609
0.562789076263
0.559724066012
0.556711719962
0.553753798533
0.550853249694
0.548010960754
0.545221249704
0.542470350499
0.539744381772
0.537040967927
0.534371178838
0.531751413851
0.529194078765
0.526701504259
0.524267574872
0.521885148399
0.519545859515
0.517234672859
0.514932844314
0.512625573718
0.510307374284
0.507980238812
0.505643604942
0.503291159059
0.500913971147
0.498501424334
0.496041747812
0.493523951593
0.490943902794
0.488301164383
0.485591244914
0.482803725158
0.479929942859
0.476965454397
0.473908165921
0.470756951602
0.467508840364
0.464156085368
0.460692858743
0.45711983554
0.453435368494
0.449633153216
0.44570468862
0.441639146679
0.437425533407
0.433045952389
0.428487268022
0.423751008445
0.419110140974
0.418032961296
0.470998259145
0.507852167323
0.409879732527
0.438940057029
0.39239745459
0.430008621141
0.393774480754
0.400769015659
0.400631867051
0.375572426672
0.394429304904
0.368285344818
0.372033455573
0.374005100489
0.355589631662
0.36817606444
0.350184175992
0.355539763087
0.349536932309
0.345760463544
0.343524867493
0.338705190815
0.336012008738
0.333299153692
0.326587421555
0.328244687567
0.319323771072
0.321357619517
0.316215465538
0.310285186302
0.311674947994
0.307725569959
0.300230487355
0.298803288217
0.301211434805
0.300211987236
0.301207950215
0.295642617386
0.295502789499
0.30099193831
0.332472120623
0.271917399008
0.33015109859
0.265497702799
0.302240599242
0.266136180568
0.279955954667
0.291938331092
0.253459856966
0.256250840169
0.273817989541
0.264213135727
0.240662003786
0.242710177876
0.255405491044
0.249844914727
0.233010322405
0.231068807948
0.239372947445
0.237291682269
0.226300553064
0.224376950861
0.23001694597
0.22672760003
0.219459420293
0.221073801153
0.222937041384
0.217776361924
0.215372294136
0.217684124958
0.214859181388
0.211781841794
0.213166078183
0.211508192692
0.208544281441
0.209249343619
0.207597325134
0.205428932401
0.205657410974
0.203521839349
0.202313319935
0.201792659012
0.199554175371
0.199091832851
0.197264207559
0.19611307515
0.194694775618
0.193130595056
0.191792944724
0.190029940593
0.188544761769
0.186796203212
0.184977347364
0.183352257891
0.181218165148
0.179548293262
0.177493899289
0.17537046848
0.173501449188
0.171407657951
0.169120979468
0.166860715802
0.164666997065
0.162494964082
0.160458896537
0.159214081824
0.16171644667
0.180622680791
0.157895644197
0.149709676051
0.16439572417
0.143209706617
0.156055427665
0.139746826076
0.148354612046
0.143517218681
0.135143514612
0.142802650668
0.134093842177
0.130854399693
0.135470421341
0.128718311594
0.127703893957
0.129601257177
0.123832196648
0.12573335297
0.12415447321
0.121175620114
0.122985346503
0.119375633306
0.119964486212
0.118695592421
0.117143237633
0.117393875648
0.115104229517
0.115635376612
0.113543443831
0.113697700473
0.112112126625
0.11184624112
0.110533049011
0.110155395032
0.108826801893
0.108507385161
0.107102939022
0.106704698485
0.105527877451
0.104610635161
0.103969650265
0.102709974834
0.101740465702
0.100998492298
0.0999506552127
0.0987066805852
0.0975231281474
0.0964320073433
0.0954264118692
0.0946727413148
0.0951896897862
0.100654892397
0.0947028849132
0.0892518164428
