0.257985196698
0.257924758188
0.257806959748
0.257634477125
0.257409616256
0.257134343745
0.256810314904
0.256438899557
0.256021205731
0.255558101429
0.255050234644
0.254498051767
0.253901814557
0.253261615826
0.252577393975
0.251848946528
0.251075942805
0.250257935836
0.249394373662
0.248484610119
0.247527915224
0.246523485249
0.2454704526
0.244367895564
0.243214848036
0.242010309285
0.240753253833
0.239442641531
0.238077427867
0.236656574585
0.235179060642
0.233643893552
0.232050121148
0.230396843778
0.228683226949
0.226908514417
0.225072041707
0.22317325004
0.221211700625
0.219187089246
0.217099261085
0.214948225666
0.212734171828
0.210457482565
0.208118749602
0.205718787511
0.203258647177
0.2007396284
0.198163291383
0.19553146687
0.192846264659
0.190110080219
0.187325599128
0.184495799062
0.181623949066
0.178713605849
0.17576860688
0.172793060089
0.169791330019
0.166768020336
0.163727952654
0.160676141697
0.157617766926
0.154558140805
0.151502673993
0.148456837815
0.145426124475
0.142416005538
0.139431889274
0.136479077548
0.133562722939
0.130687786854
0.127858999351
0.125080821432
0.122357410474
0.119692589445
0.117089820468
0.114552183162
0.112082358142
0.109682615868
0.10735481094
0.105100381806
0.102920355696
0.100815358513
0.0987856292579
0.0968310385315
0.0949511105378
0.0931450479933
0.0914117593082
0.0897498873999
0.088157839515
0.0866338174629
0.0851758477123
0.0837818108579
0.0824494700277
0.0811764978748
0.0799605018666
0.0787990476553
0.0776896803843
0.0766299438424
0.0756173974396
0.0746496310216
0.0737242775861
0.0728390239915
0.0719916197804
0.0711798842513
0.0704017119313
0.0696550766028
0.0689380340417
0.0682487236216
0.0675853689325
0.0669462775536
0.066329840113
0.0657345287522
0.0651588951049
0.0646015678873
0.0640612501854
0.0635367165134
