1.37043636435
1.37037541266
1.37025656895
1.37008244658
1.36985524968
1.36957680651
1.36924859926
1.36887179073
1.36844724808
1.36797556406
1.36745707577
1.36689188132
1.36627985463
1.36562065831
1.36491375511
1.36415841785
1.3633537381
1.36249863372
1.36159185532
1.36063199182
1.35961747527
1.35854658483
1.3574174502
1.35622805455
1.35497623697
1.35365969452
1.35227598413
1.35082252421
1.34929659618
1.34769534606
1.34601578605
1.34425479635
1.34240912726
1.34047540165
1.33845011799
1.33632965396
1.33411027089
1.33178811915
1.32935924458
1.32681959625
1.32416503571
1.32139134792
1.31849425411
1.31546942684
1.31231250757
1.30901912697
1.30558492836
1.30200559456
1.29827687865
1.29439463889
1.29035487827
1.28615378915
1.28178780335
1.27725364815
1.27254840864
1.26766959675
1.2626152273
1.25738390138
1.25197489717
1.24638826826
1.24062494922
1.23468686823
1.2285770658
1.22229981886
1.21586076853
1.20926704973
1.2025274201
1.19565238497
1.1886543145
1.18154754832
1.17434848198
1.16707562913
1.15974965206
1.15239335304
1.14503161819
1.1376913057
1.13040107026
1.12319111671
1.116092877
1.10913860711
1.10236090331
1.09579214102
1.08946384389
1.08340599577
1.07764631336
1.07220950249
1.06711652544
1.06238391009
1.05802313385
1.05404011503
1.05043484222
1.04720116819
1.04432678771
1.04179341123
1.03957713666
1.03764901229
1.03597577437
1.03452073542
1.03324479229
1.03210751942
1.03106830992
1.03008752681
1.02912762773
1.02815422758
1.02713706544
1.02605084253
1.024875898
1.02359868816
1.02221203284
1.02071509221
1.01911303863
1.01741639586
1.01564003266
1.01380182409
1.01192103159
1.0100165021
1.00810484171
1.00619877138
1.00430590676
1.0024282036
1.00056225869
0.998700543451
0.996833478357
0.994952055039
0.99305052465
0.991128556544
0.989192290347
0.987253894533
0.985329594645
0.983436570856
0.981589516715
0.979797846639
0.978064423418
0.976386231037
0.974756753735
0.973169162391
0.971619019805
0.970105309862
0.96862923265
0.967191222356
0.965787629567
0.964408918442
0.963040645463
0.96166698488
0.96027491107
0.958856503747
0.957407952156
0.95592620187
0.954406096955
0.952840598952
0.951224088362
0.949555856236
0.947840368617
0.946083682781
0.944289246221
0.942457174997
0.940587326276
0.938681819241
0.936743155709
0.934770042914
0.93275669996
0.930696915896
0.928587275066
0.926425513169
0.924208327867
0.921934084456
0.919606552075
0.917233024031
0.914820639369
0.912377665786
0.909914740356
0.907440704946
0.904960867952
0.902480257771
0.900002645176
0.897528980075
0.895061452905
0.892603530675
0.890158394725
0.887731478988
0.885327651858
0.882950042021
0.88060097569
0.87827967568
0.87598497721
0.873714469155
0.871465909267
0.869236871785
0.867024204526
0.86482363392
0.862629596353
0.860435789686
0.858235972622
0.856023791067
0.853793207708
0.851537422399
0.849249457087
0.846922907394
0.844552225507
0.842132620138
0.839659274893
0.837126915185
0.83453056388
0.831866166364
0.829130127655
0.82631823544
0.823427766637
0.820470909179
0.817604392037
0.816497224379
0.836805027746
1.04185855798
0.829671703292
1.38194101402
0.817011261805
1.0584301757
1.02673882991
0.822245941107
1.05397105862
0.876495935911
0.890528223772
0.989337456488
0.904171260028
0.793677057525
0.937556898944
0.908412626779
0.784751995672
0.859189203347
0.923125130319
0.921853337385
0.863062166076
0.79860115865
0.807429600255
0.862142976198
0.879943442408
0.837055452658
0.785754898379
0.782747203619
0.811426756643
0.825999756106
0.810368616244
0.781738802546
0.77556186634
0.795131535814
0.800380499665
0.780572458735
0.768271580709
0.777161158359
0.78456272806
0.777042219085
0.766247172729
0.768816690241
0.775486927857
0.769880065782
0.761851622599
0.764406709094
0.767526637738
0.762769783456
0.758814271121
0.761956872163
0.761630407847
0.756659924313
0.757024889888
0.758180927891
0.754965220743
0.753742247286
0.755053909488
0.752715517179
0.751196950812
0.751796762271
0.749861779688
0.748828587903
0.749000917321
0.747036096384
0.746588401756
0.745784940315
0.744274813499
0.744068742941
0.742488150889
0.741943628313
0.740610093593
0.739737807085
0.73855667365
0.737563560229
0.736274514593
0.735253594938
0.733791054174
0.732768016921
0.731214084692
0.729908667025
0.728555728063
0.726870031866
0.725333755132
0.723825175933
0.722090651291
0.720198318531
0.718239905538
0.716235874261
0.714155057566
0.712030892499
0.710132529552
0.710670793625
0.728638246974
0.863427537822
0.70151077859
0.864245599527
0.775390935943
0.777924434084
0.792268202427
0.690330912071
0.756949892548
0.696909462393
0.752210723834
0.721506690151
0.707024990457
0.738243635258
0.688867276122
0.696928973799
0.715037523733
0.673041687603
0.699562015361
0.6910505987
0.67121467192
0.693851343402
0.667308416637
0.680732014658
0.674318838185
0.667096874212
0.674378765855
0.661302477159
0.670473027427
0.65803789473
0.666620367001
0.655705862066
0.661849084985
0.653600380464
0.658644609585
0.65080825481
0.654829230005
0.648344709076
0.651366873205
0.646638023323
0.64658699672
0.645716445683
0.64177899252
0.642674962321
0.64008487896
0.637482298745
0.637491709626
0.635652608616
0.632836712867
0.631125387215
0.630386132018
0.630237197092
0.631187594332
0.636306139056
0.642883375907
0.665021095838
0.665583303137
0.691480978492
0.651953060589
0.651661837986
0.662786865922
0.753071017622
0.615120539494
0.844017063967
0.606218507063
0.741498523915
0.660114747777
0.659851605838
0.659666787251
0.642098492552
0.660373229646
0.607439563361
0.641510187754
0.589029641873
0.627275950005
0.617681571601
0.584538407064
0.617256251201
0.611857785681
0.580378135602
0.600165801473
0.603290190245
0.578816272112
0.588354799795
0.593828323554
0.574838775416
0.58355111461
0.585302882152
0.572024623253
0.579414122669
0.57756802021
0.569760969513
0.576604228816
0.570407890127
0.569302462331
0.571582656764
0.565469133367
0.569085361825
0.564995496376
0.565150641817
0.564645396474
0.562063025245
0.563166246526
0.559792139491
0.561122683214
0.557976605119
0.558857213544
0.55617029975
0.556675219908
0.554239717532
0.554452639141
0.552224824802
0.552202908698
0.550248417866
0.549602577598
0.548431782291
0.546766539501
0.546142347574
0.544629255602
0.542954680181
0.541906289709
0.540791674995
0.539311385026
0.537622968992
0.536011959345
0.534685701457
0.534832135245
0.540204342224
0.568467751444
0.53372626079
0.529323784699
0.554396320963
0.520956449343
0.549777134055
0.51812414174
0.538565821133
0.517112022762
0.532333142133
0.512395925354
0.526284784126
0.509003718928
0.522763323652
0.505572162195
0.515388125577
0.504396645132
0.507145584237
0.506027885824
0.499218109004
0.505347851879
0.498321215571
0.495882120344
0.50010901658
0.494933608439
0.490170624921
0.492819143185
0.49404735015
0.487990166411
0.483936792168
0.48386053063
0.486623959044
0.492544008759
0.497022298267
0.505715771491
0.502892886845
0.517220541978
0.523527645526
0.555717006414
0.47071447369
0.580967393296
0.463780795625
0.545144244416
0.493019261903
0.495973817382
0.507216239284
0.467860110751
0.505440353642
0.464278660375
0.471022756039
