0.865914487811
0.8659127576
0.865909383717
0.865904439746
0.865897987402
0.865890077486
0.865880750741
0.86587003861
0.865857963906
0.8658445414
0.865829778342
0.865813674908
0.865796224596
0.865777414565
0.865757225917
0.865735633944
0.865712608326
0.865688113293
0.865662107752
0.865634545376
0.865605374671
0.865574539008
0.865541976628
0.865507620628
0.865471398915
0.865433234141
0.865393043621
0.865350739222
0.865306227237
0.865259408242
0.865210176926
0.865158421908
0.86510402554
0.865046863682
0.864986805466
0.864923713045
0.864857441312
0.864787837618
0.864714741457
0.864637984145
0.864557388469
0.864472768334
0.864383928373
0.864290663552
0.864192758751
0.864089988325
0.863982115651
0.863868892648
0.863750059284
0.863625343062
0.863494458483
0.863357106495
0.863212973922
0.863061732868
0.862903040111
0.862736536476
0.86256184619
0.862378576222
0.862186315615
0.861984634791
0.861773084864
0.86155119693
0.861318481361
0.861074427094
0.860818500924
0.860550146806
0.860268785167
0.859973812243
0.859664599441
0.859340492735
0.859000812117
0.858644851095
0.858271876273
0.85788112701
0.857471815186
0.857043125083
0.85659421342
0.856124209544
0.855632215815
0.855117308221
0.85457853723
0.854014928944
0.85342548657
0.852809192254
0.852165009322
0.851491884975
0.850788753475
0.850054539867
0.849288164297
0.848488546939
0.847654613596
0.846785301974
0.845879568665
0.84493639682
0.843954804498
0.842933853622
0.841872659466
0.840770400514
0.839626328519
0.838439778482
0.837210178228
0.835937057153
0.834620053632
0.833258920481
0.831853527778
0.830403862251
0.828910022416
0.827372208587
0.825790706958
0.824165867047
0.822498072029
0.820787701823
0.819035089312
0.817240470718
0.815403931981
0.81352535394
0.811604360165
0.809640272275
0.807632078503
0.805578421787
0.803477613745
0.801327680151
0.799126441931
0.796871632979
0.794561052348
0.792192743681
0.789765189639
0.787277504023
0.784729600357
0.782122313756
0.779457454105
0.776737773684
0.773966841756
0.771148831866
0.76828824328
0.765389593636
0.762457132297
0.759494629271
0.756505289915
0.753491829193
0.750456711981
0.747402531818
0.744332466892
0.741250728237
0.738162910544
0.735076176813
0.731999253889
0.728942276376
0.72591657154
0.722934501084
0.720009444895
0.717155921285
0.71438971164
0.711727748142
0.709187498432
0.706785686364
0.704536410354
0.702448974835
0.700525911773
0.698761649427
0.69714210154
0.695645224183
0.69424245706
0.692900960064
0.691586555558
0.690267136862
0.688916002966
0.687514355641
0.686052322637
0.684528363913
0.682947443514
0.68131854351
0.679651976737
0.67795689204
0.676239543245
0.674502944898
0.672748008291
0.670975415906
0.66918723242
0.667387793851
0.665583835523
0.663783551763
0.661994370195
0.660220485224
0.658462001516
0.656716254257
0.65498031879
0.65325367889
0.651539549801
0.649842874682
0.648166058576
0.646506373617
0.644856822779
0.643209865676
0.641561809904
0.639913405512
0.638265765762
0.636615624357
0.634953742979
0.633268484619
0.631550179985
0.629791070477
0.627982364892
0.626113564606
0.624176675893
0.62216922844
0.620091381026
0.617940403879
0.615710872697
0.613399190216
0.611004124551
0.608523400483
0.605953740304
0.603291988829
0.600531603061
0.597662113908
0.594674499862
0.591559907618
0.588305536462
0.584899893194
0.581334049676
0.577598899981
0.573686906763
0.569592693909
0.565343342236
0.561454636859
0.566209982069
0.685088952456
0.569794316207
0.543202689381
0.56334572645
0.673699978265
0.705353933909
0.782461677464
0.714672041895
0.67762354528
0.741838032489
0.776630031588
0.738362196507
0.647264029293
0.602684807663
0.646245342745
0.673563748358
0.661717536695
0.622895375384
0.591081966034
0.600241508671
0.6340608079
0.654077858595
0.635009267209
0.586533057647
0.548218083835
0.545480709085
0.55941444171
0.561744735337
0.546666516411
0.529178251663
0.527482831964
0.537494877455
0.537975485771
0.521782353695
0.504787752944
0.501644695352
0.503376737293
0.499369262117
0.497689049275
0.501851388932
0.495320993152
0.483325296782
0.481867574278
0.483792784588
0.482726061977
0.481526484383
0.479336287271
0.474086697037
0.472204489658
0.474298617083
0.473431536717
0.470091326661
0.467265470869
0.46601763735
0.466214021107
0.464489255405
0.461218150961
0.460039473922
0.459355410772
0.458046470733
0.455327803093
0.454308699013
0.453003524579
0.450991672461
0.448932070821
0.447981978434
0.445573932282
0.443734100734
0.442102139713
0.439675789471
0.437786784827
0.435753389709
0.433155117776
0.431113591455
0.428613666913
0.426285582306
0.423776107253
0.421472852297
0.420285254747
0.425961118977
0.458850146265
0.451293994317
0.408539445478
0.43780835375
0.416334170469
0.408199119155
0.428055689464
0.400294759987
0.416931929006
0.42043745275
0.384866856381
0.417305807389
0.397731567465
0.3826208805
0.402883586241
0.393948560071
0.374387824307
0.386052674245
0.386752832896
0.369646279985
0.376445665778
0.379539980271
0.366861980691
0.369347092829
0.372270880595
0.362888961205
0.365588494322
0.366372781038
0.359241291183
0.361891776006
0.360976614475
0.356273934874
0.358911346206
0.355525829208
0.35435625495
0.354852296636
0.351280047811
0.352449100376
0.349897740189
