1.3041620726
1.30414572861
1.30411385985
1.30406716479
1.30400623115
1.30393154493
1.30384349845
1.30374239743
1.30362846741
1.30350185934
1.30336265457
1.30321086923
1.30304645807
1.30286931781
1.30267929003
1.3024761637
1.30225967728
1.30202952054
1.30178533606
1.3015267204
1.30125322513
1.3009643575
1.30065958103
1.30033831582
1.29999993869
1.29964378329
1.29926913988
1.29887525515
1.29846133188
1.29802652845
1.2975699584
1.29709068979
1.29658774461
1.2960600981
1.29550667811
1.29492636439
1.29431798793
1.29368033036
1.29301212339
1.29231204831
1.29157873559
1.2908107647
1.29000666394
1.28916491062
1.28828393135
1.28736210269
1.28639775203
1.28538915894
1.28433455681
1.28323213508
1.28208004195
1.2808763877
1.27961924874
1.27830667238
1.27693668247
1.27550728604
1.27401648097
1.27246226483
1.27084264498
1.26915565017
1.26739934358
1.26557183755
1.26367131011
1.26169602343
1.25964434422
1.25751476631
1.25530593541
1.25301667612
1.25064602112
1.24819324265
1.24565788602
1.24303980497
1.24033919867
1.23755664973
1.23469316282
1.23175020291
1.22872973234
1.22563424521
1.22246679778
1.21923103291
1.21593119652
1.21257214351
1.20915933056
1.20569879285
1.20219710168
1.19866130009
1.19509881377
1.19151733524
1.1879246802
1.18432861631
1.18073666662
1.17715589231
1.1735926622
1.1700524199
1.16653946254
1.16305674867
1.15960575493
1.15618640284
1.15279707634
1.14943474799
1.146095226
1.14277352549
1.13946435579
1.13616270146
1.1328644596
1.12956708124
1.1262701525
1.12297584402
1.11968915775
1.1164179098
1.11317240926
1.10996482393
1.10680826444
1.10371566245
1.10069856122
1.09776596869
1.09492343653
1.09217251509
1.08951069175
1.08693184912
1.08442719087
1.08198649042
1.07959944322
1.07725686609
1.07495150542
1.07267829367
1.07043402425
1.06821656923
1.06602390368
1.06385327506
1.0617008287
1.05956185733
1.05743161335
1.05530637837
1.05318432412
1.05106571494
1.04895222956
1.04684556339
1.04474585347
1.0426506401
1.04055489118
1.0384520955
1.03633583307
1.03420093893
1.03204365699
1.02986093017
1.02764967562
1.02540693515
1.02313099662
1.02082253285
1.01848450332
1.01612050388
1.01373270401
1.01132098485
1.00888368345
1.00641866894
1.00392338108
1.00139424349
0.998827163403
0.99621952947
0.993571778304
0.990886860286
0.988168806977
0.985422533797
0.98265425353
0.979870505427
0.97707683303
0.974278537954
0.971482111075
0.968694759086
0.965923757363
0.963177060999
0.960462529593
0.957786361533
0.955153634708
0.952568434219
0.950032976644
0.947548330947
0.945114171461
0.942728594527
0.940389562423
0.938094810192
0.935842376326
0.933629928018
0.931453930189
0.929309948903
0.92719280785
0.925097311832
0.923017455739
0.920946312489
0.918876164148
0.916799693201
0.914710511596
0.91260281767
0.910471168589
0.908310213749
0.906114475343
0.903878022801
0.901594506412
0.899256873097
0.896856652302
0.894384314771
0.891829899621
0.889183408527
0.886435085446
0.883588853028
0.880770411035
0.87952741883
0.899788504108
1.1265491248
1.00858073574
0.888643733783
0.94921678287
0.902883364458
0.867953628709
0.933123902512
0.851332906389
0.906926810069
0.86101182471
0.887381564066
0.863752906173
0.861136643152
0.855652196065
0.859124774545
0.847068408871
0.853188198609
0.836961959005
0.85061752205
0.828090988113
0.845429574159
0.821107158055
0.836686516765
0.825401527811
0.816464539213
0.82795683226
0.813394144832
0.81210124465
0.820188821649
0.810196419445
0.800883268058
0.804146292817
0.80840347168
0.802372318676
0.794921905195
0.789950722593
0.78646064659
0.783795897815
0.781373007793
0.781210343173
0.797749077149
0.919911669979
0.831600541425
0.772804907746
0.817268319266
0.776427549728
0.773899921355
0.802872956138
0.762971199557
0.765243084693
0.782743610882
0.754502802143
0.747438270634
0.764878075737
0.766558392681
0.745603066786
0.733841980994
0.744196011948
0.767917224696
0.786744329129
0.784182836976
0.753182721162
0.736632367444
0.741320307373
0.777012797052
0.725135454332
0.723559905296
0.760862509015
0.707188278494
0.75741163912
0.705876380178
0.737911241982
0.738491035957
0.699088064648
0.735065402882
0.722236798766
0.690580149121
0.720089323552
0.724656697196
0.692019753626
0.694517966384
0.712025132775
0.693902849603
0.683858131221
0.698981816346
0.693065209886
0.679556660983
0.689196919319
0.687132885284
0.677059395545
0.684807849447
0.680816296533
0.67486339113
0.680802630189
0.67484051076
0.674389050097
0.67586239918
0.670418688698
0.673443425038
0.670117741474
0.669566703048
0.669322925247
0.666736938759
0.66771436194
0.664615792924
0.665493609305
0.66274120639
0.663302491423
0.660775585313
0.660990311191
0.658771725276
0.658720133199
0.6566251732
0.656210969157
0.654667679921
0.653308000444
0.652579477871
0.650736002316
0.649449253377
0.648503331122
0.646885184377
0.645028565549
0.64339119432
0.641939858189
0.640753248376
0.640567347253
0.645673806869
0.670980193883
0.763261268433
0.641874325653
0.678353283346
0.647647243453
0.647345504686
0.665509346205
0.622548537284
0.658366101675
0.622167449759
0.64822369945
0.637885909251
0.621703630723
0.641848209309
0.611659592912
0.633719412379
0.61265258262
0.622746398708
0.614492099638
0.614317956419
0.611878928966
0.610904946174
0.606717477397
0.60961725934
0.601609447578
0.608069520387
0.597596842493
0.604887398801
0.596427220898
0.597873665409
0.597365533952
0.591608865417
0.594833598008
0.591527842086
0.587860596276
0.589636124986
0.588089467837
0.584146567883
0.582580887148
0.583157474918
0.58360657323
0.581867466591
0.579725608611
0.578541809662
0.580860662971
0.591196712666
0.623500487556
0.572372069695
0.585024949705
0.609845560204
0.572091494885
0.611852681495
0.588144116061
0.583090309706
0.591630150006
0.564747105338
0.585786825745
0.557952899966
0.576895855007
0.553675970354
0.568395247174
0.552390548879
0.559317381744
0.55211528959
0.550140127172
0.554399327122
0.542984437882
0.552710264394
0.541768232426
0.543429640247
0.544829889163
0.536442666232
0.540859634966
0.537999063865
0.532711744914
0.535207391062
0.534590128922
0.529884445428
0.527500820135
0.528288134403
0.529595317359
0.528538625728
0.526994279402
0.526689580869
