0.433804679665
0.43380411236
0.433803006091
0.433801384924
0.433799269008
0.433796674886
0.433793615781
0.433790101846
0.433786140374
0.433781736002
0.433776890871
0.433771604775
0.433765875288
0.433759697871
0.433753065961
0.43374597105
0.433738402745
0.433730348814
0.433721795224
0.433712726165
0.433703124063
0.433692969586
0.433682241633
0.433670917323
0.43365897197
0.433646379051
0.433633110162
0.433619134973
0.43360442117
0.433588934389
0.433572638143
0.433555493743
0.433537460208
0.433518494166
0.43349854975
0.433477578483
0.433455529154
0.433432347682
0.43340797698
0.433382356791
0.433355423533
0.433327110118
0.433297345762
0.43326605579
0.433233161416
0.433198579514
0.433162222374
0.43312399744
0.433083807031
0.433041548039
0.432997111613
0.432950382817
0.432901240261
0.432849555716
0.432795193691
0.432738010985
0.432677856209
0.432614569267
0.432547980804
0.432477911611
0.432404171987
0.432326561046
0.432244865983
0.432158861271
0.432068307799
0.431972951945
0.431872524569
0.431766739925
0.431655294484
0.431537865658
0.431414110416
0.431283663776
0.431146137174
0.431001116681
0.430848161061
0.430686799658
0.430516530082
0.430336815679
0.430147082766
0.429946717592
0.429735063016
0.429511414837
0.429275017778
0.429025061045
0.428760673436
0.42848091794
0.428184785763
0.42787118971
0.427538956852
0.427186820387
0.426813410587
0.426417244725
0.425996715856
0.425550080296
0.425075443632
0.424570745092
0.424033740033
0.423461980336
0.42285279241
0.422203252515
0.421510159057
0.420770001462
0.419978925235
0.419132692701
0.418226638981
0.417255622632
0.416213970456
0.41509541593
0.413893030823
0.412599149638
0.411205286795
0.409702046796
0.408079028261
0.406324723587
0.404426417429
0.402370089193
0.40014032777
0.397720271016
0.395091588605
0.392234535433
0.389128114449
0.385750403493
0.382079121
0.378092530392
0.373770811111
0.369098051203
0.364065031858
0.358672958662
0.352938213118
0.346897998122
0.340616362427
0.334189442894
0.327747844761
0.321453031845
0.31548387181
0.310009964161
0.305151316856
0.300930363128
0.297231740026
0.293793922118
0.290256877977
0.286272501153
0.281648652459
0.27646045562
0.271056993315
0.265939879031
0.26156984041
0.258205824236
0.255854489862
0.254331846085
0.253379212195
0.252768058989
0.252356087981
0.252088176039
0.251955935876
0.251940974675
0.251972901176
0.25193948819
0.251714672957
0.25122666757
0.250493693717
0.249605392783
0.248662519149
0.247721606142
0.246785781794
0.245843030262
0.244913988495
0.244062824683
0.243354001063
0.242790293606
0.242300631506
0.241804244797
0.241279956426
0.240751093585
0.240214490046
0.239625300662
0.238961069913
0.238265339858
0.23759864451
0.236968461969
0.236351343416
0.235758937238
0.235214307923
0.234691803981
0.234152532887
0.233602829413
0.233057165532
0.232502231393
0.231948211713
0.231426221892
0.230931114992
0.230456262799
0.23000977735
0.229571211344
0.229133515393
0.22870575318
0.228279801939
0.227868913795
0.227472768742
0.227085699049
0.226707865371
0.226325963584
0.225944624402
0.225558451349
0.225175756099
0.224791558237
0.224407390673
0.224014319357
0.223613286372
0.223202917489
0.222786286172
0.22236547522
0.221936767632
0.221499505016
0.221054694721
0.220603585264
0.220147038134
0.219684211341
0.219214025925
0.218737195576
0.218254665368
0.217765293361
0.217267186749
0.216760946571
0.21625629863
0.215855679565
0.216946888199
0.236610209577
0.23123719749
0.257572017381
0.232632494779
0.314889369163
0.242019332071
0.280291330604
0.242894695391
0.232565706544
0.23791510279
0.232040241286
0.248701567967
0.219985119435
0.227331686402
0.227736823877
0.215754006817
0.231783484401
0.222227983497
0.209353506389
0.226524781983
0.220628594199
0.208840493139
0.218788101397
0.224884863915
0.218115369864
0.208664852568
0.213280347707
0.218847383138
0.210418123685
0.208686992405
0.213871937207
0.21296005045
0.207795036702
0.209588226353
0.212028984287
0.207774151363
0.208257949436
0.210435568218
0.208271019194
0.207022523088
0.209123764847
0.207531721235
0.206875258942
0.20818436971
0.206983487985
0.206655292172
0.20747806484
0.206250600074
0.2067169711
0.206684589667
0.205954500096
0.206557310057
0.205860403056
0.206036317147
0.205946869942
0.205565481314
0.205808180255
0.205314506874
0.205537883309
0.205147113091
0.20525462681
0.204968098072
0.204978474355
0.204774096384
0.204723626077
0.204523732672
0.204496043617
0.204259631683
0.204258281664
0.204012889999
0.203935220984
0.203814766893
0.203595193169
0.203497804558
0.203375188203
0.203171715691
0.202974590658
0.202823439062
0.202701151116
0.20261790508
0.202757777214
0.203358162478
0.206066220183
0.209915368751
0.228786473079
0.204713928258
0.259547707217
0.219437025356
0.240230602994
0.206559472823
0.233760945032
0.226028482952
0.207369369252
0.233256714607
0.229402541488
0.202992178003
0.21427146826
0.237218323351
0.217426116644
0.199251260756
0.209736022633
0.224425272818
0.231893343698
0.229309235712
0.218216008022
0.204670103147
0.198805753331
0.206001505262
0.215128059216
0.215993917888
0.208275429739
0.200374087959
0.198786643586
0.202298242195
0.206133748789
0.207026547686
0.204592655383
0.200690227074
0.198411535492
0.199512264837
0.202076176313
0.202577431496
0.200497330554
0.198473351278
0.198524506499
0.19985339476
0.20059126069
0.199953440778
0.198655517822
0.198111664256
0.198751290927
0.199388874161
0.199006118485
0.198191402812
0.198059351942
0.198522555341
0.198700222562
0.198310289435
0.197914554982
0.19803317689
0.198301095037
0.198160987651
0.19783785949
0.197839660545
0.198017070148
0.197960516298
0.197733554419
0.197701873767
0.197811383625
0.197738440361
0.197584845755
0.19760413461
0.19763997361
0.197533987354
0.197455461517
0.197487132922
0.197446052921
0.197350112626
0.197345198539
0.197323704281
0.197238543113
0.197216366002
0.197185765809
0.19710942909
0.197085776329
0.197032307085
0.196969505475
0.196936270206
0.19686311639
0.196818723087
0.196753128565
0.196691914236
0.196629581848
