1.25154554707
1.25149341512
1.25139178501
1.25124292386
1.25104876245
1.25081092288
1.25053074362
1.25020930219
1.24984743569
1.24944575943
1.24900468375
1.24852442917
1.24800504027
1.2474463981
1.24684823159
1.2462101279
1.24553154188
1.24481180482
1.24405013256
1.24324563303
1.24239731339
1.24150408694
1.24056477965
1.23957813671
1.23854282902
1.23745745971
1.2363205709
1.23513065066
1.2338861404
1.23258544262
1.23122692931
1.22980895091
1.22832984609
1.22678795231
1.22518161731
1.2235092117
1.22176914256
1.21995986826
1.21807991462
1.21612789225
1.2141025154
1.21200262215
1.20982719598
1.20757538873
1.20524654496
1.20284022741
1.20035624365
1.19779467347
1.19515589708
1.19244062333
1.18964991803
1.18678523147
1.18384842476
1.18084179436
1.17776809377
1.1746305519
1.17143288683
1.16817931421
1.16487454919
1.16152380076
1.15813275756
1.15470756412
1.15125478668
1.14778136788
1.14429456977
1.14080190498
1.13731105605
1.13382978338
1.13036582272
1.12692677327
1.12351997823
1.12015239971
1.11683049041
1.1135600647
1.11034617192
1.10719297476
1.10410363559
1.10108021347
1.09812357424
1.09523331607
1.09240771205
1.08964367164
1.08693672197
1.08428101013
1.08166932719
1.07909315494
1.07654273626
1.07400717043
1.07147453485
1.06893203538
1.06636618744
1.0637630306
1.06110837925
1.05838811145
1.05558849726
1.05269656564
1.04970050659
1.04659010086
1.04335716418
1.03999598642
1.03650373835
1.0328808107
1.02913104362
1.02526180029
1.02128384065
1.01721096129
1.01305938972
1.00884695652
1.00459211577
1.00031293725
0.996026240167
0.991747060267
0.987488620072
0.983262889497
0.979081681489
0.974958047628
0.970907574199
0.966949101318
0.963104463437
0.959397105723
0.955849820311
0.952482237493
0.949308915799
0.946338744889
0.943575875945
0.941021689327
0.93867673099
0.936541456921
0.934615188151
0.932893699793
0.931366791265
0.930017376939
0.928822829462
0.927757913659
0.926797612262
0.925918301691
0.925097094466
0.92431072921
0.923535834905
0.922751190347
0.921940650468
0.921094498176
0.920208177232
0.919279748798
0.918308583328
0.917296248009
0.916247769642
0.915170822931
0.914073074153
0.912960556282
0.911838580584
0.910712868516
0.909588267618
0.908466651916
0.907347410661
0.906229587284
0.90511191079
0.90399150269
0.902865085363
0.901731175533
0.900589427727
0.899439758286
0.898283821172
0.897124577005
0.895964054843
0.894803775099
0.893644564664
0.892485251122
0.891324575469
0.890161943706
0.888997361236
0.887832571354
0.886669119956
0.885507737345
0.884347359733
0.883184857831
0.882016711561
0.880839985765
0.879654079346
0.878459736503
0.877257860059
0.876047300304
0.874824735479
0.873585881745
0.872327391042
0.871048136187
0.869748279897
0.868427540074
0.867084027964
0.865714567462
0.864316155353
0.862886995045
0.861426171817
0.859932364452
0.858403408714
0.856839309664
0.855263112361
0.853907190988
0.855374258354
0.886082333561
1.12786636976
0.890892576011
0.964543583956
0.878557974432
0.911908061902
0.922913368334
0.849283230823
0.911140042536
0.84670098259
0.899739933759
0.882437602289
0.852553761696
0.885776323571
0.834273169338
0.880942440657
0.848555278263
0.846739808249
0.859055694267
0.83029546954
0.854029707493
0.838274487128
0.836095777178
0.841624225915
0.826853901656
0.8406932168
0.824247559393
0.834711989887
0.823211093026
0.831005286821
0.82278713084
0.827193390537
0.820903406169
0.825772770324
0.818605925951
0.823136499855
0.816653354666
0.820948591887
0.815362454063
0.817515515838
0.815145914287
0.813592125755
0.814880255941
0.811213612334
0.811904676129
0.811202978539
0.808468853542
0.80870429627
0.808472143246
0.806304571395
0.80469961389
0.804350422828
0.804764495615
0.805141100604
0.804847444235
0.805479944486
0.806671826515
0.809657086595
0.814510886939
0.822755414063
0.827849951992
0.826582675216
0.826041995237
0.844885318204
0.883729100233
0.791806437883
0.851805030076
0.787082382668
0.834828584146
0.786908458559
0.819074716152
0.819126987335
0.781064127439
0.815869166236
0.813659794281
0.779547401365
0.798660324343
0.803138193221
0.776608392538
0.790544842066
0.793470547093
0.774337838825
0.786096182372
0.784697993187
0.773009495588
0.783440442384
0.776607102577
0.773170650804
0.779180869051
0.770334459523
0.775395839041
0.771984174572
0.770469122203
0.772517913808
0.767826346469
0.771128932943
0.766721010176
0.769194932158
0.766126326636
0.767291376736
0.765298287366
0.765753270933
0.76424005754
0.764412937468
0.762922894308
0.763318039798
0.761498510156
0.76214034243
0.760180766158
0.760725302713
0.759069909653
0.758950679995
0.758361200391
0.757016880661
0.757007730066
0.75622720138
0.75492978071
0.75434747871
0.754092987907
0.753666857076
0.753197519308
0.753346668172
0.754844170678
0.759166285784
0.76891856501
0.786046308632
0.806587684102
0.812551756271
0.789699350249
0.771393351971
0.772201907181
0.802725596995
0.882478724569
0.754787132963
0.839095353437
0.738825915921
0.824707960817
0.749995371664
0.794529419608
0.806014857501
0.742510593806
0.792027185727
0.811414326144
0.749140925853
0.750435182997
0.789276123319
0.770370800194
0.734141846459
0.755060690417
0.768946439174
0.74034702023
0.733331039017
0.754153968459
0.74777243152
0.729675375728
0.739809651778
0.743227341095
0.728640513913
0.734200654917
0.738787010237
0.727115493741
0.729980239761
0.734301949446
0.726433342733
0.727985832627
0.730351902
0.724214262563
0.726760815473
0.727359027161
0.7228338264
0.725495649284
0.724144276415
0.722315745958
0.7241879069
0.721370235516
0.722157140017
0.721848694483
0.720340638507
0.721222818651
0.719390649731
0.720218793089
