1.0, 0.846823929633
1.0, 0.883056062643
1.0, 0.871704901959
1.0, 0.815429480362
1.0, 0.652067903971
1.0, 0.612291003789
1.0, 0.347080432235
1.0, 0.263522170487
1.0, 0.0525888736388
-1.0, 0.00901878979668
1.0, 0.493681755105
-1.0, -0.130979178771
-1.0, -0.483754088913
1.0, -0.0740511803491
1.0, -0.563333159675
-1.0, 0.112287751896
1.0, 0.223761659925
-1.0, -0.618770650093
1.0, -0.26329510307
1.0, 0.507292207088
-1.0, -0.653775984734
-1.0, -0.297649655654
1.0, 0.553286201631
1.0, -0.306360807686
-1.0, -0.354341553208
1.0, -0.230197437128
-1.0, 0.490188726099
-1.0, -0.337832980242
1.0, 0.440163178648
1.0, 0.468753093923
1.0, 0.614145639559
1.0, 0.384900564996
-1.0, -0.029511556295
-1.0, 0.00150356623326
-1.0, 0.132101539886
-1.0, -0.0648532415431
-1.0, -0.102780605828
-1.0, -0.450390852486
-1.0, -0.482637988678
-1.0, -0.0913677326883
-1.0, 0.16802316711
1.0, 0.683693581645
-1.0, -0.371404431534
1.0, -0.091764512084
1.0, -0.57544444053
-1.0, -0.555412646449
1.0, 0.145313372471
1.0, 0.208042445985
1.0, 0.400797452794
-1.0, -0.764139330302
-1.0, -0.418469640017
1.0, -0.680708152788
1.0, -0.116564907864
1.0, 0.818404457993
1.0, 0.834820532405
1.0, 0.752362432438
1.0, 0.616852357284
1.0, 0.477946329915
1.0, 0.512481238399
1.0, 0.536265038736
1.0, 0.388285046004
1.0, 0.137446706276
-1.0, -0.208282843828
1.0, 0.213579899309
1.0, 0.0239539669806
1.0, -0.182077931327
-1.0, -0.712921576838
1.0, 0.438867123554
-1.0, -0.260441471975
1.0, -0.490481525933
1.0, -0.408146933925
-1.0, -0.802144176915
-1.0, 0.189343905855
-1.0, -0.557377911127
-1.0, -0.740887216916
-1.0, -0.460125011757
-1.0, -0.650046534341
1.0, -0.767135411215
1.0, 0.124242140741
1.0, 0.791610904495
1.0, 0.828260261292
1.0, 0.736730101656
1.0, 0.720565672195
-1.0, 0.683803424298
-1.0, 0.318443652879
-1.0, -0.226345193466
-1.0, -0.187445005873
-1.0, -0.383112378863
1.0, 0.355663369299
1.0, 0.424219167153
1.0, 0.18304696219
-1.0, -0.497005535595
-1.0, -0.339928717655
1.0, -0.161602403024
-1.0, 0.54900920248
-1.0, -0.013242613421
1.0, 0.044158541483
-1.0, 0.212473968369
-1.0, -0.101880257391
1.0, -0.0891084113483
-1.0, -0.124680117014
-1.0, -0.110539783846
-1.0, -0.725666490278
1.0, -0.732894107092
-1.0, -0.337650267885
1.0, -0.11554375808
1.0, 0.733365753822
1.0, 0.706832845335
1.0, 0.663951485341
1.0, 0.601618888238
-1.0, 0.518504497798
-1.0, -0.246909127569
-1.0, 0.439363121037
1.0, -0.0374294779784
1.0, 0.307495489277
-1.0, -0.431848999232
-1.0, -0.739829274757
-1.0, 0.194037201347
-1.0, -0.609782552473
1.0, 0.288810470882
-1.0, -0.458846807947
1.0, 0.0837036064221
-1.0, -0.422921410258
1.0, 0.664650713464
1.0, -0.35428803895
-1.0, -0.507974646154
1.0, -0.361988804186
-1.0, -0.675482195963
1.0, 0.304269753799
-1.0, -0.00238532400265
1.0, 0.0737140180787
-1.0, -0.380660449468
1.0, 0.711609698363
1.0, 0.762132382484
1.0, 0.687552488739
-1.0, 0.327889385304
1.0, 0.100906939773
-1.0, 0.102840374382
1.0, -0.0068169489762
-1.0, -0.281188481038
-1.0, -0.457960651967
1.0, 0.177370256301
1.0, 0.697202506796
1.0, 0.84011242344
1.0, 0.0354318267263
-1.0, 0.335310534911
1.0, 0.331225517033
-1.0, -0.401497681382
-1.0, -0.441382295281
-1.0, -0.266365004052
-1.0, -0.689761880032
-1.0, -0.605609737608
-1.0, -0.822978411138
-1.0, -0.890313971971
-1.0, -0.68033183567
-1.0, -0.469668279923
1.0, -0.419113892888
-1.0, -0.221434813612
-1.0, 0.180152132086
1.0, 0.243368113904
1.0, 0.452205593805
1.0, 0.622616625273
1.0, 0.624265058563
1.0, 0.553341954248
1.0, 0.262781787238
1.0, 0.205301726044
1.0, 0.0857320282647
1.0, 0.194188574001
1.0, 0.0745777080692
-1.0, -0.361626878793
1.0, 0.236378794335
1.0, 0.00211920603581
-1.0, -0.591759088887
-1.0, 0.0225225285838
1.0, 0.834101764074
-1.0, -0.624372190304
1.0, -0.00681855957715
-1.0, -0.256308620054
-1.0, -0.597950516714
-1.0, -0.0190092043823
-1.0, -0.74651803804
1.0, -0.407375410419
-1.0, -0.277657422313
-1.0, -0.188739224895
1.0, 0.466522695036
1.0, 0.782420728394
1.0, 0.71724878709
-1.0, 0.605273515095
1.0, 0.222714582402
1.0, 0.237935236558
-1.0, -0.0174855455638
1.0, 0.720611392507
1.0, 0.0669240752552
1.0, -0.206715821691
-1.0, 0.186865732419
-1.0, 0.429436390189
-1.0, -0.567173862009
-1.0, 0.0204503899021
1.0, 0.193091217276
1.0, 0.477734490656
1.0, 0.560881913405
1.0, 0.116168494314
1.0, -0.318428291378
1.0, -0.425422725976
-1.0, -0.548062106708
1.0, 0.303913822484
-1.0, -0.425999671238
1.0, 0.481660126062
1.0, 0.00339331718035
-1.0, -0.951533104097
-1.0, -0.792054953141
-1.0, 0.194420617951
-1.0, -0.502832581954
1.0, -0.786361370269
1.0, 0.0727559184467
-1.0, -0.0174737997549
1.0, 0.396215648984
-1.0, 0.741170798286
1.0, 0.697034126147
1.0, 0.462102595155
1.0, 0.890853647693
-1.0, 0.343920293466
-1.0, -0.29161935666
-1.0, 0.578872916174
1.0, 0.577477457997
1.0, 0.0729277230071
-1.0, -0.459923411752
1.0, 0.153695760402
-1.0, -0.633982847892
-1.0, -0.00198850899084
-1.0, 0.172819492965
-1.0, -0.603968970934
1.0, 0.103038917851
-1.0, -0.539210031124
-1.0, 0.0462855837959
-1.0, -0.299050522531
-1.0, -0.648947469473
-1.0, -0.598297054183
1.0, -0.666153286715
-1.0, -0.18330159124
1.0, 0.0706815254317
-1.0, -0.547786875058
-1.0, -0.5524201948
1.0, 0.305738989568
1.0, 0.853145006199
1.0, 0.451135894257
-1.0, 0.438373615066
-1.0, -0.419061737011
-1.0, 0.753455979104
1.0, 0.366299938171
-1.0, -0.0193233931864
1.0, 0.407219733819
-1.0, 0.343307617392
-1.0, 0.730416686185
1.0, 0.743936349615
1.0, 0.110282296743
1.0, 0.0327260272592
-1.0, -0.799207225011
1.0, 0.01689418231
-1.0, -0.415139244231
1.0, 0.123091209344
-1.0, -0.500936376409
-1.0, -0.415637964956
1.0, 0.158120063012
-1.0, -0.303505305445
-1.0, 0.0596474613995
-1.0, -0.258297780817
-1.0, -0.575076071189
-1.0, -0.5807625368
1.0, 0.017863624022
1.0, 0.78225013373
1.0, 0.639633687593
-1.0, 0.540344710067
-1.0, -0.55049098244
-1.0, 0.53973199543
-1.0, 0.253386574849
-1.0, -0.454606758552
-1.0, -0.580081586405
1.0, 0.626752947056
-1.0, -0.598308577442
1.0, 0.31929630949
1.0, 0.23565285227
1.0, 0.396711955385
-1.0, -0.396271651913
-1.0, -0.311199162687
-1.0, -0.78342409248
-1.0, -0.508123176539
-1.0, -0.341294516967
-1.0, -0.579247620772
-1.0, -0.539509744878
-1.0, -0.729430669018
-1.0, -0.80554096691
-1.0, -0.772471845362
-1.0, -0.865393105596
1.0, 0.801412038238
1.0, 0.603023200789
1.0, 0.667437786266
1.0, 0.805802818461
1.0, 0.646975770738
-1.0, 0.259036801367
1.0, -0.24465998175
1.0, 0.390132746617
-1.0, 0.619217042632
1.0, 0.408437015926
-1.0, 0.167225418585
1.0, -0.347068025584
-1.0, -0.349806052285
1.0, 0.699450769026
-1.0, 0.240790265561
-1.0, -0.272511568794
-1.0, -0.160179428926
-1.0, -0.279337090625
1.0, -0.0194064531307
1.0, -0.553593843606
1.0, 0.138272548331
-1.0, -0.562820241628
-1.0, -0.366499627197
-1.0, -0.170920707012
-1.0, -0.679401204042
-1.0, -0.761530914324
-1.0, -0.690080377031
1.0, 0.619880919783
1.0, 0.546402568007
1.0, 0.692260180868
1.0, 0.738535532453
1.0, 0.525739279799
1.0, 0.538340418246
-1.0, 0.421934013876
-1.0, -0.146354970392
1.0, -0.0334744004544
1.0, 0.631616726984
1.0, 0.418357937086
1.0, 0.362159112116
1.0, 0.136901042113
1.0, 0.0344107768734
-1.0, -0.327524132188
-1.0, 0.0478128305869
-1.0, -0.360310023457
1.0, -0.0798574760275
1.0, 0.558866403149
1.0, 0.0351902272316
1.0, -0.363221605508
1.0, -0.736125485219
1.0, -0.625840735506
-1.0, -0.787031867896
1.0, -0.234818329801
-1.0, -0.483451813689
1.0, 0.863172158877
1.0, 0.807886774884
1.0, 0.769043896057
1.0, 0.714083816585
1.0, 0.605461831832
1.0, 0.32895603112
1.0, 0.200046118907
-1.0, 0.275774294175
-1.0, 0.266357837671
-1.0, -0.460021576578
1.0, -0.288459631687
-1.0, -0.92334439395
-1.0, -0.492338901503
1.0, 0.201579841782
1.0, 0.519029728417
1.0, 0.545533710464
-1.0, 0.214673668739
1.0, 0.323973311255
-1.0, -0.141003501009
-1.0, 0.388779644849
-1.0, -0.156334249452
-1.0, -0.604664579541
-1.0, -0.730254274203
-1.0, -0.720184903763
-1.0, -0.740062511288
-1.0, -0.500100360027
1.0, -0.172546102072
-1.0, -0.140285900901
1.0, 0.615203538137
-1.0, -0.491319110723
-1.0, -0.487065347906
-1.0, -0.489606760475
1.0, -0.34469113856
1.0, 0.416860178441
-1.0, 0.0811861324224
-1.0, -0.197112551726
1.0, 0.343824947545
1.0, 0.193159683315
1.0, 0.0697861422372
-1.0, -0.567910618749
-1.0, -0.339058524665
1.0, 0.42130668789
1.0, 0.507771864092
1.0, -0.318983518764
-1.0, -0.605801056752
1.0, -0.244184775336
-1.0, -0.308806035414
-1.0, -0.556007354088
-1.0, -0.348167757079
-1.0, -0.648174551704
1.0, -0.65606247734
1.0, -0.221518604615
-1.0, -0.328705798028
1.0, 0.613952804012
1.0, 0.883088108109
1.0, 0.699655757729
-1.0, 0.714857935353
-1.0, -0.386330718498
1.0, 0.492847647656
-1.0, 0.098571536651
1.0, -0.470771324532
-1.0, -0.328860556891
1.0, 0.421483969442
1.0, 0.14040178701
1.0, 0.795409358555
1.0, 0.305166277312
1.0, 0.245629106275
1.0, -0.0926701676598
-1.0, -0.290948684709
1.0, 0.108244992642
-1.0, -0.605813154243
-1.0, -0.409541976089
1.0, 0.399194033954
-1.0, -0.116656249197
-1.0, 0.289754766016
-1.0, -0.227578802782
-1.0, -0.640946667767
-1.0, -0.690952977046
-1.0, -0.717037957344
1.0, 0.882722872062
-1.0, 0.193794412058
1.0, -0.0185737390139
1.0, 0.588035476115
1.0, 0.899147116926
1.0, 0.458851427291
1.0, 0.627395329939
1.0, 0.557453291563
1.0, 0.486981302158
-1.0, 0.540750827738
-1.0, 0.156140575381
-1.0, -0.198574795742
-1.0, 0.102240880027
1.0, -0.418452796234
1.0, -0.403658561384
1.0, 0.469606865179
-1.0, -0.891110984839
1.0, -0.422627740969
-1.0, -0.538806288127
-1.0, -0.247200089845
-1.0, -0.37499046124
-1.0, -0.549983686567
1.0, -0.655331475373
-1.0, -0.421365803552
-1.0, -0.0594516854403
-1.0, -0.607519378222
-1.0, -0.73959953066
-1.0, -0.156335178251
1.0, 0.493889842759
1.0, 0.245199338159
1.0, -0.00185291910979
1.0, -0.296568208858
1.0, -0.251896996189
-1.0, 0.183387832244
-1.0, -0.180736577295
1.0, 0.361717366585
1.0, 0.709733078393
1.0, -0.217684239122
1.0, -0.0713044442094
1.0, 0.706001648842
1.0, 0.760272714467
-1.0, 0.635850367253
1.0, 0.154686210315
1.0, 0.219529566028
1.0, -0.248332395753
1.0, 0.786504650002
-1.0, -0.0858009250117
-1.0, 0.0100988273502
1.0, 0.239810097169
1.0, 0.228232856576
1.0, 0.434621304869
1.0, 0.45541325581
-1.0, -0.098265144818
1.0, 0.182368235374
-1.0, -0.258608666956
1.0, 0.373353228385
-1.0, -0.341911758476
-1.0, -0.274874554884
1.0, 0.449072393676
-1.0, -0.800099987177
-1.0, 0.0311013378493
1.0, 0.103194142584
-1.0, -0.490320500948
1.0, 0.674954671467
1.0, 0.580481157414
1.0, 0.188869234321
1.0, 0.717612489952
1.0, 0.812007192348
1.0, 0.495673534096
-1.0, -0.0306682359742
1.0, -0.218204131352
-1.0, -0.0342187603736
-1.0, -0.428438335513
1.0, 0.169197130289
1.0, 0.727139957319
-1.0, 0.286210501055
1.0, -0.29842016352
-1.0, -0.577726965273
-1.0, -0.161522169359
-1.0, 0.0183576823853
-1.0, -0.894619778634
1.0, -0.209152862553
-1.0, -0.395596341549
1.0, -0.0557143046926
1.0, -0.0286987032031
1.0, 0.606274897613
1.0, 0.628836472022
1.0, 0.607154009262
1.0, 0.546538269403
1.0, 0.361048229358
-1.0, -0.0137932124735
-1.0, -0.0784670956942
1.0, -0.0625895531439
-1.0, -0.316289338328
-1.0, -0.433436646686
1.0, 0.354421693268
-1.0, 0.302236325313
1.0, 0.229737966821
1.0, 0.302346539883
1.0, -0.267871842846
-1.0, -0.383665966056
-1.0, -0.427017039992
1.0, 0.811297926387
-1.0, -0.582646244904
-1.0, -0.736491672885
1.0, 0.580317275034
-1.0, 0.396834931286
-1.0, -0.472249843097
1.0, 0.556562650367
-1.0, -0.402978337824
-1.0, -0.49933970764
-1.0, -0.763790080668
1.0, 0.248784887724
1.0, 0.661487931856
1.0, 0.259581573196
1.0, 0.494468552178
1.0, 0.310214234653
1.0, 0.525591334158
-1.0, 0.684202791952
-1.0, -0.331427646028
1.0, 0.293557766947
1.0, 0.185513407594
-1.0, 0.735764235175
1.0, 0.637552174678
1.0, 0.0366249781407
1.0, 0.232453453345
1.0, 0.513133727232
-1.0, -0.0445383484832
-1.0, 0.0593218105692
1.0, 0.799991312226
-1.0, 0.153457595677
1.0, 0.417450685006
-1.0, -0.665080301321
-1.0, 0.59725217912
-1.0, -0.159646984401
1.0, -0.475696807836
1.0, -0.402050715266
-1.0, -0.273071779302
-1.0, -0.701291331838
-1.0, -0.21292861775
-1.0, -0.469242529374
1.0, 0.641531008947
1.0, 0.447067417137
1.0, 0.397244377704
1.0, 0.387083485687
-1.0, -0.0883117924743
-1.0, -0.139497017813
1.0, 0.859621417931
1.0, 0.134006238431
-1.0, 0.38367090487
-1.0, -0.185530141494
-1.0, -0.31034603139
1.0, -0.294549557337
1.0, -0.381119346504
1.0, 0.346908968554
1.0, -0.562765851736
-1.0, -0.446255952983
-1.0, -0.173380538372
1.0, -0.240585772558
1.0, -0.0660630120383
1.0, 0.0168887513526
-1.0, -0.294858405211
-1.0, -0.681996082324
-1.0, -0.752210239586
-1.0, -0.531964765175
1.0, 0.705438687343
1.0, 0.599639527818
-1.0, 0.669618486825
1.0, -0.302139584493
1.0, 0.137543308481
1.0, 0.66512602725
-1.0, 0.659331967807
1.0, -0.221829190614
-1.0, 0.249163017719
1.0, 0.677305287931
1.0, -0.0977975878392
1.0, 0.498009835084
1.0, 0.524422938835
1.0, 0.194258535312
1.0, -0.168381096383
1.0, -0.408634071134
-1.0, -0.656140870721
-1.0, 0.119881534429
-1.0, -0.425561679222
-1.0, -0.864949979356
-1.0, -0.586868234894
-1.0, -0.085231462609
-1.0, -0.472613250206
-1.0, -0.717039116763
1.0, -0.241300115906
1.0, 0.0543955567219
-1.0, 0.467769874329
-1.0, -0.752742135126
-1.0, -0.197747574004
1.0, 0.325752313891
1.0, -0.0371758839141
-1.0, 0.108571296796
-1.0, -0.222484637736
1.0, 0.676580888923
-1.0, 0.195330031341
-1.0, -0.114355939029
1.0, 0.23036078969
-1.0, 0.140430746978
-1.0, -0.427124223279
-1.0, -0.313287224969
-1.0, -0.503080498716
-1.0, -0.31436378934
-1.0, -0.600380135506
-1.0, -0.0663238533365
-1.0, -0.428766775652
1.0, -0.180109037019
1.0, -0.572292883226
-1.0, -0.193203673583
1.0, -0.619697791939
-1.0, -0.567668411926
1.0, -0.186860267949
-1.0, -0.196124702083
-1.0, -0.423921512666
-1.0, 0.336795072135
-1.0, 0.680498245897
1.0, -0.300494578632
-1.0, -0.854684492453
-1.0, -0.452103173997
1.0, 0.556576157681
1.0, 0.685228654051
-1.0, -0.353072529181
1.0, 0.0652532027707
1.0, -0.505108497062
-1.0, -0.00889917404139
-1.0, -0.101280180532
-1.0, 0.152010734068
-1.0, -0.543737379084
-1.0, 0.105994754389
1.0, -0.0586704770224
-1.0, -0.47556428278
1.0, 0.28493261668
-1.0, 0.467501082408
-1.0, 0.326479195235
1.0, -0.0690195490977
-1.0, -0.218726340443
1.0, 0.0957969854609
1.0, -0.0494487580752
-1.0, -0.828929850927
-1.0, -0.340119186519
1.0, 0.783269842481
1.0, 0.786302728726
1.0, 0.741211601794
1.0, 0.655029199444
1.0, 0.55499357755
1.0, 0.565858992581
1.0, 0.459417969513
1.0, 0.319047504347
-1.0, 0.0151294428128
1.0, 0.308970759747
1.0, 0.0398686963958
-1.0, -0.49109596563
1.0, 0.430980772503
-1.0, -0.116055977435
-1.0, -0.341845644861
-1.0, -0.358049808774
1.0, 0.142042793859
1.0, -0.252061939597
1.0, 0.347774429008
1.0, 0.429329964932
-1.0, -0.365684471537
-1.0, -0.0662029893811
-1.0, -0.712483655792
-1.0, -0.258773319981
-1.0, -0.652019104786
-1.0, -0.269845226297
1.0, 0.610863403792
-1.0, 0.7975292902
1.0, -0.0337575520632
1.0, 0.301641419484
-1.0, 0.0230899917651
1.0, 0.739720116586
1.0, 0.357124158109
1.0, 0.369257207776
1.0, 0.551486177587
1.0, 0.291073686936
-1.0, -0.146476758497
1.0, 0.0459310633109
-1.0, -0.542471224279
1.0, -0.118630679931
1.0, 0.198497352442
-1.0, -0.246935325378
-1.0, -0.120480791591
-1.0, -0.195757452554
1.0, -0.368416133717
-1.0, -0.551731256026
-1.0, -0.594061370319
1.0, 0.0738755817639
1.0, -0.130432192975
1.0, -0.0291461065118
-1.0, -0.226078638873
-1.0, -0.414262507401
1.0, 0.514748359385
1.0, 0.585892491026
1.0, 0.532222516095
1.0, 0.244432359566
1.0, -0.0785865226438
1.0, 0.374195526851
1.0, 0.610942337734
1.0, 0.607531407099
-1.0, 0.470014125221
-1.0, -0.121258128333
1.0, -0.189030293574
1.0, 0.434931951099
1.0, 0.467223907137
1.0, 0.440236435874
-1.0, -0.381873775125
1.0, 0.122812778336
-1.0, -0.519266607412
-1.0, -0.706459729226
1.0, -0.103256716237
1.0, 0.187813431012
-1.0, -0.16128605936
-1.0, -0.528421559697
-1.0, -0.787411192135
-1.0, -0.916378145662
1.0, -0.247886613347
1.0, 0.227158756333
1.0, 0.84849437429
-1.0, 0.79787869886
1.0, 0.106042280397
-1.0, 0.375151462652
1.0, 0.328584817251
-1.0, -0.851975996939
-1.0, -0.234482428467
1.0, -0.0815366727587
-1.0, 0.835682508853
-1.0, -0.468780966539
1.0, 0.557771773143
-1.0, 0.30611929769
1.0, 0.0729189035654
-1.0, -0.390616355118
1.0, 0.341055954273
-1.0, -0.727642662321
1.0, -0.171967545765
1.0, 0.48674713159
1.0, -0.00261992785467
1.0, -0.126253797348
-1.0, -0.617008651409
-1.0, -0.402104700845
-1.0, -0.945427239654
1.0, -0.041906840502
-1.0, -0.252919675798
1.0, -0.0394662795409
-1.0, -0.547380741001
1.0, 0.663179546294
1.0, 0.505668726533
1.0, 0.706451834816
1.0, 0.796707631434
1.0, 0.493351083972
1.0, 0.31659767304
1.0, 0.566187877135
1.0, 0.358471966345
-1.0, 0.286668050713
1.0, -0.154209669384
-1.0, 0.0889611640596
-1.0, 0.198841903357
1.0, 0.283420798007
1.0, 0.775186291366
-1.0, -0.213274405233
-1.0, -0.854165142587
-1.0, -0.576343082622
-1.0, -0.243127636948
1.0, -0.409405857423
-1.0, -0.653026444113
-1.0, 0.0763619828198
1.0, 0.0310858077886
1.0, -0.215407137753
1.0, 0.0789976440015
1.0, -0.25885652679
-1.0, -0.847305356866
-1.0, -0.40428678279
-1.0, 0.298907396903
1.0, 0.639532053928
-1.0, -0.452564871971
1.0, 0.151448121839
1.0, 0.698457238075
1.0, 0.862538966547
1.0, 0.593917417484
1.0, 0.728492339551
1.0, 0.431409040727
1.0, 0.313796337327
-1.0, 0.207586831796
-1.0, -0.00117347257681
1.0, 0.137788724742
-1.0, 0.057536320574
1.0, 0.276273419287
-1.0, -0.458354329909
1.0, 0.224726436708
1.0, 0.315360460695
-1.0, -0.43070163858
-1.0, 0.0509311177394
1.0, 0.437396849637
1.0, 0.557455385457
-1.0, -0.431476055952
-1.0, -0.840380554614
1.0, -0.621356473777
-1.0, -0.242902868559
1.0, 0.19304798605
1.0, 0.0873900565793
1.0, 0.85273532586
1.0, -0.112944429969
1.0, 0.0395165035567
-1.0, 0.0900728418907
-1.0, -0.173858515243
1.0, 0.621612988917
1.0, 0.621183501906
1.0, 0.717490124586
1.0, 0.0619781591887
1.0, 0.323867557145
1.0, 0.196638358152
-1.0, 0.0444704276739
1.0, 0.288808363947
1.0, -0.260942400462
-1.0, -0.391879262216
1.0, 0.194776960674
1.0, -0.136375563828
-1.0, -0.758914089845
1.0, -0.0794124644299
-1.0, -0.546993917219
-1.0, -0.567762238092
1.0, 0.0454687987205
-1.0, -0.592824176905
1.0, 0.666048715724
-1.0, 0.124275213683
1.0, -0.395974677928
1.0, 0.405143364242
1.0, 0.865878989342
-1.0, 0.572711187312
1.0, -0.387041314601
1.0, 0.266953596379
1.0, 0.88940288063
-1.0, 0.551520839282
1.0, -0.114551475308
1.0, -0.0337923563876
1.0, 0.554369542781
-1.0, -0.21949423235
1.0, 0.189984209851
1.0, -0.200097563039
1.0, -0.118415494143
-1.0, -0.381175070016
1.0, -0.0374840655462
1.0, -0.557518233339
-1.0, -0.611068271018
-1.0, -0.220988117103
-1.0, 0.290935540672
-1.0, -0.58647301871
-1.0, -0.718056727504
-1.0, -0.723228896144
-1.0, -0.710521529634
1.0, 0.64709390511
1.0, 0.711750844932
1.0, 0.569021876709
-1.0, 0.694908577834
-1.0, 0.0303235333375
1.0, 0.205987227571
1.0, 0.444619592226
1.0, 0.764841736308
1.0, 0.485616931146
1.0, 0.497835188628
1.0, 0.325375589958
1.0, 0.221624552798
1.0, -0.0281670181203
1.0, -0.302528850623
-1.0, -0.50391291825
-1.0, 0.317503107162
-1.0, -0.583779565483
1.0, 0.261325564307
-1.0, 0.0403686363119
1.0, 0.527529852545
-1.0, 0.312225814617
-1.0, -0.372569348116
-1.0, -0.477957000109
1.0, -0.285666179024
-1.0, -0.299175105292
-1.0, 0.152199223383
1.0, 0.742174970765
-1.0, 0.65881394579
-1.0, -0.267288643061
1.0, 0.0191384894804
1.0, 0.339614734105
-1.0, 0.715644748771
1.0, 0.740418215989
1.0, -0.0357050741958
1.0, 0.691056868747
-1.0, 0.326560353803
-1.0, -0.223942859702
1.0, 0.631706558051
1.0, 0.542077717047
1.0, 0.646933550286
-1.0, 0.446253190676
1.0, 0.131688481167
1.0, -0.466395512193
-1.0, -0.370082617883
-1.0, -0.304684101202
1.0, -0.130764200765
1.0, -0.132075410633
1.0, 0.275220176827
-1.0, -0.142610663606
1.0, -0.589063321346
-1.0, -0.380463519501
-1.0, -0.496583117382
-1.0, -0.50634653024
1.0, 0.812899186806
1.0, 0.754395584951
-1.0, 0.752690429828
1.0, 0.0925340693396
1.0, 0.334513342701
1.0, 0.551278334549
1.0, 0.411836520807
-1.0, 0.548925325738
1.0, 0.214317235565
1.0, -0.24262829019
-1.0, 0.267016633698
-1.0, 0.0392870649174
1.0, 0.636881275015
1.0, 0.401430329814
1.0, 0.17138889304
-1.0, -0.695973996897
1.0, -0.388628672265
-1.0, -0.535627693264
1.0, 0.297694616501
1.0, -0.0158281851682
-1.0, -0.55140352578
-1.0, -0.131622814342
-1.0, -0.601139348601
-1.0, -0.643583114037
1.0, -0.320034207694
1.0, 0.330968100073
-1.0, -0.329679288714
-1.0, 0.919240566304
1.0, 0.797283750862
-1.0, 0.268054027764
1.0, 0.545115423854
1.0, 0.503248731166
1.0, 0.900194567278
1.0, 0.303420870192
-1.0, 0.299676819726
-1.0, -0.285462819821
1.0, 0.109172223007
1.0, 0.421387890904
1.0, 0.84737459265
1.0, -0.00694832542496
-1.0, 0.208594810823
-1.0, 0.150174142909
-1.0, -0.194864839271
-1.0, -0.496322523734
1.0, -0.295892841076
-1.0, -0.559893198134
-1.0, 0.161149901526
1.0, -0.575306921774
1.0, 0.836893419472
1.0, 0.31625993201
-1.0, -0.768040403462
-1.0, -0.677098971017
-1.0, -0.893743502838
1.0, 0.384235769596
1.0, 0.703842463382
1.0, 0.777548531326
-1.0, 0.78516877352
-1.0, -0.135135477614
1.0, 0.00802268732072
-1.0, 0.751414939159
-1.0, -0.628105487994
-1.0, 0.40003431914
1.0, -0.182060615314
-1.0, -0.261438266141
1.0, 0.314811109807
-1.0, 0.00336377616095
-1.0, -0.340988199705
1.0, -0.0835634377309
1.0, 0.620483486293
1.0, 0.124208081086
-1.0, -0.179203445398
-1.0, -0.250170071204
-1.0, -0.660520019247
-1.0, -0.322352870749
-1.0, 0.0463062484306
-1.0, -0.542882645497
-1.0, -0.741544643005
-1.0, -0.78381289913
-1.0, -0.348470071605
1.0, 0.77801029348
1.0, 0.761584308876
1.0, 0.795305690692
1.0, 0.834354830655
1.0, 0.840568070537
1.0, 0.744884883107
-1.0, 0.498219511182
1.0, 0.230847461325
1.0, -0.00302609010958
1.0, 0.337109541387
1.0, 0.169841498305
1.0, 0.142602116893
-1.0, -0.0540914918606
1.0, 0.357500073178
-1.0, -0.147354711639
1.0, 0.532691550177
-1.0, -0.584654271723
-1.0, -0.909760729972
-1.0, -0.737647015636
-1.0, -0.68128116512
1.0, 0.217136036474
-1.0, -0.411814259888
1.0, -0.14060348116
-1.0, -0.692311134307
1.0, -0.10585089462
-1.0, -0.338608420632
1.0, 0.8747504804
1.0, 0.727377528435
-1.0, 0.466615342462
1.0, 0.0438244089409
-1.0, 0.352833335295
-1.0, -0.767669698584
-1.0, -0.218674935101
1.0, 0.0507121695012
-1.0, -0.93771604222
1.0, -0.12188954855
1.0, -0.247198765604
1.0, 0.623617185169
-1.0, 0.0739165053335
1.0, 0.482480658243
1.0, -0.409392566146
-1.0, -0.339757657443
1.0, 0.442134462035
1.0, -0.397235955392
-1.0, -0.630595115797
1.0, 0.0237240716303
-1.0, -0.440364617428
-1.0, -0.411889616386
-1.0, -0.0482637635863
1.0, -0.727598165414
-1.0, -0.314875255387
1.0, 0.70244076429
-1.0, -0.733587761296
-1.0, -0.333231628708
-1.0, 0.469178710413
1.0, 0.838496805651
-1.0, -0.716022001434
-1.0, -0.267879779397
1.0, 0.512699906319
1.0, 0.790396078177
1.0, 0.703576415539
-1.0, 0.0138832724282
1.0, -0.387531316348
-1.0, -0.434284051062
1.0, -0.155687834492
-1.0, 0.173680612843
1.0, -0.243304905898
1.0, -0.37258761403
-1.0, 0.15180417793
-1.0, -0.438966795768
-1.0, -0.760148853137
1.0, -0.736099426647
-1.0, -0.414047322949
1.0, -0.342604577182
1.0, -0.486455904563
-1.0, -0.676096909908
-1.0, -0.554187992444
1.0, 0.0424396274136
1.0, 0.459614844592
1.0, 0.315798926791
1.0, 0.756101453492
1.0, 0.810102035067
-1.0, 0.687062198875
-1.0, 0.245816636263
-1.0, 0.0117664599813
-1.0, 0.218406678573
-1.0, -0.680490916325
1.0, 0.435428787512
-1.0, 0.0727332920511
1.0, 0.393672949593
1.0, 0.561847824214
1.0, 0.588510325617
-1.0, -0.237537514986
-1.0, -0.199667586455
-1.0, -0.472196194509
-1.0, -0.544287763138
-1.0, -0.445572264483
-1.0, -0.585249040472
-1.0, -0.790395159424
-1.0, -0.640140751386
-1.0, -0.429760843635
-1.0, -0.672871985522
-1.0, -0.8740822676
-1.0, -0.894606261524
1.0, 0.82608940909
1.0, 0.810123160927
1.0, 0.737157861207
1.0, 0.501885107054
1.0, 0.494354836319
1.0, 0.590405895343
1.0, 0.518499379307
-1.0, 0.327351217351
1.0, 0.277639703485
-1.0, -0.0234425438706
-1.0, -0.525999294255
-1.0, 0.0136316518327
1.0, 0.529741115956
-1.0, -0.570014242171
-1.0, 0.366736770136
1.0, 0.602515411379
-1.0, -0.42977768089
1.0, 0.0476220772381
-1.0, 0.00137115633571
1.0, 0.259727614669
1.0, 0.176496177717
-1.0, -0.651893278475
1.0, -0.150735361595
1.0, -0.305652481245
-1.0, -0.821849657816
-1.0, -0.736836969956
1.0, 0.787678861947
1.0, 0.822346183432
-1.0, 0.874346436189
1.0, 0.185676501395
-1.0, -0.239137822366
1.0, 0.512861648901
