1.81739587674
1.81728756151
1.81707577627
1.81676403934
1.81635464567
1.81584874154
1.81524637366
1.81454651478
1.81374706689
1.81284484256
1.81183552385
1.81071359786
1.80947226673
1.80810332932
1.80659703071
1.8049418742
1.8031243894
1.80112884787
1.79893691577
1.7965272302
1.79387488236
1.79095078654
1.78772090859
1.78414532071
1.7801770415
1.77576061026
1.77083033269
1.7653081224
1.75910084875
1.75209709052
1.74416319062
1.73513852182
1.72482992634
1.71300542269
1.69938754899
1.68364725579
1.66540027518
1.64420969857
1.61960153377
1.59110470696
1.55833315696
1.52113291856
1.47981327891
1.43545026262
1.39016943894
1.34718895051
1.31033571184
1.282936221
1.26647332177
1.25978307316
1.25930947044
1.26020495452
1.25803735158
1.24913701023
1.23159064781
1.20584714446
1.1750648149
1.14464396759
1.12028581251
1.10507473557
1.09776973898
1.09394629997
1.08890364959
1.0800713749
1.06785328241
1.05501746177
1.04498077319
1.03960626749
1.03783158897
1.03642980183
1.03256732663
1.02603335011
1.01913431931
1.01428715652
1.01165076941
1.00919797099
1.00493454009
0.998873227661
0.99287247827
0.988373906363
0.984490336405
0.979316375528
0.97295852493
0.967390192693
0.963126733702
0.958547252847
0.953115438193
0.94839279667
0.944709944378
0.940488547542
0.935902237603
0.93213177779
0.928239831502
0.923742398333
0.919797650109
0.915920081677
0.911674028154
0.907980728465
0.904201093755
0.900291491231
0.896723506508
0.892805121904
0.889077905794
0.885292381706
0.881482063779
0.877822490819
0.874027652609
0.870387202604
0.866588357421
0.862916607743
0.859165946463
0.85551584419
0.851889359042
0.848223876362
0.844613919312
0.840896358043
0.837152837704
0.833416163694
0.829598062575
0.825681772633
0.821682461316
0.817581373004
0.81336194027
0.809047579383
0.804779666599
0.801372457404
0.804317853483
0.839561149012
0.829185178314
0.782968383921
0.78617370059
0.818563386211
0.765317548527
0.809540331187
0.756309635118
0.789673986993
0.769884798708
0.753065007981
0.770193514726
0.737066069715
0.758580882558
0.732217172487
0.744891682231
0.728586300054
0.732809016379
0.724971671717
0.723158916905
0.716493252934
0.717567066674
0.708447014766
0.712444178448
0.699654303586
0.705594842629
0.693136093873
0.696680198775
0.689860839071
0.684866043343
0.686719232422
0.677642332944
0.675004600168
0.675274232325
0.667980447787
0.662133922495
0.661498042756
0.661355542842
0.65882471267
0.658509167372
0.663666144565
0.687872800683
0.71183844935
0.760745976548
0.639493262406
0.822236965623
0.631800857754
0.779267687327
0.783884771487
0.603467497354
0.77395251914
0.711563887245
0.602271084276
0.718981243106
0.717340860037
0.597299981709
0.629189802182
0.727167599721
0.718046728833
0.616452370765
0.574407526688
0.630953333133
0.684189763504
0.694628488412
0.659185094583
0.601880223609
0.565295644091
0.575828819032
0.610119754285
0.634380872878
0.630184048136
0.60129560224
0.569522426672
0.557145654362
0.567185094249
0.583741157396
0.590097038309
0.581265333034
0.564295672427
0.552868664356
0.554950792366
0.564374634646
0.568576558801
0.562650420812
0.552712139054
0.548484022968
0.551937220642
0.556231462056
0.55515972408
0.549478672362
0.54535177403
0.546383267044
0.549016209216
0.548208126646
0.544337231539
0.542092802375
0.543093335365
0.543937417679
0.542146865806
0.539579315173
0.539110520961
0.539735914679
0.538753583877
0.536713408256
0.536020058212
0.536121615898
0.535044558149
0.533442393564
0.53293150364
0.532505569878
0.531088543684
0.530039816401
0.529541206114
0.528314171031
0.527105255264
0.526396013424
0.525108531012
0.523904975769
0.522949244361
0.521502804333
0.520345298062
0.519022008498
0.517547920894
