0.36349692628
0.363492285415
0.363483237786
0.363469984524
0.363452696519
0.363431516892
0.363406563235
0.363377929616
0.363345688405
0.363309891905
0.363270573819
0.363227750576
0.363181422517
0.363131574956
0.36307817914
0.363021193104
0.36296056245
0.362896221037
0.362828091612
0.362756086383
0.362680107542
0.362600047738
0.362515790531
0.362427210805
0.362334175166
0.362236542329
0.362134163496
0.362026882726
0.361914537324
0.361796958233
0.361673970442
0.361545393425
0.361411041603
0.361270724849
0.361124249028
0.360971416593
0.360812027228
0.360645878558
0.360472766919
0.360292488212
0.360104838819
0.359909616616
0.359706622069
0.359495659422
0.359276537984
0.359049073516
0.358813089716
0.358568419811
0.358314908248
0.358052412482
0.357780804861
0.357499974599
0.357209829815
0.356910299651
0.356601336421
0.356282917792
0.355955048957
0.35561776478
0.355271131864
0.354915250506
0.354550256488
0.354176322644
0.353793660142
0.353402519404
0.353003190596
0.352596003589
0.352181327309
0.351759568375
0.351331168919
0.3508966035
0.350456374987
0.35001100933
0.349561049112
0.349107045809
0.348649550689
0.348189104289
0.347726224483
0.347261393118
0.346795041304
0.346327533436
0.345859150126
0.34539007023
0.344920352282
0.344449915647
0.343978521833
0.343505756425
0.343031012189
0.342553473932
0.342072105761
0.341585641376
0.341092578062
0.340591174972
0.340079456273
0.339555219568
0.33901604991
0.338459339479
0.337882312796
0.337282057036
0.336655556679
0.335999731404
0.335311475729
0.334587698577
0.333825360565
0.333021506596
0.332173291136
0.331277993584
0.33033302134
0.32933589864
0.328284240017
0.327175708311
0.326007958592
0.324778570998
0.323484977286
0.322124387625
0.320693725569
0.319189579895
0.31760818178
0.315945414374
0.314196858984
0.312357878103
0.310423730741
0.30838971089
0.306251296652
0.304004296981
0.301644986254
0.299170224619
0.296577573625
0.293865429966
0.291033211731
0.288081636753
0.285013127418
0.281832358296
0.278546933783
0.275168148672
0.271711755125
0.268198645081
0.264655362637
0.261114379635
0.257614078727
0.254198363107
0.25091573428
0.247817571269
0.24495528516
0.24237612625
0.240117765279
0.238202307489
0.236630924186
0.235380533802
0.234403773467
0.233632918206
0.232987605514
0.232385375325
0.231753277532
0.231038332173
0.230214681503
0.22928588193
0.228281704102
0.227249826402
0.226243970106
0.225311232885
0.224481887096
0.223764016893
0.223143672026
0.222590031075
0.222064402512
0.221530856298
0.220965481054
0.220361950544
0.219732342593
0.219102722015
0.218504076461
0.217961210783
0.217483322235
0.217060086798
0.216665867678
0.216270716938
0.21585325111
0.215409202599
0.214950627621
0.214496528746
0.214060737973
0.213644265934
0.213236743983
0.212825075043
0.212403015465
0.211974692697
0.211549850778
0.21113459792
0.210725642548
0.210313283456
0.209890916246
0.209461820957
0.209036072374
0.208620602279
0.208213126558
0.207806484425
0.207398078527
0.206993091599
0.206597758009
0.206212002629
0.205831372547
0.2054548459
0.205085915524
0.204725909158
0.204372912789
0.204050067919
0.204102121612
0.208980264462
0.270178875715
0.226469451421
0.224646079743
0.224318007169
0.283554876438
0.211200924086
0.398370825708
0.258098674255
0.319831667295
0.230971192181
0.29730630405
0.297589669044
0.21828992853
0.296962803291
0.302988543572
0.234458964962
0.215884950882
0.281454544873
0.236449507475
0.203545522585
0.242026068986
0.263638908505
0.256527937241
0.226585356305
0.201296821883
0.213617556867
0.244968375652
0.259135189716
0.250881572608
0.22745248758
0.206381613089
0.199978048118
0.206766959856
0.21743592735
0.225968032626
0.22922039171
0.226643308931
0.219330873576
0.209982893926
0.202331829619
0.199634225385
0.202448476878
0.207714681814
0.210977701511
0.209877795398
0.205456574766
0.201086754003
0.199507960629
0.200854127091
0.203204728551
0.20451091732
0.203918560783
0.201912144371
0.199943824664
0.199370366196
0.200298019295
0.201468644364
0.201586555159
0.200598045703
0.199504058282
0.199252851006
0.199793702547
0.200328804557
0.200254004163
0.199658325886
0.199168833381
0.199237620262
0.199618646969
0.199733870163
0.199432001068
0.199092955823
0.199086529632
0.199295031795
0.199353731763
0.199168375803
0.198979734557
0.199005798838
0.199126409681
0.199104544783
0.19895473169
0.198890943027
0.198955658479
0.198978709572
0.198892381265
0.19882029039
0.19884498295
0.198864938274
0.19880616598
0.198751227235
0.198762550317
0.198765502009
0.19871646421
0.198680601603
0.198686426188
0.198671143704
0.198627235815
0.198611418992
0.198606069089
0.198571395365
0.198545194343
0.198536077594
0.198505078805
0.198478029357
0.198462949187
0.198430130969
0.198405508745
0.198382292752
0.198348033188
0.198324496115
0.19829062887
0.198260412036
0.19822807936
0.198192417064
0.198158879943
0.19811969059
0.198083056062
0.198041145419
0.198000367956
0.197956101944
0.197910279376
0.197863784019
0.197812831
0.197762397849
0.197708532027
0.197651595536
0.197593986247
0.197533831916
0.197470104583
0.197403611798
0.197334780804
0.197263468053
0.197189621181
0.197114135442
0.197043099425
0.197018504363
0.19739266764
0.200716900011
0.226983074021
0.207789724063
0.198668390615
0.196510852195
0.200324726801
0.213678731891
0.19631016502
0.209395843364
0.198882363329
0.203764327389
0.19905924667
0.198729983223
0.202369598206
0.196185499687
0.203985724557
0.19830763927
0.197628720548
0.202886977304
0.197855340578
0.196202477489
0.201884997566
0.201893642603
0.195098930257
0.200154586847
0.206664386743
0.196741242623
0.195880561958
0.203239630318
0.204275401061
0.204344993798
0.196611418548
0.194511937764
0.196423254406
0.201360038389
0.214241604541
0.194443858081
0.218174305683
0.195864906675
0.208930573567
0.195680277539
0.204202687111
0.206173450767
0.194008522401
0.204287932054
0.205919230789
0.19543030272
0.197114914204
0.203424930903
0.195462331567
0.195520668066
0.200437549564
0.19626065581
0.193990334196
0.19833498752
0.194944692081
