0.763575118785
0.74138241654
0.700179563414
0.644934671117
0.582131180482
0.518944570655
0.461792167335
0.414858931249
0.379493900614
0.354740452287
0.338448686533
0.328275646821
0.322245473699
0.318906764696
0.317269441378
0.316677161221
0.316693943087
0.317033563245
0.317503949472
0.317977339719
0.318370778451
0.318632613473
0.318732811338
0.31865597668
0.318385299578
0.317909946586
0.317222855559
0.316319291565
0.315195984699
0.313850724022
0.31228232716
0.310490941627
0.308478661187
0.306250457628
0.303815432249
0.301188376801
0.298391591427
0.295456824582
0.292427061755
0.289357684345
0.286316251866
0.283379879885
0.280629033991
0.278136819562
0.275953926025
0.274091592277
0.272507971772
0.271105540047
0.269746138147
0.268284126049
0.266608571506
0.264677976179
0.262531739957
0.26027261616
0.258028292427
0.255909380735
0.253980395479
0.252251605596
0.250689463554
0.249237267203
0.247837136621
0.246447137643
0.245050660537
0.243657465184
0.242297125547
0.241006675309
0.239815669418
0.238733454153
0.237744023679
0.236811890868
0.235897475445
0.234974712681
0.234041061747
0.233113861847
0.232215448484
0.231356698516
0.230529327969
0.22971107466
0.228879459098
0.228024458077
0.227151050673
0.22626931326
0.22537972011
0.22446756851
0.223514360585
0.222516363295
0.221489816858
0.220456424934
0.219428416105
0.218414005327
0.217434757997
0.216525161587
0.215706732718
0.214969173893
0.214284157232
0.213625988638
0.212970246357
0.212293477774
0.211592491334
0.21088821808
0.210199843186
0.209534129692
0.208896759719
0.208283281971
0.207671275991
0.207043231059
0.206393308174
0.205717267478
0.20502227197
0.204318809863
0.20360541266
0.202878502917
0.202125499477
0.20133260826
0.200490308006
0.199584463237
0.198600866292
0.197516263594
0.196311298563
0.194972929054
0.193526654743
0.192071730968
0.190804635216
0.189929875364
0.189361390228
0.18873508689
0.187886789912
0.186891770541
0.185711367936
0.184351403589
0.183162449288
0.182267083012
0.181326808019
0.180662879506
0.184145739603
0.216325215718
0.17905428917
0.21610533525
0.183529230844
0.202377958797
0.197129554593
0.182679801092
0.194953898547
0.19637459709
0.180333599226
0.182681394424
0.19012937557
0.186212501184
0.174863812125
0.176157047513
0.18270445184
0.173055106702
0.171307323057
0.17637420951
0.170467324113
0.168299009535
0.172662633493
0.166910719413
0.169137283915
0.169273498084
0.165352113408
0.168055664808
0.164938809858
0.165371606547
0.165572573644
0.163267019522
0.164949304006
0.16247923352
0.163423240637
0.162150042666
0.161940401591
0.161532839254
0.160976794214
0.160785410536
0.1601276638
0.159736669953
0.159544160985
0.158634128059
0.158827288275
0.157801141101
0.157484924846
0.157277707193
0.156384006176
0.155888207804
0.155696598996
0.155235125502
0.154416916076
0.153681863138
0.153045815254
0.152468315186
0.151956666122
0.151743446434
0.153627900038
0.165430174857
0.173439769335
0.170162565569
0.159279111472
0.164898508014
0.159545823097
0.163791810213
0.151604535342
0.157660324937
0.159780624762
0.151921613817
0.166199145793
0.147286118244
0.158633960432
0.162321487511
0.146384517507
0.157390648226
0.159265581372
0.144147272593
0.152464999328
0.160175022239
0.157367580636
0.147367586289
0.143257534436
0.150213424671
0.155579516383
0.150353637749
0.143089343727
0.143174015082
0.147416275064
0.149096062996
0.146284074924
0.142163011163
0.14167123463
0.144476020039
0.144690570668
0.141682338983
0.140548872999
0.14215920237
0.142805479422
0.141197711118
0.139962759842
0.140957431951
0.141412259083
0.140065045006
0.139650926128
0.140407342031
0.140186353668
0.139268917847
0.139433146547
0.139754426234
0.139090469136
0.138858852515
0.139166429007
0.138837637061
0.13846516815
0.138669087622
0.138449586
0.138132683939
0.138247819731
0.138018598313
0.137788606541
0.137835820865
0.137557171902
0.137462573321
0.137380788684
0.137133966639
0.13710156599
0.136861765539
0.13677163152
0.136578570678
0.13643609688
0.136256680337
0.136094936188
0.135900566057
0.135738849039
0.135513033435
0.135350232992
0.135108747267
0.134908592266
0.134694509128
0.134434198825
0.134200678145
0.133965140073
0.133692523035
0.133399378737
0.133099225157
0.132791672328
0.132473466047
0.132147897744
0.131849285703
0.131849139533
0.134659874372
0.156957682599
0.186496461763
0.189110376858
0.142371387448
0.190277366609
0.168276142834
0.151255728705
0.173620637561
0.177906837222
0.158159176289
0.14597892961
0.16197066469
0.155452554473
0.141231636185
0.15204918958
0.15878821686
0.153788815785
0.141602817567
0.135777922231
0.14135180336
0.147729315466
0.147750886116
0.142342093554
0.138298699043
0.13929834446
0.142645017816
0.144177231825
0.142262002521
0.138120511006
0.134830164219
0.134465609971
0.135600090641
0.135251635178
0.132872620205
0.13071598521
0.130329594692
0.130820253392
0.130618223576
0.129384988434
0.128338045314
0.128602352873
0.129355003806
0.129139698858
0.128361764398
0.128236019775
0.128360808311
0.127851812652
0.127131277363
0.127063314152
0.127199095365
0.126910099144
0.126716028974
0.12683634312
0.126690084894
0.126315819163
0.126228526887
0.126140688647
0.125877089281
0.125862454957
0.125805373881
0.125602472207
0.125568902949
0.125403837524
0.125261039232
0.125199805367
0.125036828294
0.124992726813
0.124846633616
0.124750235615
0.124601204696
0.124480728646
0.124346667751
0.124238024218
0.124086379858
0.123962722255
0.123788765669
0.123652192275
0.123489844936
0.123309253626
0.123146277798
0.122963546972
0.122763104801
0.122562355873
0.12235854854
0.122149497372
0.121942183375
0.12177358916
0.121818308616
0.12287910741
0.126918530815
0.145417309677
0.121245341974
0.150699537078
0.12395100463
0.139595813423
0.126724160598
0.127968136389
0.130259324533
0.12227699505
0.130262083054
0.121459923168
0.122246417991
0.125511710421
0.118042385628
0.124268897501
0.122744215571
0.117319051434
0.122168578963
0.122881379787
0.117293317924
0.118663134534
0.121266538038
0.118481664892
0.116533239924
0.119148733185
0.118073252647
0.116089009286
0.117813374933
0.117407547016
0.115730165167
0.117027287481
0.116406050821
0.115517179537
0.116475316055
0.115508288045
0.115448669614
0.115749510434
0.114896050243
0.115422617907
0.114859633619
0.114848722836
0.114788753206
0.114451754727
0.114580933386
0.114144917929
0.114315418769
0.113898741118
0.11401440051
0.113646050219
0.113716922911
0.113385263584
0.113399628699
0.113119315443
0.113072653174
0.11287838347
0.112702116882
0.11262232746
0.112366695207
0.112223141636
0.112105082932
0.111877110342
0.111643595168
0.111472263807
0.11133268095
0.11121705634
0.11127302332
0.111659910921
0.113340776027
0.116021764576
0.125365655418
0.110499870089
0.129325528015
0.110235383946
0.122172745639
0.115195003834
0.112837238899
0.11728914647
0.109724763596
0.116086503486
0.110790947814
0.109801050529
0.113016525405
0.107500837247
0.111605505146
0.108402939372
0.109088965557
0.109067654917
0.107643154835
0.108999024101
0.106562322933
0.108541824276
0.106225386212
0.107760950075
0.105926351419
0.107280954028
0.105672409017
0.106649687403
0.10539312525
0.106150808613
0.105240900114
0.105466701334
0.105136055184
0.10478455426
0.105058504987
0.104375759967
0.10458159755
0.104384192204
0.103902658296
0.104083488099
0.103902398853
0.103416827757
0.103371498083
0.103501175988
0.10325791533
0.102911799877
0.102585870172
0.10233941853
0.102135947312
0.102013815683
0.102318648512
0.105159241762
0.117651968515
0.119997689321
0.1029258094
0.128905358539
0.103577467241
0.118177990209
0.105311788184
0.110513485302
0.117403631367
0.102528948195
0.104511055878
0.112092850655
0.10924695402
0.100649026216
0.101791694519
0.107801355442
0.106126215501
0.0999178592612
0.0997962697682
0.103506710636
0.103472570541
0.0996633750979
0.0987539460229
0.101486426919
0.100793539714
0.0981856566767
0.0991579257437
0.100317003394
0.0987529818522
0.0978566213742
0.0991455873978
0.0987175502603
0.0975983754889
0.0983595619054
0.0984195943262
0.0974769925513
0.097810524969
0.0980171173218
0.0972774517138
0.0974880290919
0.0976229422054
0.0970755550646
0.0972245149902
0.0972652111125
0.0968560808918
0.0970199590341
0.0969348540157
0.0966705507898
0.0968182698943
0.0965986337993
0.0965331767709
0.0965431332959
0.096329697437
0.0963783299852
0.0962153261284
0.0961674414488
0.0960963269465
0.0959778318643
0.0959416328949
0.0958047114139
0.0957615644134
0.0956281707315
0.0955633213173
0.0954479832186
0.0953434803176
0.0952564490712
0.0951127458031
0.0950224784763
0.0948961230595
0.0947474572984
0.0946280206389
0.0944994569976
0.0943417506706
0.094170642377
0.0939966032617
0.0938181423606
0.0936334087498
0.0934498733332
0.0933339986331
0.0937572160409
0.0978364502694
0.101400544089
0.0943356621142
0.0924874233894
0.0955507829852
0.0988649342328
0.104883013486
0.0930397200192
0.110205981121
0.0918372575279
0.103535328048
0.101434419672
0.0920417797811
0.103231201408
0.0951200029574
0.0928997221516
0.0993310274712
0.0959575106849
0.0903562377586
0.0951411025664
0.0978979147795
0.0920069212484
0.0904068101171
0.0942342356619
0.0956382490308
0.0925386333584
0.089572294449
0.0910723663266
0.0931708175112
0.0913227817662
0.089212474462
0.0903482382854
0.0915086554982
0.0902384101334
0.0889595516368
0.0899319132768
0.0903884137925
0.0891283961396
0.0889517015832
0.0897210124342
0.0893116610758
0.0886265696407
0.0891157462704
0.089138437678
0.088517941804
0.0887352171542
0.088882551332
0.0884203799379
0.0884675716563
0.0886283674371
0.0882715919854
0.0882939880892
0.0883902185081
0.088117680566
0.0881354948167
0.0881715823283
0.0879531653432
0.087994717808
0.0879596365064
0.0878018876263
0.0878514192717
0.0877394799395
0.0876747542187
0.0876690079032
0.0875423968015
0.0875472058864
0.0874390930688
0.0874050625923
0.0873299221135
0.0872668795899
0.0872025052223
0.0871314556598
0.087059301067
0.08699208995
0.08690199109
0.0868422409004
0.086739002489
0.0866675445876
0.0865787274951
0.0864720462509
0.0863859603813
0.0862921031162
0.0861775812852
0.0860592279528
0.0859438659373
0.0858300948734
0.0857232801729
0.0856608584943
0.0858764663018
0.0873367178066
0.0956962113998
0.0866553278619
0.0867080562213
0.0921085793965
0.0861796247496
0.0927951652004
0.0873374155738
0.0889452463477
0.0896979236806
0.0851183456454
0.0896518077499
0.08446802631
0.0865742775904
0.0868199706918
0.0836910018398
0.086725976778
0.0837490724137
0.0850655306065
0.0846578988887
0.0836476520938
0.0846727396106
0.0831752839019
0.0843171315843
0.0828385769641
0.0839962706707
0.0826932325253
0.0835389804383
0.0825263193897
0.0832310760203
0.0824270300838
0.0828191144455
0.082323970973
0.0824257129337
0.082305769119
0.0820470921175
0.0822685677679
0.0818164933362
0.0819174630827
0.081813233954
0.0815321339187
0.0816031724772
0.0814926054638
0.0812600680612
0.081195830223
0.0812128745235
0.0811368800644
0.0809615195014
0.0808034153204
0.0806709704281
0.0805802656326
0.0806081571062
0.0811533753664
0.083393182605
0.0941261878533
0.0803409811258
0.0892390279593
0.0821127218576
0.0858619504274
0.0800825691138
0.0847386727789
0.0835194132865
0.0800189593433
0.0838515115116
0.082965941371
0.0792507493857
