1.80789102551
1.80788378441
1.80786966382
1.80784897064
1.80782196162
1.80778884743
1.80774979621
1.8077049368
1.80765436147
1.80759812842
1.80753626389
1.80746876404
1.80739559653
1.80731670191
1.8072319947
1.80714136442
1.80704467629
1.80694177185
1.80683246938
1.80671656417
1.80659382869
1.80646401259
1.80632684254
1.80618202206
1.80602923112
1.80586812568
1.8056983371
1.80551947146
1.80533110876
1.80513280199
1.8049240761
1.80470442691
1.80447331979
1.80423018835
1.80397443291
1.80370541886
1.80342247495
1.80312489136
1.80281191762
1.80248276049
1.80213658149
1.8017724944
1.80138956252
1.80098679568
1.8005631471
1.80011751
1.79964871387
1.79915552063
1.79863662029
1.79809062648
1.79751607146
1.79691140086
1.79627496798
1.79560502755
1.79489972912
1.79415710983
1.79337508653
1.79255144738
1.79168384258
1.79076977438
1.7898065862
1.78879145074
1.78772135704
1.78659309635
1.78540324663
1.78414815557
1.78282392205
1.78142637562
1.77995105403
1.77839317841
1.77674762588
1.77500889927
1.77317109354
1.77122785858
1.7691723578
1.76699722208
1.76469449837
1.76225559231
1.75967120398
1.75693125587
1.75402481203
1.75093998709
1.7476638438
1.74418227733
1.74047988464
1.73653981648
1.73234360988
1.72787099794
1.72309969398
1.71800514628
1.71256025931
1.70673507706
1.70049642331
1.6938074939
1.68662739528
1.67891062444
1.67060648557
1.66165844064
1.65200339383
1.64157091503
1.63028241518
1.61805029919
1.60477714123
1.59035495558
1.57466467826
1.55757603389
1.53894804547
1.51863055602
1.49646727408
1.47230102577
1.44598207578
1.41738052149
1.38640377442
1.35301986306
1.3172864885
1.27938417826
1.23964935614
1.19859990349
1.1569428033
1.11555265349
1.07541356874
1.03752644208
1.00279655553
0.971927052331
0.945344950399
0.923176058487
0.905268664266
0.891252156653
0.880611512478
0.87276112758
0.867107444522
0.863095513276
0.860238680326
0.85813318161
0.856460873912
0.854983846876
0.853534373783
0.852002873577
0.850325618965
0.848473114764
0.846439534922
0.844233379171
0.841869548809
0.839363253152
0.836726403445
0.833967241714
0.831093677991
0.828120011007
0.825075398866
0.822010946948
0.81900127594
0.816136847329
0.813505902249
0.811169489477
0.80913809493
0.807360834894
0.805735168921
0.804136352036
0.802455203152
0.800626751251
0.798636116932
0.796501181821
0.794246651224
0.791889701387
0.789446831051
0.78695119491
0.784457523408
0.782021690095
0.779667423734
0.777369041161
0.775068159577
0.772712751331
0.770286821574
0.767808537089
0.765305763547
0.762799061198
0.760307233969
0.75785445105
0.755452523835
0.753076110029
0.750676459841
0.748228055596
0.745744359709
0.743245631325
0.740739475439
0.738233459495
0.735728307168
0.733199504265
0.73062397733
0.728011914553
0.725381896003
0.722737270594
0.720075670908
0.717379312061
0.714626257182
0.711821875463
0.70897121112
0.706066148289
0.703093528254
0.700033947296
0.696889956815
0.693663784485
0.690347238149
0.686926790468
0.683398875789
0.679771659555
0.676043506764
0.6722084335
0.668270526
0.664236741258
0.660106406578
0.655879026866
0.651568212783
0.6471841849
0.642734017884
0.638233264756
0.633691660628
0.629115035565
0.62451370082
0.619890308581
0.615244762153
0.610580962872
0.605922970001
0.601533384082
0.599749893269
0.625086458168
0.649359493345
0.640892640861
0.598475779709
0.576454148079
0.577464705104
0.59870369472
0.670683091067
0.570879582474
0.633978260406
0.555296650281
0.606338970227
0.555445156573
0.588732888745
0.587449969822
0.540125511341
0.579396294477
0.578699074048
0.539680075399
0.554070171008
0.562300494054
0.528692718875
0.542487482645
0.548573295512
0.523160713461
0.536200418999
0.532376331019
0.519171713039
0.531740882058
0.520140447784
0.517907846755
0.521883945642
0.511490407496
0.518505200012
0.509307548373
0.512044814156
0.509108984255
0.506801078854
0.506666951573
0.502734352681
0.503413512398
0.499882286247
0.49921804623
0.497357150825
0.49510938771
0.494836450531
0.490937813507
0.491128090659
0.488572286079
0.485753201296
0.485373631589
0.483279114356
0.480097068877
0.477765283764
0.47638057691
0.475802918729
0.477600857916
0.485892855062
0.510804266436
0.467329719645
0.479403421364
0.494273302014
0.460273244137
0.461955328021
0.480317470986
0.462177454412
0.446045469222
0.452021835287
0.467764449529
0.475136228267
0.459729019775
0.4411924351
0.431991582617
0.428017837878
0.425147908713
0.426397170127
0.445867663651
0.448635339059
0.425751481421
0.410920858267
0.413713090448
0.43039133971
0.402942039621
0.41069716734
0.412219049062
0.39349843766
0.403405494416
0.403744773738
0.387131926551
0.389004623821
0.393832959276
0.383943148172
0.376170158863
0.377413868659
0.381583969239
0.380571772105
0.377194839933
0.376850604999
0.385967102716
0.414455496039
0.359808929257
0.379607052832
0.357701976015
0.363855444426
0.358587605474
0.348343372626
0.359697424239
0.340575118072
0.349683031773
0.346420244504
0.334233663582
0.341241126116
0.339742197516
0.329405310237
0.327985725878
0.333410710444
0.335583330085
0.329566602622
0.322434783017
0.31807266088
0.315305824092
0.313896081951
0.31633930214
0.338950367538
0.327398576073
0.306543081445
0.304321782685
0.319667330934
0.300332026403
0.302481565978
0.306854343465
0.29235040963
0.297500737251
0.298608467979
0.287428810877
0.289275420375
0.291855953561
0.284227769281
0.280666551205
0.283869317789
0.285155110708
0.279860807312
0.274783493744
0.272397244426
0.272221632588
0.275532969067
0.287646382144
0.27035789229
0.267178298575
0.279068151153
0.261443008573
0.273739583615
0.260215575566
0.267104456567
0.25905302845
0.262031517621
0.257127435199
0.258485905225
0.254400671018
0.256031153208
0.251351973559
0.254151581027
0.248287467161
0.252134313671
0.24594758648
0.24917309285
0.244931510639
0.244973675353
0.244642348839
0.241356999877
0.242755581857
0.240560000895
0.238677229725
0.239463396213
0.237836702377
