-1.0, -0.93791396963
-1.0, -0.502259051306
-1.0, -0.621449451521
-1.0, -0.252193818994
1.0, 0.759086858608
-1.0, -0.467768137936
1.0, 0.36844245003
1.0, 0.941469747034
1.0, 0.873127844147
1.0, 0.0526803083592
-1.0, 0.175369538002
-1.0, -0.985078820054
-1.0, 0.10629663034
1.0, 0.605273853417
-1.0, -0.206027956302
1.0, -0.32613634082
1.0, 0.507945553552
1.0, 0.606259460796
-1.0, -0.414424231141
-1.0, -0.571618117603
1.0, 0.755362088047
-1.0, -0.822896989467
-1.0, -0.891244370647
-1.0, -0.922936061458
1.0, 0.505875895652
-1.0, -0.874072166235
-1.0, -0.838631582663
-1.0, -0.621361131295
1.0, 0.198038413161
1.0, 0.783184211917
1.0, 0.726535405907
-1.0, -0.684344466538
1.0, 0.416009696735
1.0, 0.981083502473
-1.0, -0.932343895222
-1.0, -0.896900756595
1.0, -0.713745617432
-1.0, -0.854222002755
-1.0, -0.814879412147
1.0, 0.964262186233
1.0, 0.34182688573
-1.0, -0.250168316941
-1.0, -0.972985494127
1.0, 0.494780511022
-1.0, -0.584400593178
-1.0, -0.931815175664
-1.0, -0.519400411443
-1.0, -0.834926213289
-1.0, -0.71659173569
1.0, 0.127521950485
1.0, 0.459864829663
-1.0, -0.743326839509
1.0, 0.0676655933305
1.0, 0.997446909812
-1.0, -0.860779275864
-1.0, -0.993231945564
1.0, 0.983875678239
1.0, 0.600936754746
1.0, 0.960632965702
-1.0, -0.598451285582
-1.0, -0.924692023561
1.0, 0.830362087927
-1.0, -0.706011932987
-1.0, -0.613701698994
1.0, 0.772806123442
1.0, -0.953694171189
1.0, 0.97733707613
-1.0, -0.992886371315
1.0, 0.0236202946682
-1.0, -0.808435264947
1.0, 0.78646919244
1.0, 0.854041804507
-1.0, -0.382359412609
-1.0, -0.862949649583
1.0, 0.74921528296
-1.0, -0.528991401456
1.0, 0.595940743521
-1.0, -0.852343274137
-1.0, -0.913295271452
1.0, -0.76877558589
1.0, -0.0953727796143
-1.0, -0.931358090616
-1.0, -0.370769749176
-1.0, -0.522605117502
1.0, 0.683652459573
1.0, 0.330766850575
1.0, 0.888325685315
1.0, 0.662228357775
-1.0, -0.984963611224
1.0, -0.142697789452
1.0, 0.963865229075
-1.0, -0.981781178999
-1.0, -0.404871748144
1.0, 0.567505466033
1.0, 0.764189944808
1.0, 0.478851955615
-1.0, -0.305131180393
-1.0, 0.443415820236
-1.0, -0.988713083145
1.0, 0.659810036214
-1.0, -0.71576760056
-1.0, -0.899385958667
-1.0, -0.874575628909
-1.0, -0.288699280091
1.0, 0.474226651825
1.0, 0.286282843736
1.0, 0.973119354703
-1.0, -0.1314100649
1.0, 0.400032161667
-1.0, -0.923667480405
-1.0, -0.840887070855
-1.0, -0.958288215658
-1.0, -0.815326691994
-1.0, 0.0622971455726
-1.0, -0.356028217936
-1.0, 0.0205047504735
1.0, 0.715360750003
-1.0, -0.34104499947
1.0, 0.607244953487
1.0, 0.917652673453
-1.0, -0.616122902956
-1.0, -0.923805568042
1.0, -0.606879394123
-1.0, -0.751525566314
-1.0, -0.874776153553
-1.0, -0.844260724869
-1.0, -0.59693075569
1.0, 0.584903348857
1.0, 0.561719615241
1.0, 0.976218899118
1.0, 0.287774193607
1.0, 0.26208817682
-1.0, -0.773270207529
1.0, 0.72486480276
1.0, 0.760170800962
-1.0, -0.686725138723
-1.0, -0.866599593919
-1.0, -0.991688215198
-1.0, -0.646298025763
1.0, 0.626235956999
-1.0, 0.451972229656
-1.0, -0.546994127979
1.0, 0.749600993299
-1.0, -0.745426274444
1.0, 0.998405407899
1.0, 0.998547499782
1.0, 0.99869166182
1.0, 0.998788743858
1.0, 0.998727122552
1.0, 0.997951208357
1.0, 0.996466030219
1.0, 0.990674446027
1.0, 0.963739218081
1.0, 0.870991168219
1.0, 0.998814294904
1.0, 0.998855129276
1.0, 0.998916452082
1.0, 0.998944498059
1.0, 0.998876436686
1.0, 0.998568613853
1.0, 0.997570331865
1.0, 0.994216181521
1.0, 0.98180275662
1.0, 0.934540504862
1.0, 0.775329668637
1.0, 0.998822699473
1.0, 0.998822179553
1.0, 0.998876080039
1.0, 0.998932035042
1.0, 0.998936806543
1.0, 0.998812590631
1.0, 0.998353560246
1.0, 0.996873702078
1.0, 0.99173431183
1.0, 0.972295515311
1.0, 0.899787967351
1.0, 0.998528940743
1.0, 0.9986584973
1.0, 0.998819304504
1.0, 0.998938260152
1.0, 0.998915657864
1.0, 0.99871463766
1.0, 0.998037418523
1.0, 0.995822404265
1.0, 0.987865436451
1.0, 0.957455472712
1.0, 0.848456106176
-1.0, -0.95775238516
-1.0, -0.749280484077
-1.0, -0.616903785154
1.0, 0.563348863055
-1.0, -0.186440872142
-1.0, -0.28440244739
1.0, 0.903112264584
1.0, 0.637191537776
-1.0, 0.947050957583
-1.0, -0.689327240638
-1.0, -0.537486812133
1.0, 0.50853765172
-1.0, -0.905476086187
-1.0, -0.963479487451
1.0, 0.26058311946
-1.0, -0.726585567798
1.0, 0.789204300679
-1.0, -0.621520392762
1.0, 0.999888163592
1.0, 0.995639387758
1.0, 0.781616308963
-1.0, -0.168757234208
-1.0, -0.977538231952
-1.0, -0.929189260328
1.0, 0.0513173702703
-1.0, -0.573926720704
-1.0, -0.209391183845
1.0, 0.927257924274
1.0, 0.884765152847
1.0, 0.565491450475
-1.0, -0.462101444388
1.0, 0.921911230044
1.0, 0.963561555629
1.0, 0.972187589307
-1.0, -0.540130294117
-1.0, -0.928115735155
1.0, 0.61154279624
1.0, 0.998239602145
-1.0, -0.886795250334
-1.0, -0.884325681245
1.0, 0.447691997336
1.0, 0.754242675018
1.0, 0.93587383681
1.0, 0.495258055731
1.0, 0.825110527058
1.0, 0.238107388987
1.0, 0.67025704907
-1.0, -0.913413873781
-1.0, -0.870777772677
1.0, 0.951684245406
1.0, 0.768478263531
1.0, 0.580231219779
1.0, 0.786241479102
1.0, 0.68534159495
1.0, 0.293135325254
-1.0, -0.221703467278
-1.0, -0.722123227335
-1.0, -0.974002027891
-1.0, -0.781884850401
1.0, 0.521236997728
1.0, 0.762606913735
1.0, 0.172771989483
1.0, 0.622897589869
1.0, 0.575283667038
1.0, 0.245669391912
-1.0, -0.576091415489
1.0, 0.47688508916
1.0, 0.530481613885
-1.0, -0.828591780234
-1.0, -0.976350428093
-1.0, -0.909597750229
-1.0, -0.776414986776
-1.0, -0.88993526544
-1.0, -0.481870315892
1.0, 0.0888650821331
1.0, -0.0613030908875
1.0, 0.462585388861
1.0, 0.775530176901
1.0, 0.609875061616
-1.0, -0.796605217899
-1.0, -0.801395377833
-1.0, -0.983636927803
-1.0, -0.536194504677
-1.0, -0.669107492484
-1.0, -0.903292354557
1.0, 0.196741129986
1.0, 0.595129134106
-1.0, -0.851048193842
-1.0, -0.821315277773
-1.0, -0.547501362212
1.0, 0.587738306993
-1.0, -0.948096950303
-1.0, -0.924550309434
1.0, -0.177082632479
1.0, 0.714874300877
-1.0, -0.487003807166
1.0, 0.599055384431
-1.0, -0.580907069941
1.0, 0.999950744856
1.0, 0.972118582588
1.0, 0.73149158705
-1.0, -0.752809153279
-1.0, -0.807818523721
-1.0, -0.246496704964
-1.0, -0.944977903978
-1.0, -0.768145465717
-1.0, 0.438376052703
1.0, -0.0363895446693
1.0, 0.733882802132
1.0, 0.843062346369
1.0, 0.875482512496
-1.0, -0.307488430577
1.0, 0.55607075178
-1.0, -0.941580599747
1.0, 0.98462935732
1.0, 0.586582397457
1.0, 0.890763991898
1.0, 0.89874749122
-1.0, -0.252161973202
-1.0, -0.634244567858
1.0, 0.783848319523
1.0, 0.919090022927
1.0, 0.918482718765
-1.0, -0.984117071049
1.0, 0.995474486473
-1.0, -0.898450000688
-1.0, -0.949953417402
-1.0, -0.976308937012
-1.0, -0.89196183966
-1.0, -0.306200740472
-1.0, -0.957781915107
1.0, 0.520471160562
-1.0, -0.316500964803
1.0, 0.843771029427
1.0, 0.998811683544
1.0, 0.622918671386
1.0, 0.402879804026
-1.0, -0.908674895057
-1.0, -0.87058047341
-1.0, -0.628871656756
-1.0, -0.414593190364
-1.0, -0.985824702525
1.0, 0.652580558417
1.0, 0.192714019509
1.0, 0.794108649194
1.0, -0.0358184629984
1.0, 0.211434906078
1.0, 0.574254028728
-1.0, -0.524535086733
-1.0, -0.995908314433
-1.0, -0.559439634248
-1.0, -0.774032936454
1.0, 0.811528700323
