0.69726988717
0.697266257554
0.697259179681
0.697248807582
0.697235270234
0.69721867359
0.69719910237
0.697176621657
0.697151278292
0.697123102114
0.697092107031
0.697058291961
0.697021641639
0.696982127313
0.696939707324
0.696894327596
0.696845922031
0.69679441282
0.696739710679
0.69668171501
0.696620313994
0.696555384619
0.696486792654
0.696414392556
0.696338027328
0.696257528319
0.69617271498
0.696083394558
0.695989361754
0.695890398315
0.695786272594
0.695676739049
0.695561537696
0.695440393509
0.695313015775
0.695179097385
0.695038314084
0.694890323647
0.694734765015
0.694571257356
0.694399399065
0.6942187667
0.694028913844
0.693829369896
0.693619638772
0.693399197542
0.693167494957
0.692923949899
0.692667949722
0.692398848488
0.692115965094
0.691818581276
0.691505939482
0.69117724061
0.690831641602
0.690468252876
0.690086135594
0.68968429875
0.689261696064
0.688817222673
0.688349711597
0.687857929978
0.687340575053
0.686796269868
0.686223558692
0.685620902127
0.684986671878
0.684319145171
0.683616498786
0.682876802681
0.68209801318
0.681277965693
0.680414366945
0.679504786663
0.678546648716
0.677537221649
0.676473608592
0.675352736505
0.674171344725
0.672925972798
0.671612947546
0.670228369372
0.66876809777
0.667227736054
0.66560261529
0.663887777487
0.662077958071
0.660167567735
0.658150673777
0.656020981083
0.653771812979
0.651396092249
0.648886322696
0.646234571745
0.643432454727
0.64047112163
0.637341247325
0.634033026523
0.630536174976
0.626839938815
0.622933114303
0.618804080738
0.614440849794
0.609831135139
0.60496244685
0.599822215784
0.59439795374
0.588677455835
0.582649051996
0.576301914624
0.569626429257
0.562614634191
0.555260733187
0.547561682438
0.539517848356
0.531133726362
0.522418702278
0.513387827234
0.504062564404
0.494471452169
0.484650614936
0.474644041937
0.464503548944
0.454288341286
0.444064112156
0.433901640357
0.423874896295
0.414058721285
0.404526206117
0.395345950215
0.386579420824
0.378278642128
0.370484421039
0.363225260932
0.356517035449
0.350363406286
0.344756887868
0.339680401976
0.335109134663
0.331012506992
0.327356094888
0.324103372709
0.321217200231
0.318661015482
0.316399730932
0.314400355535
0.312632380111
0.3110679701
0.309682009947
0.308452039609
0.307358117755
0.306382639577
0.30551013067
0.304727032723
0.304021491963
0.303383157524
0.302802994002
0.302273110367
0.301786605912
0.301337432927
0.300920275153
0.300530440734
0.300163768155
0.299816543655
0.299485428573
0.299167395198
0.298859669743
0.298559681181
0.298265014758
0.297973369089
0.297682515783
0.297390260594
0.297094405115
0.296792708005
0.296482844731
0.296162364711
0.295828644692
0.295478837047
0.295109811586
0.294718089316
0.294299766494
0.2938504273
0.293365043582
0.292837860626
0.292262268937
0.291630664095
0.290934300565
0.290163151876
0.28930580071
0.288349400308
0.287279776607
0.286081782029
0.284740069157
0.283240522198
0.28157264807
0.279733238136
0.277731465651
0.275595120633
0.273376720571
0.271156717994
0.269039293299
0.26713526677
0.265528297621
0.264227631565
0.263126366811
0.262004410822
0.260613391309
0.258820347716
0.256700297534
0.254480293744
0.252380318137
0.250491976879
0.248768205499
0.247086250646
0.245319120424
0.243386288318
0.241285680796
0.239109219268
0.237016542383
0.235119409321
0.23331636079
0.231332029656
0.229076623957
0.226788860237
0.22466222339
0.222597200972
0.220405825752
0.218086283429
0.215809672136
0.213595481879
0.211207493667
0.208614650113
0.206005220856
0.203305103198
0.200357383855
0.197257051026
0.194016372642
0.190418893692
0.186511348282
0.182247875908
0.177381767799
0.171798561258
0.165145605969
0.157458686534
0.149684184979
0.143099458144
0.138096775344
0.133552034493
0.129448079951
0.125706766639
0.12235497169
0.119134530909
0.115805905429
0.112331856176
0.108678990379
0.104900685141
0.101151031912
0.0975208612858
0.0939867912635
0.0904858361917
0.0870670518384
0.0844741990492
0.089556908018
0.0847528561561
0.0881381465405
0.0762425675229
0.0722221059513
0.0690409923078
0.0702679361372
0.0721943607059
0.0932021212691
0.0640455501731
0.119843663924
0.0718339009535
0.100151072315
0.0701401233234
0.0606007831001
0.0820235568897
0.0519750052756
0.0622987315257
0.0748333355466
0.0754511663989
0.0643402837518
0.0513960571604
0.049943275189
0.060720249201
0.0645098718409
0.0574391364145
0.0490118521422
0.0462942047561
0.0482529292085
0.051903525734
0.0552609971976
0.0575100185803
0.0585655902459
0.0582810212447
0.0567273741005
0.0542314937159
0.0512994830952
0.0484834443302
0.0462312784999
0.0447899821176
0.0442015485993
0.0443511261376
0.0450067627905
0.0458540492699
0.0465590630974
0.046868469624
0.0466973519499
0.0461210553271
0.0453430014158
0.0445941319336
0.0440460808817
0.0437741710985
0.0437625527167
0.043928616283
0.044157318424
0.0443395403429
0.044403478425
0.0443306257774
0.0441463485416
0.0439116203638
0.0436978731934
0.0435605689939
0.0435208574833
0.0435604996037
0.0436327570258
0.0436857787918
0.0436859819258
0.043630004603
0.04353857788
0.0434462974118
0.0433834653949
0.0433620515749
0.0433721064362
0.0433900650228
0.0433932894619
0.0433715002797
0.0433286003901
0.0432798061128
0.0432418992638
0.0432230987116
0.0432186675943
0.0432150822817
0.0432000991791
0.0431715053166
0.0431377412003
0.0431099763712
0.0430925345893
0.0430799295358
0.0430628123638
0.0430370425671
0.0430070922245
0.0429805127902
0.0429595178762
0.0429390380287
0.0429133681269
0.0428831376073
0.0428537261887
0.0428275535673
0.0428010864719
0.0427705462567
0.042737470128
0.0427056375436
0.0426746974458
0.0426412294109
0.042605007713
0.0425689306635
0.0425331621731
0.0424951512997
0.0424550379279
0.0424149328176
0.0423741031792
0.0423309743319
0.0422867985741
0.0422422525088
0.0421958774731
0.0421480264014
0.0420996521424
0.0420497165703
0.0419983430475
0.0419462835442
0.0418927130979
0.0418379474866
0.0417823419733
0.0417252883062
0.0416673514694
0.0416083542083
0.0415482120305
0.0414873041268
0.041425282392
0.0413625449294
0.0412989112387
0.041234572287
0.0411695601674
0.0411039170324
0.0410377877136
0.0409711693752
0.0409042309781
0.0408369792826
