1.69740030457
1.69739371342
1.6973808604
1.69736202512
1.69733744162
1.69730730211
1.6972717602
1.69723093378
1.69718490759
1.69713373543
1.69707744215
1.6970160253
1.69694945663
1.69687768334
1.69680062912
1.69671819504
1.69663026024
1.69653668253
1.69643729875
1.6963319251
1.69622035728
1.69610237049
1.69597771945
1.69584613812
1.6957073395
1.69556101518
1.69540683494
1.6952444461
1.69507347291
1.69489351579
1.69470415045
1.69450492696
1.69429536872
1.69407497132
1.69384320128
1.69359949476
1.69334325607
1.69307385613
1.69279063081
1.6924928791
1.69217986124
1.69185079662
1.69150486163
1.69114118724
1.69075885656
1.69035690212
1.68993430303
1.68948998191
1.6890228016
1.68853156172
1.68801499492
1.68747176288
1.68690045206
1.68629956913
1.68566753612
1.68500268517
1.68430325291
1.68356737451
1.68279307718
1.68197827334
1.68112075312
1.68021817642
1.67926806438
1.6782677901
1.67721456875
1.6761054469
1.67493729097
1.67370677488
1.67241036663
1.67104431385
1.66960462829
1.66808706894
1.66648712393
1.66479999089
1.66302055581
1.6611433702
1.65916262644
1.65707213122
1.6548652769
1.65253501067
1.65007380144
1.64747360432
1.64472582259
1.64182126709
1.63875011313
1.6355018548
1.632065257
1.62842830528
1.62457815402
1.62050107351
1.61618239681
1.61160646754
1.60675659045
1.60161498671
1.59616275714
1.59037985697
1.58424508734
1.57773610968
1.57082949144
1.56350079318
1.55572471034
1.54747528553
1.53872621169
1.52945125027
1.51962479412
1.50922261014
1.49822280231
1.48660704111
1.4743621084
1.46148180626
1.44796927024
1.43383970603
1.41912352642
1.40386979087
1.38814972977
1.37205995799
1.35572474015
1.33929638126
1.32295253237
1.30688903842
1.29130709449
1.27639413608
1.26229922264
1.24910560966
1.23680528437
1.22528163315
1.21430622699
1.20355357111
1.19263410635
1.18114207868
1.16871238783
1.15507956239
1.14013178397
1.12395200916
1.10683591113
1.08927363432
1.07188288862
1.05529015252
1.03997815753
1.02614649766
1.01365114368
1.00207562394
0.990932741752
0.979920975018
0.969107972752
0.958927351632
0.949966878837
0.94265631385
0.93704191574
0.93278514842
0.929371277755
0.926379997514
0.9236496969
0.921252140902
0.919317537748
0.917842430155
0.916620740118
0.915346042279
0.913799606943
0.9119705379
0.910012148627
0.908078356992
0.906188954773
0.904246201984
0.902179617051
0.900062527862
0.898064573869
0.896283348684
0.894653896705
0.893054065849
0.891461860856
0.889935865987
0.888455026635
0.886888805971
0.885160342334
0.883326253914
0.881437921667
0.879456270677
0.87738193428
0.875309017439
0.873272607472
0.871224307636
0.869171977508
0.867138161796
0.865064620279
0.862930417572
0.860772464572
0.858572242578
0.856340067528
0.854117313318
0.851876893485
0.849621378715
0.847338226923
0.844993465801
0.8426057531
0.840165128234
0.837703092503
0.835220785597
0.83272139373
0.830186483784
0.827602573413
0.824959590902
0.822267211422
0.819528734313
0.816752505223
0.813922651992
0.81103441293
0.80808643207
0.805081176618
0.802024012062
0.798906945571
0.795717056942
0.792451433767
0.789111308573
0.785691298556
0.782178417261
0.778566841126
0.774869108571
0.771205101196
0.768686015865
0.778999464066
0.899356536434
0.949360328748
0.85302930561
0.977809862533
0.996988741176
0.785433271471
0.974107767264
0.941562714836
0.776938893475
0.88865076581
0.963544051204
0.874767245832
0.756137240571
0.807166661639
0.905087522328
0.941632664294
0.917970939152
0.845420943878
0.765199933986
0.736966971034
0.775310239986
0.831850442144
0.869301688275
0.880485267093
0.863641531148
0.824654717335
0.77674760792
0.736850571414
0.718089213992
0.722386860071
0.740422300608
0.759093747866
0.768684120028
0.765652015269
0.751732171956
0.733242149494
0.718391382582
0.713125882466
0.717539410759
0.726044743964
0.731643584712
0.730421277045
0.722994642581
0.71395675017
0.708603235518
0.709065549896
0.712981008016
0.715988459628
0.715308121033
0.711258621605
0.706825474614
0.705068814122
0.706380674878
0.708304647551
0.708244972684
0.705833032069
0.70310189216
0.702152103299
0.702870135705
0.703369232954
0.702394402451
0.700533620026
0.699366324499
0.699425612801
0.699621584077
0.698887014487
0.697520702445
0.69663949095
0.696497746028
0.696204392431
0.695228377666
0.694220349872
0.693789894741
0.693419534511
0.692539133771
0.691631993403
0.691124945663
0.690494119875
0.689525405546
0.688759617318
0.688122543688
0.687186717873
0.686297793417
0.685546506769
0.684553557468
0.683595055723
0.682697191965
0.681599395547
0.680592245724
0.679497953426
0.678319558405
0.677177500035
0.675881807149
0.674628808442
0.673235074482
0.671846779756
0.67033289155
0.668802115456
0.667145822352
0.665461339505
0.663645312712
0.661774748001
0.659798396786
0.657709418823
0.655542345637
0.653250295825
0.650829521089
0.648297782372
0.645645739999
0.642860104381
0.639940999801
0.636922202042
0.633991240925
0.632355168704
0.640782493182
0.71453712032
0.674444367362
0.624602589297
0.617485445604
0.651956916255
0.618663618411
0.607453164998
0.635201058174
0.595242996731
0.623729994443
0.596025003006
0.606115649213
0.593451510473
0.594490678738
0.589366846174
0.586054827289
0.579527148533
0.582669124891
0.571557053506
0.579630296145
0.563037169543
0.573790341311
0.559149739063
0.563191185011
0.559994890871
0.551657878343
0.55730832129
0.55037097356
0.54431540622
0.547965610713
0.545612458156
0.537866058438
0.53434427583
0.535283358927
0.537099526478
0.537053742823
0.537010064399
0.545331161567
0.563103315084
0.601608890554
0.51220913033
0.583208918443
0.507141479684
0.559590087982
0.510087183591
0.533776329557
0.549951173052
0.494560288157
0.530408598511
0.543313821946
0.495889610925
0.502403262423
0.526478621553
0.507083457652
0.482892453707
0.497491599951
0.506714008926
0.487129347397
0.479790159423
0.493278278541
0.488093911615
0.475193714671
0.482448658827
0.484231098231
0.473444552417
0.475375029521
0.479160278212
0.471306005693
0.471046550101
0.474064260696
0.46831367219
0.46822947178
0.469610136606
0.465022493023
0.466069614848
0.465430566032
0.462312730761
0.463690788981
0.461099713283
0.460457024279
0.460039367812
0.457841750336
0.458135373253
0.455807687118
0.455795358765
0.453833117371
0.453416640479
0.451622693789
0.451040495852
0.449192477303
0.448531735881
0.446679654614
0.445634201539
0.444210700158
0.442425174333
0.441234441019
0.439608704782
0.437656542177
0.435968161716
0.434411991687
0.432766379558
0.431120037068
0.430008204958
0.431467225178
0.442089216885
0.479307706586
0.433209744196
0.423587711469
0.460199439331
0.412673599723
0.446827101541
0.411244375553
0.434156181645
0.430055881446
0.405885622642
0.430421223773
0.413724005396
0.400719882209
0.418493133676
0.41196523073
0.394707631244
0.403901524174
0.407071588924
0.393042536836
0.394893114543
0.400783551272
0.391062369574
0.389793102272
0.394716555971
0.38786315057
0.386887145292
0.389822583846
0.384190795668
0.385012012537
0.385567923456
0.381279256631
0.38302208855
0.38137037693
0.379303641213
0.380459930523
0.37755233682
0.377978300311
0.376740977391
0.375422749088
0.37541676361
0.373450022596
0.373620241619
0.371690093314
0.371659529794
0.369895329599
0.369660369544
0.367995957805
0.367529671351
0.366077583243
0.365120782157
0.364149399502
0.362610156574
0.361694526208
0.360477756881
0.358876541148
0.357546650095
0.35637817315
0.35508431528
0.353708212799
0.352523560572
0.352451373819
0.357690611954
0.38427328755
0.358006534767
0.343364634527
0.361079332275
0.340355805625
0.34914584931
0.34463078955
0.335262605032
0.345317551372
0.335204585195
0.330832716933
0.338209448209
0.332817011756
0.324750517267
0.326445759792
0.330423459469
0.326729021356
0.320812482916
0.316843452221
0.315026598598
0.314935304158
0.319773356838
0.343764175203
0.319908116139
0.307072795222
0.3234066539
0.303912628242
0.312883529809
0.307569109044
0.299890155416
0.309177981012
0.29882367131
0.296057871666
0.302878243333
0.296538159214
0.289862457251
0.293092868219
0.296257973488
0.290808711598
0.285082353314
0.282991995429
0.284257569364
0.288697897652
0.296178163713
0.308246799458
0.275586670759
0.298580974441
0.273152279006
0.290108797707
0.272813450316
0.280037053336
0.275005837622
0.271825488011
0.274162519793
0.266667878126
0.27160459899
0.26381846378
0.268402163572
0.261669109246
0.26533071685
0.260026301608
0.262200523349
0.258660563984
0.259040298149
0.257632092821
0.255967695923
0.256747980243
0.253535278265
0.254532951942
0.252542666524
0.251239206413
0.251675123411
0.249501926231
0.248443100653
0.248604181992
0.24713366239
0.245349536731
0.244576629211
0.244406658196
0.244566989863
0.244669928621
0.244747855343
0.244146058668
0.245574419134
0.249055747313
0.257979390161
0.269241012453
0.233722087071
0.252424824804
0.23162675808
0.245441530843
0.229659373863
0.238184501676
0.231313506167
0.2313722511
0.231488376562
0.226450926344
