0.0693626769902
0.0693617957148
0.0693600777883
0.0693575617256
0.0693542804374
0.0693502616921
0.0693455285357
0.0693400996749
0.0693339898248
0.0693272100255
0.0693197679306
0.0693116680688
0.0693029120834
0.069293498951
0.0692834251817
0.069272685004
0.0692612705353
0.0692491719417
0.0692363775872
0.0692228741762
0.0692086468888
0.0691936795135
0.0691779545759
0.0691614534677
0.0691441565767
0.0691260434179
0.0691070927705
0.0690872828192
0.0690665913031
0.0690449956734
0.0690224732608
0.0689990014548
0.0689745578953
0.0689491206794
0.0689226685821
0.0688951812942
0.0688666396773
0.0688370260359
0.0688063244086
0.0687745208763
0.0687416038892
0.0687075646098
0.0686723972714
0.0686360995511
0.0685986729517
0.0685601231921
0.0685204605992
0.0684797004981
0.0684378635918
0.0683949763248
0.0683510712213
0.0683061871885
0.0682603697744
0.0682136713696
0.0681661513403
0.0681178760813
0.0680689189778
0.0680193602628
0.0679692867627
0.0679187915204
0.0678679732923
0.0678169359143
0.0677657875386
0.0677146397469
0.0676636065467
0.067612803268
0.0675623453765
0.0675123472273
0.0674629207864
0.0674141743475
0.067366211278
0.0673191288241
0.0672730170069
0.0672279576362
0.067184023469
0.0671412775299
0.0670997726087
0.0670595509416
0.0670206440782
0.0669830729272
0.066946847972
0.0669119696389
0.0668784287987
0.0668462073817
0.0668152790793
0.0667856101121
0.0667571600396
0.0667298825892
0.0667037264867
0.0666786362684
0.0666545530613
0.0666314153165
0.066609159487
0.0665877206402
0.0665670329981
0.0665470304012
0.0665276466913
0.0665088160113
0.0664904730192
0.0664725530161
0.0664549919862
0.0664377265482
0.0664206938163
0.0664038311702
0.0663870759292
0.0663703649287
0.0663536339925
0.0663368172945
0.0663198465987
0.0663026503679
0.0662851527223
0.0662672722297
0.0662489205023
0.0662300005681
0.0662104049791
0.06619001361
0.06616869109
0.0661462837998
0.0661226163528
0.0660974874642
0.066070665097
0.0660418807536
0.0660108227634
0.0659771283898
0.0659403745423
0.0659000668134
0.0658556264323
0.065806374473
0.0657515121583
0.0656900951837
0.0656209984213
0.0655428650865
0.0654540320747
0.0653524235977
0.0652354170299
0.0650997288048
0.0649414865798
0.0647569118801
0.064544463197
0.0643095804006
0.0640719328056
0.0638694805005
0.063744624965
0.0637045877715
0.0636932839359
0.0636282753799
0.0634719165768
0.0632607658101
0.0630653326628
0.0629125412832
0.0627635261817
0.0625737469787
0.0623413053096
0.0620898100078
0.0618202619902
0.0614775010088
0.0609645795869
0.0602595109818
0.059575370932
0.0591062576403
0.0587858873276
0.0584506368214
0.0580031008679
0.0574727288228
0.0570366755923
0.0568161170398
0.0566947214927
0.0565058797447
0.0562430661172
0.0559833919067
0.055750574518
0.0555433967183
0.0553382847542
0.0550807417425
0.0547882341223
0.0544827798852
0.0541868956774
0.0538867217757
0.0535515330194
0.0531887189134
0.0528201139672
0.0524599057433
0.0520898611715
0.0516944778757
0.0512946262427
0.0508764352238
0.0503852638269
0.0497773712958
0.0489191398315
0.0477414682241
0.04717055657
0.0457538683745
0.0461235078294
0.0539065511334
0.0496935522893
0.0479262578335
0.0470359191627
0.0444800208662
0.0443776489189
0.0418394163712
0.0409553657986
0.0387784626261
0.0374484056878
0.0356662357583
0.0339827762248
0.0333686645711
0.0329194055499
0.0356500595624
0.0364585855952
0.0313415925635
0.0312446965533
0.0329391067168
0.0306352284883
0.0316160926214
0.030553036493
0.0289892779896
0.0293320375876
0.0315864971423
0.0282920524217
0.0282072090923
0.0294194323508
0.0275094425005
0.0281947949437
0.0274043191992
0.0271361677692
0.0274237867092
0.0266306069937
0.0271187949677
0.0260894981182
0.0265912331719
0.0257779603379
0.0265524784268
0.0259786371331
0.0259080594712
0.0259958041707
0.0252457850719
0.0253759906719
0.0251296129149
0.0249484846816
0.0249851740392
0.0245537656805
0.0244663409991
0.024736783704
0.0248434438766
0.0264561852006
0.0238081779254
0.0282065042115
0.0236033690735
0.0261328308102
0.0243521841963
0.0246395235894
0.0247523046255
0.0235572463076
0.0244356597224
0.0226995598205
0.0242912535111
0.0224937204265
0.0236129572346
0.0235504806453
0.0223691182682
0.0234478586396
0.0230309870671
0.0221401157205
0.0228151318099
0.0226512100713
0.0219853309004
0.0224261515862
0.0223570639648
0.0218962857788
0.0222172567014
0.0220805062294
0.0217302207194
0.0220043728796
0.0216972351023
0.0216837678516
0.0217437540873
0.0214886156557
0.0216602492419
0.0214144007855
0.0214873656454
0.021362849802
0.0213180878263
0.0212680838461
0.0212042490208
0.0211674120209
0.0210946715734
0.0210289220826
0.0209966657298
0.0208794927978
0.020889705005
0.0207805816044
0.0206958518628
0.0206923582273
0.0206353750208
0.0204964212906
0.0203963410663
0.0203329664111
0.0203117475952
0.0205268064586
0.0214033158082
0.0218106238207
0.0199454937141
0.0226437203697
0.0211991091873
0.021247113476
0.0212728363996
0.0196843563016
0.0207039013191
0.0198256558015
0.0203816949093
0.0194312272813
0.0200500283449
0.0193229626751
0.0201121831758
0.0192394488334
0.0196929256969
0.0193960902859
0.0193839452243
0.0191116817683
0.0193239255768
0.0190204586038
0.0192775726018
0.0187808790614
0.0190585476514
0.0187040836562
0.0189183768757
0.0187798218179
0.018641907999
0.0188494193076
0.018600182504
0.0184829667559
0.0187060266561
0.0187069119684
0.018309720556
0.0184648218223
0.0188576039849
0.0183890811523
0.0181361424099
0.0180913911228
0.0182249639236
0.0187317687408
0.0190615481106
0.0206157626674
0.0182080942059
0.0226462293724
0.0177916328906
0.0205516146942
0.0196787071723
0.018076755785
0.0200515052217
0.0178802273739
0.0185369586629
0.019135425314
0.0176585572591
0.0184591528364
0.0190713027149
0.0174528814976
0.0180923899803
0.0185575811841
0.0175611930884
0.017653386169
0.0181849168369
0.0172791977114
0.0176998728342
0.0177989749462
0.0172124344655
0.0176090218334
0.0174319780582
0.0172183537467
0.0175068732827
0.0171657158508
0.0172873286316
0.0172575044849
0.0171056622727
0.0172575287571
0.0170257967206
0.017178838107
0.0170068601344
0.0170748009209
0.01700330084
0.0169887710699
0.0169502438156
0.0169445206729
0.0168880985226
0.0169125062089
0.0168154819209
0.0168606686901
0.0167663952019
0.0167894677575
0.0167455051978
0.0166956840323
0.0167159593445
0.0166521698581
0.0166129298711
0.01662398012
0.0165842567116
0.0165197030487
0.0164965717662
0.0165019453954
0.0164941399726
0.0165044048015
0.0164964494768
0.0166062500305
0.0167758744796
0.0174340362952
0.017506971734
0.0183447074467
0.0164698926979
0.0197701968925
0.0161852167174
0.0185681380976
0.0181250656283
0.0162776959112
0.0183857870772
0.0164426798942
0.0167406422161
0.0176208638789
0.0166150738194
0.0159321766346
0.0170154445948
0.0169149097851
0.0158445100697
0.0161955221654
0.0167049945316
0.0162013983084
0.0157426914322
0.016272600348
0.0161624565865
0.0156964525249
0.016026963981
0.0160477034331
0.01567751562
0.0158530396862
0.0159129246957
0.0156315903979
0.0157787069335
0.0157944823598
0.0155981565252
0.0157120590675
0.0156859767203
0.0155668030111
0.0156696859938
0.0155838454174
0.0155558505922
0.015601090632
0.0155043179253
0.0155550431112
0.015503870049
0.0154906713342
0.015493111115
0.0154461025764
0.0154667236258
0.0154144743777
0.0154328554612
0.0153876792963
0.0153963563168
0.0153601591972
0.0153617739764
0.0153290644062
0.015327748269
0.0152955464527
0.0152938966068
0.0152622929538
0.015252793939
0.0152330680027
0.015206734373
0.0151956022512
0.0151733424036
0.0151456093047
0.015125564614
0.0151087827263
0.015090569655
0.0150721162166
0.0150672726621
0.0151131654226
0.0153629258933
0.0159719670417
0.0179012910094
0.0149716833106
0.0188636344498
0.0148659001449
0.0175181314035
0.0163964204254
0.0155205083766
0.0165614197612
0.0147884675924
0.0157930791741
0.0163875225105
0.0151243771601
0.0149458701694
0.0158680384539
0.0152948370015
0.0146036667453
0.0151791793547
0.0153439936598
0.0147167487966
0.0146894138899
0.0151077918819
0.0146999166301
0.014587014097
0.0148895983624
0.0146578037041
0.0145194487416
0.0147552095599
0.0145357276763
0.0145260556766
0.0146367309802
0.0144513306899
0.0145278894335
0.0145183979553
0.0144161671399
0.0145088284116
0.0144024558389
0.0144352981065
0.0144172148597
0.0143714089823
0.0144052089582
0.014332731273
0.0143743956136
0.0143101575052
0.0143367555346
0.0142902068762
0.014302786228
0.0142653296953
0.0142713375443
0.0142379848725
0.0142420845626
0.0142070266032
0.0142119605118
0.0141765070903
0.014179842483
0.0141479260276
0.0141415843294
0.0141234778012
0.014099233733
0.0140927623086
0.0140698598963
0.014046048821
0.0140335461789
0.0140189632178
0.0139979804081
0.0139739977055
0.0139513916558
0.0139322134202
0.0139285295939
0.0140039167927
0.0144851860713
0.016039218051
0.0146439459974
0.0138941939597
0.0156220193432
0.0138405525192
0.0146933882618
0.0136839694539
0.0145480736408
0.013967888657
0.01392519132
0.014224653102
0.0135754412227
0.0141407656569
0.0138638832815
0.0135962846327
0.0139803691639
0.0135964984061
0.0136564371632
0.013769333412
0.013457101467
0.0136978595351
0.0135178425858
0.0135102788434
0.0135634050627
0.0134078995408
0.0135353408878
0.0133777703041
0.0134740813816
0.0133721202948
0.0134116409696
0.013367033044
0.0133622563669
0.0133362938987
0.0133353437631
0.0132969966143
0.0133171411154
0.0132562696353
0.0132894974849
0.0132278035909
0.0132479792886
0.0132150089076
0.0131927780388
0.0132031664172
0.0131588266912
0.0131506500557
0.013151234916
0.0131138566242
0.0130926445757
0.013093697536
0.013078704578
0.0130465728831
0.0130187213238
0.0129988531183
0.0129855590681
0.0129882339977
0.0130381897306
0.0132542939935
0.0137691926786
0.0151335126751
0.0128688512409
0.0153699065606
0.0128188033263
0.0145764732257
0.013483139421
0.0135859097167
0.0137455531572
0.0130372670836
0.0137283596377
0.012836536327
0.013153220891
0.0132465488276
0.0126659158022
0.0132056572748
0.0130308957305
0.0126045184006
0.0130191700571
0.0128174223513
0.0126131201361
0.0129003942846
0.0126336951539
0.0126487495841
0.0127641219337
0.0125219046536
0.012682542247
0.0125925619031
0.0125333058836
0.0126201955236
0.0124767349565
0.0125750993819
0.0124810522802
0.0125098346832
0.0124865339908
0.0124592465709
0.0124725398216
0.0124227036876
0.0124478487822
0.0123985339074
0.0124189357111
0.0123765823636
0.0123895958889
0.0123575982603
0.0123583031461
0.0123387402112
0.0123260158946
0.0123222842946
0.0122947882518
0.0122974796209
0.0122749807095
0.0122596313314
0.0122567159361
0.0122358784845
0.0122153958723
0.0122071145647
0.0121999561499
0.0121877667562
0.0121770793619
0.0121776721168
0.0122092902337
0.0122931001956
0.0125343225234
0.0128517775948
0.0134921826628
0.0120566483569
0.013741471657
0.011994576548
0.0132807021243
0.0125391839939
0.0124804773744
0.0126653533701
0.0121304534743
0.012612087598
0.0119029924935
0.0125032923104
0.011961530789
0.0121298515146
0.0122043088079
0.0118285817729
0.0121861933419
0.0118229854394
0.0120193038678
0.0119083217322
0.0118630265347
0.0119118728613
0.0117850330407
0.0118819489422
0.0117354604162
0.011840634435
0.0117119302341
0.0117920880108
0.01169015096
0.0117488690351
0.0116770758037
0.0117002911485
0.0116654030475
0.0116511175682
0.0116621894798
0.0116105999192
0.0116405742416
0.011595783126
0.0115878017915
0.0115968979002
0.0115535728857
0.0115482226536
0.0115548881919
0.0115230874144
0.0114968935516
0.0114971174935
0.0114963443294
0.0114798219795
0.0114604161434
0.011445234788
0.0114482572348
0.0114874695429
0.0116404839356
0.011983610472
0.0128326394206
0.0113190135215
0.0126521350266
0.0113151252912
0.0121958571038
0.0113967787815
0.0118537247496
0.0120862385927
0.0112151539913
0.0118515788409
0.0120208675794
0.0112892047695
0.0114240391352
0.0118107577422
0.011280108153
0.0112836333447
0.011605824032
0.0112666837021
0.0111924391555
0.0114450870332
0.0111644661284
0.0111973773505
0.0113246982852
0.0111005483721
0.0111933533413
0.0112105168784
0.0110645086842
0.0111820847173
