2.43413040885
2.43400636974
2.43376444899
2.43340983409
2.43294682363
2.43237889858
2.43170878472
2.43093850709
2.43006943733
2.42910233441
2.42803737956
2.42687420568
2.42561192187
2.42424913325
2.42278395667
2.42121403227
2.41953653137
2.41774816076
2.41584516358
2.41382331682
2.41167792566
2.40940381459
2.40699531532
2.40444625157
2.40174992051
2.39889907098
2.39588587823
2.39270191506
2.38933811927
2.38578475709
2.38203138242
2.37806679162
2.37387897338
2.36945505353
2.36478123411
2.35984272651
2.35462367788
2.34910709049
2.34327473321
2.33710704455
2.33058302643
2.32368012782
2.31637411744
2.30863894447
2.30044658633
2.29176688234
2.28256735227
2.27281299856
2.26246609109
2.2514859336
2.23982861061
2.22744671441
2.21428905169
2.2003003301
2.18542082579
2.16958603418
2.15272630771
2.13476648662
2.11562553182
2.09521617287
2.07344458975
2.05021015427
2.02540526677
1.99891533617
1.97061896829
1.94038844803
1.90809062801
1.87358836889
1.8367427166
1.79741604732
1.75547646099
1.71080375275
1.66329732877
1.61288644177
1.55954307363
1.50329764808
1.44425746305
1.38262722756
1.31873032348
1.2530283767
1.18613550753
1.11882248635
1.05200541446
0.986714124143
0.924037876619
0.865050368099
0.810721906368
0.761832179881
0.718899896019
0.682143738589
0.651482387434
0.62657189108
0.606870063602
0.591712901156
0.580388344107
0.572196856757
0.566493898667
0.562714278908
0.560381498964
0.559106419878
0.558579454769
0.558559646208
0.558862956684
0.55935302619
0.559930615816
0.560525382391
0.561088961387
0.561589405971
0.562006851949
0.56233021174
0.562554693489
0.562679961831
0.562708787007
0.562646059815
0.5624934448
0.562253708787
0.561930513392
0.561528287462
0.561052158565
0.560507926575
0.559902064686
0.559241734343
0.558534800552
0.55778983336
0.557016080076
0.55622339151
0.555422084731
0.554622725272
0.553835814409
0.553071373146
0.552338425079
0.551644396018
0.550994469161
0.550390959112
0.549832792414
0.549315200596
0.54882973577
0.54836470024
0.547906034155
0.547438629103
0.54694794021
0.546421675149
0.545851273588
0.54523288308
0.544567604317
0.543860915808
0.543121366253
0.542358794386
0.541582450088
0.540799412016
0.540013620254
0.539225692154
0.538433509551
0.537633401978
0.536821636276
0.535995872743
0.535156261248
0.534305921332
0.533450672611
0.532598050306
0.531755838751
0.530930540613
0.530126295781
0.529344684176
0.528585547947
0.527848521089
0.527134563061
0.526446711332
0.525789620929
0.525168101533
0.524585421742
0.52404226772
0.523536837848
0.52306588238
0.522625971525
0.522214203667
0.521827980052
0.521464124546
0.521118107983
0.520784091784
0.520455896435
0.520128242752
0.519797354057
0.519460555297
0.519115423007
0.518759449746
0.51839063459
0.518008401808
0.517613817852
0.517208758893
0.51679484265
0.516373224517
0.515945220131
0.515512507227
0.515076231601
0.514636104198
0.514190749047
0.513738610451
0.51327790916
0.512806125522
0.51232063791
0.511819855809
0.511303024094
0.510769673625
0.510220213946
0.509656000905
0.509078238879
0.508487921455
0.50788608517
0.507272941359
0.506648036581
0.506010840281
0.505360421962
0.504696186768
0.504018051328
0.503326024818
0.502620473604
0.501901375086
0.501168500345
0.500421098858
0.499658090351
0.498878314192
0.498080886918
0.497265217
0.496430851244
0.495577051863
0.494702775759
0.493806487576
0.492886541411
0.491941584018
0.490970588208
0.489972660595
0.488946781762
0.487891512382
0.486805158057
0.485685935929
0.484531809443
0.48334022751
0.482108309199
0.480842872963
0.479669625933
0.480389357207
0.504698765442
0.477099283795
0.479069299869
0.509849661415
0.490564991679
0.538826534518
0.494114096583
0.523437376627
0.507231968648
0.475271357342
0.521231475687
0.48447419928
0.478861329095
0.498027177268
0.497509462685
0.473928111129
0.464546745089
0.490699468044
0.463365701205
0.463512954532
0.476877355369
0.472613852641
0.457325731229
0.465966002954
0.465264043211
0.45497002193
