1.0, 0.652509476646
1.0, 0.639666129232
1.0, 0.613702085902
1.0, 0.680699043259
1.0, 0.706172791222
1.0, 0.711917773419
1.0, 0.72565979705
1.0, 0.758112703529
1.0, 0.75571381413
1.0, 0.984595460706
1.0, 0.965590067084
1.0, 0.700238916112
1.0, 0.699905841489
1.0, 0.777877464774
1.0, 0.718640050185
1.0, 0.718305937043
-1.0, 0.75082176227
-1.0, 0.388596224251
1.0, 0.78724442076
1.0, 0.759668434181
1.0, 0.83052616545
1.0, 0.632749413031
1.0, 0.679968045649
1.0, 0.58033642808
-1.0, 0.572805026981
1.0, 0.433115925271
1.0, 0.766861131908
1.0, 0.952876739699
1.0, 0.965346885692
1.0, 0.713777334824
1.0, 0.726894982135
1.0, 0.543526941547
1.0, 0.416728300772
-1.0, -0.428067490725
-1.0, -0.136124951898
1.0, 0.521525917278
1.0, 0.806594989942
-1.0, 0.0124936254401
-1.0, -0.495961017556
-1.0, -0.115285046318
1.0, 0.646407882953
1.0, 0.78242670382
1.0, 0.991213858082
1.0, 0.799653510793
1.0, 0.888937030818
1.0, 0.622082384144
1.0, 0.681825662943
1.0, 0.727499970163
1.0, 0.719593757335
1.0, 0.706142168345
1.0, 0.673271447457
1.0, 0.792858482261
-1.0, 0.74894540543
1.0, 0.638376361924
1.0, 0.839766045525
1.0, 0.932573083229
1.0, 0.865473287186
1.0, 0.674533792237
1.0, 0.735248057613
1.0, 0.759263775197
-1.0, 0.708016164341
1.0, 0.568675422861
1.0, 0.540737893516
1.0, 0.904158970636
1.0, 0.564131888942
-1.0, 0.431651764238
1.0, 0.631159420703
-1.0, 0.986563681205
1.0, 0.734851156465
1.0, 0.993951491251
1.0, 0.935790449485
1.0, 0.894196919773
1.0, 0.668094741107
1.0, 0.814803562159
1.0, 0.991753794129
1.0, 0.739485620479
1.0, 0.923880163893
1.0, 0.648676501754
-1.0, 0.658174559543
-1.0, -0.335344145503
1.0, 0.921950499546
1.0, 0.928552507927
1.0, 0.674263739143
1.0, 0.744505156847
-1.0, 0.612127028445
-1.0, 0.325156057966
1.0, 0.948924557999
1.0, 0.99404520005
1.0, 0.822785594435
1.0, 0.925483134818
1.0, 0.624194136259
1.0, 0.656542298712
-1.0, 0.652445126914
1.0, -0.0508333954081
1.0, 0.872155130864
1.0, 0.886430085237
1.0, 0.933376107834
1.0, 0.759846603564
1.0, 0.702744825848
1.0, 0.710969853441
1.0, 0.588548005227
-1.0, 0.0941409906735
1.0, 0.922983163995
1.0, 0.990638913111
1.0, 0.940784952396
1.0, 0.95246881511
1.0, 0.579702672066
1.0, 0.648599138504
-1.0, 0.67393099624
1.0, 0.193712469262
-1.0, 0.634601019189
-1.0, 0.194389738638
1.0, 0.926419592307
1.0, 0.986630026447
1.0, 0.940109292673
1.0, 0.935512992851
1.0, 0.682610193938
1.0, 0.659297111165
1.0, 0.643912794338
1.0, 0.780218656818
-1.0, 0.683684831093
1.0, 0.189139402247
1.0, 0.974398853398
1.0, 0.962345315045
1.0, 0.924496249332
-1.0, 0.540587226209
-1.0, -0.627486268565
-1.0, 0.0242880038751
1.0, 0.869506969167
1.0, 0.910962412997
1.0, 0.60515323896
1.0, 0.612928535908
1.0, 0.587820708621
1.0, 0.564188156612
1.0, 0.58688374431
1.0, 0.636238653736
1.0, 0.687945125143
1.0, 0.991344865248
1.0, 0.907728874093
1.0, 0.953851375015
-1.0, 0.61998062869
-1.0, -0.279423323597
1.0, 0.832090667923
1.0, 0.965014441546
1.0, 0.506492208058
1.0, 0.909105340627
1.0, 0.767501645079
1.0, 0.942610951707
1.0, 0.653445279548
1.0, 0.598810257296
-1.0, 0.542437959223
1.0, 0.546372070836
1.0, 0.887127424371
1.0, 0.937085061073
1.0, 0.869920229034
1.0, 0.654662686528
-1.0, 0.688815299325
1.0, 0.562563974924
1.0, 0.109884733432
1.0, 0.990874255111
1.0, 0.893913476034
1.0, 0.956866508883
1.0, 0.641252398655
1.0, 0.771022008951
1.0, 0.62599874387
1.0, 0.689799369083
1.0, 0.586021029644
-1.0, 0.737302370868
1.0, 0.248336091523
1.0, 0.621285637298
1.0, 0.865259366774
1.0, 0.918255386337
-1.0, 0.673497872517
1.0, 0.124434363759
1.0, 0.665666498099
1.0, 0.669140821807
1.0, 0.70900295689
1.0, 0.752901835044
-1.0, 0.755833953306
1.0, 0.31812425351
1.0, 0.968764924066
1.0, 0.893593109012
-1.0, 0.858297632458
1.0, 0.716577278987
-1.0, 0.671231978882
-1.0, 0.188687251528
1.0, 0.954389930778
1.0, 0.984192595717
1.0, 0.883874122888
1.0, 0.922231878781
-1.0, 0.757067540793
-1.0, 0.0547682929609
1.0, 0.582413044846
1.0, 0.6529352092
-1.0, 0.632260185489
-1.0, 0.392487251877
1.0, 0.953485460724
1.0, 0.989996028622
1.0, 0.936454528868
1.0, 0.884531722823
1.0, 0.693187109866
1.0, 0.702690272103
1.0, 0.686126172651
1.0, 0.612907736647
1.0, 0.685186275327
1.0, 0.688826860372
1.0, 0.763418936565
1.0, 0.688883833899
1.0, 0.757456826657
-1.0, 0.732579987117
1.0, 0.395177573272
1.0, 0.983993999633
1.0, 0.971975601579
1.0, 0.955975577019
1.0, 0.617343963606
1.0, 0.634258538448
1.0, 0.730933751149
1.0, 0.639280281264
1.0, 0.733078967914
-1.0, 0.704611346774
1.0, 0.732941227759
1.0, 0.927321091447
1.0, 0.983236331035
-1.0, 0.918885392754
1.0, 0.540467149387
1.0, 0.942871606177
1.0, 0.881869574533
1.0, 0.823173411062
1.0, 0.77672996261
1.0, -0.0013473925476
1.0, 0.935610597004
1.0, 0.952213208246
1.0, 0.910707360096
1.0, 0.671581920101
1.0, 0.694812546003
1.0, 0.680324257204
1.0, 0.661180524645
1.0, 0.685607186441
-1.0, 0.624113262243
1.0, 0.33585309949
1.0, 0.947221890479
1.0, 0.975698181956
1.0, 0.930478418285
1.0, 0.684234778526
1.0, 0.682341253053
-1.0, 0.673330607377
1.0, 0.0971606667613
1.0, 0.994682843985
1.0, 0.841854139288
1.0, 0.910392313692
1.0, 0.629252302401
1.0, 0.594288438729
1.0, 0.627728239707
1.0, 0.649194616003
1.0, 0.72031235163
1.0, 0.724447856077
1.0, 0.907226327363
1.0, 0.532371815204
1.0, 0.585093066923
1.0, 0.64958016043
1.0, 0.669892670215
1.0, 0.606589564246
-1.0, 0.633677485441
-1.0, -0.160127910307
1.0, 0.809967651055
1.0, 0.93029379665
-1.0, 0.733567613323
1.0, 0.529376639514
1.0, 0.791286223242
1.0, 0.86552125058
1.0, 0.789050307031
1.0, 0.674941164184
1.0, 0.70981720205
1.0, 0.779240765549
1.0, 0.812669568644
1.0, 0.709368224937
1.0, 0.660031292973
1.0, 0.712530363558
-1.0, 0.744341751419
1.0, 0.87369716913
1.0, 0.956095418703
1.0, 0.936271574706
1.0, 0.796383196748
1.0, 0.68951543026
1.0, 0.739885056463
1.0, 0.760214034109
1.0, 0.691373142234
1.0, 0.685891113524
-1.0, 0.616691450504
1.0, 0.446223946945
1.0, 0.642659210796
1.0, 0.914650008972
-1.0, 0.838527499573
1.0, 0.599896491171
1.0, 0.645983189812
-1.0, 0.650547162784
1.0, 0.477524323702
1.0, 0.766696797084
1.0, 0.925192185634
1.0, 0.814511630973
1.0, 0.61174324168
1.0, 0.544663029336
1.0, 0.585695463007
1.0, 0.569642865567
1.0, 0.618166061734
1.0, 0.79617100358
1.0, 0.724952112516
1.0, 0.686644250427
1.0, 0.704584982541
1.0, 0.719928088967
1.0, 0.747120281243
1.0, 0.954873006984
1.0, 0.921149285131
-1.0, 0.546734531217
-1.0, -0.554543723014
1.0, 0.702815505473
1.0, 0.979249521611
1.0, 0.893143997474
1.0, 0.919858992522
1.0, 0.660172667352
1.0, 0.675589318385
1.0, 0.673919576251
1.0, 0.632299178408
1.0, 0.631873518017
1.0, 0.631305960572
1.0, 0.627715276299
1.0, 0.62532536864
1.0, 0.71694249329
-1.0, 0.699641545092
1.0, 0.643682986011
1.0, 0.657043682692
1.0, 0.601030179657
1.0, 0.658083288302
1.0, 0.661376759247
1.0, 0.66626407778
1.0, 0.637319190693
1.0, 0.62395770478
-1.0, 0.582020004649
1.0, 0.573387380481
1.0, 0.63897223563
1.0, 0.650390561097
-1.0, 0.65118069794
-1.0, 0.515250882301
1.0, 0.851343085369
1.0, 0.971360978938
1.0, 0.59559860025
1.0, 0.698804165226
1.0, 0.597742122996
1.0, 0.636667316543
1.0, 0.648655849489
1.0, 0.692601600875
1.0, 0.719665978859
-1.0, 0.654440079952
-1.0, 0.086522878981
1.0, 0.484221590518
