2.46550156474
2.46547667726
2.46542814309
2.46535701316
2.46526416441
2.46515031376
2.46501603056
2.46486174748
2.46468777009
2.46449428518
2.46428136808
2.46404898888
2.46379701779
2.46352522959
2.4632333074
2.46292084565
2.46258735245
2.46223225124
2.46185488201
2.46145450182
2.46103028484
2.46058132195
2.46010661976
2.45960509922
2.45907559373
2.45851684676
2.45792750911
2.45730613557
2.45665118123
2.45596099719
2.45523382588
2.45446779575
2.45366091552
2.4528110678
2.4519160021
2.45097332725
2.44998050309
2.44893483142
2.44783344627
2.44667330316
2.44545116761
2.44416360257
2.44280695476
2.44137733997
2.43987062696
2.43828242003
2.43660804013
2.43484250421
2.43298050287
2.431016376
2.42894408614
2.42675718964
2.42444880501
2.42201157846
2.41943764625
2.41671859347
2.41384540898
2.41080843603
2.40759731813
2.40420093972
2.40060736099
2.3968037463
2.39277628552
2.38851010747
2.38398918478
2.37919622899
2.37411257519
2.36871805483
2.3629908557
2.3569073676
2.35044201249
2.34356705742
2.33625240888
2.32846538676
2.32017047641
2.31132905716
2.30189910575
2.29183487352
2.2810865364
2.26959981741
2.25731558225
2.24416940989
2.23009114149
2.21500441382
2.19882618617
2.18146627408
2.16282690881
2.1428023487
2.12127857717
2.098133134
2.07323513961
2.0464455888
2.01761800873
1.98659959657
1.95323297305
1.91735870737
1.87881878262
1.83746117442
1.79314570199
1.74575127285
1.69518457248
1.64139014238
1.58436164387
1.52415392641
1.46089532395
1.39479941189
1.32617529002
1.25543531956
1.18309911567
1.10979244759
1.0362395152
0.96324694157
0.891677993312
0.822416390542
0.756320887808
0.69417445568
0.636634550612
0.584192332475
0.537147729179
0.49560397022
0.45948086468
0.428542440808
0.40243278992
0.380714158591
0.362902773044
0.34849965462
0.337015196709
0.327987316853
0.320993620999
0.315658352517
0.311655060741
0.308705978019
0.306579067927
0.305083614461
0.304065079574
0.303399787971
0.302989828702
0.302758412789
0.302645806276
0.302605871536
0.302603193596
0.302610736395
0.302610589347
0.302587252777
0.302529057156
0.30242724808
0.302275282376
0.302068292096
0.301802681682
0.301475830797
0.301085881311
0.300631591594
0.300112244915
0.29952760125
0.298877883325
0.298163788284
0.297386515872
0.296547802518
0.295649948197
0.294695819504
0.293688808524
0.292632723468
0.291531585142
0.290389305271
0.289209231265
0.287993560567
0.286742658762
0.285454359466
0.284123375738
0.282740999954
0.281295290064
0.279771907353
0.278155659885
0.276432612574
0.274592383992
0.272630044637
0.2705469765
0.268350247492
0.266050508771
0.263659016039
0.26118486903
0.258633699262
0.256008665423
0.25331377417
0.250558439908
0.247761171723
0.244949836727
0.242156823628
0.239410246431
0.2367264136
0.234110704442
0.231568962761
0.229120389875
0.226797479866
0.22463015286
0.222630073561
0.220792358223
0.219110768928
0.217585130382
0.216210410511
0.214965379525
0.213823321153
0.212770822067
0.211802146642
0.210900285301
0.210042024507
0.209216930809
0.208422815759
0.207650884619
0.206896141836
0.206167051402
0.205468083625
0.204796625882
0.204155587071
0.203541963402
0.20294282105
0.202349422216
0.201747631839
0.201120161452
0.20045857361
0.199754015386
0.199006899944
0.19822419555
0.197415412992
0.196595483921
0.195773757329
0.194959519459
0.19415281516
0.193351550859
0.192548189285
0.191738127108
0.190917447624
0.190086250895
0.189247051422
0.188401193604
0.187549346839
0.186690052186
0.185820928566
0.184941762772
0.184055349801
0.183166420573
0.182278782291
0.181392797783
0.180505054991
0.179611412455
0.178715425745
0.1778850749
0.177899270527
0.186222302859
0.211672411319
0.206051055013
0.193876503144
0.17647763795
0.176338419006
0.187207895087
0.173454896312
0.17750890915
0.171926856712
0.170366978367
0.174312678204
0.167798208433
0.175714826809
0.167343957934
0.1713463962
0.165655093148
0.169890995105
0.167028352728
0.166727408355
0.167363760425
0.163211841279
0.165213705986
0.162683147306
0.162717846633
0.163329142599
0.160925234971
0.1624794757
0.162462933866
0.159529946048
0.161414567776
0.163606759994
0.158289018112
0.15987672744
0.164994979361
0.157618393571
0.15689684625
0.161926299827
0.160833637202
0.165694298142
0.157703445415
0.156596514021
0.156702263862
0.165780327756
0.151783819492
0.170575078415
0.162240692597
0.163522419407
0.158228059431
0.149501820696
0.156632135272
0.151325567822
0.153962127479
0.14793739849
0.151831223302
0.147630475399
0.15154888288
0.145717797905
0.148618481061
0.145059843391
0.146798679613
0.146164138729
0.144291984699
0.146898935216
0.144437503757
0.143195274586
0.145831297156
0.144884336825
0.14139920745
0.144648993441
0.148867729522
0.140459871788
0.14341726058
0.153287363853
0.142976816577
0.160553007747
0.138198070718
0.150408731756
0.150100287256
0.136976806315
0.151456202503
0.14181550706
0.138691338129
0.146480026115
0.143586209779
0.135534721671
0.140028528909
0.141539616903
0.134649512435
0.137840516783
0.139363521037
0.134839760541
0.135359022149
0.137559277089
0.133685302302
0.134896274878
0.135814228622
0.133218822785
0.134011712402
0.13440656446
0.132477716829
0.133615540729
0.133140651243
0.132069942666
0.133039790429
0.131859718168
0.132053512927
0.132064139556
0.131221172226
0.131727225712
0.130969261454
0.131068355434
0.130866062088
0.130455582442
0.130562031473
0.13002665985
0.130144075145
0.129648410485
0.129708343497
0.129268896382
0.129255321881
0.128864584953
0.128820350877
0.128430758175
0.128333835694
0.128009696098
0.127779441812
0.127591518783
0.127234339511
0.127009397
0.126786730747
0.126434155134
0.126088422441
0.125796510642
0.125531877016
0.125324128302
0.125304497016
0.12651508368
0.130499359198
0.152179548081
0.125822331851
0.187589073122
0.15793653569
0.181969383194
0.137976461738
0.165667593459
0.161820951039
0.134856410511
0.172296446419
0.171438115638
0.134516273655
0.132027668809
0.159271884578
0.125529594687
0.126764358285
0.143881201907
0.146271164563
0.132594298055
0.119182262875
0.128780897691
0.143375194089
0.140136686591
0.124639010274
0.118484497144
0.124209371946
0.132284534188
0.137784486314
0.140051750587
0.138859278108
0.13463187105
0.128522299172
0.122382955944
0.118411573595
0.118133514988
0.121057736181
0.12452348472
0.125675546879
0.123778964365
0.120409782825
0.117961352734
0.117629724856
0.118864373595
0.120292896112
0.120841762302
0.120226916165
0.118866398463
0.117643061892
0.117326801037
0.117935844753
0.118672210478
0.118724962741
0.118070622606
0.117346198906
0.117146243092
0.117452166109
0.117790483615
0.117776318505
0.117410800525
0.117040506442
0.116989502895
0.117193774364
0.117295657397
0.117123313575
0.116870653553
0.116803882555
0.116902274338
0.116940315201
0.116818185619
0.116659431058
0.116624250579
0.116671134699
0.116639736534
0.116516467189
0.116439902246
0.116445605033
0.116423647103
0.116328882566
0.116252050452
0.116235275374
0.116192848521
0.116102382521
0.116044630404
0.116009952901
0.115933595832
0.115854895421
0.115806477506
0.115731665862
0.115646298163
0.115583731721
0.115498738715
0.115409648995
0.115332668087
0.11523282536
0.115141140798
0.115042629353
0.114933738265
0.114830203223
0.114710074014
0.114595200173
0.11446543594
0.114337491191
0.114196372059
0.114054934165
0.11390051297
0.1137444435
0.113575797857
0.113402180066
0.113219508911
0.1130258152
0.112825673748
0.112614479115
0.112391325098
