1.06088173128
1.06087218443
1.06085356873
1.06082629122
1.06079069383
1.06074705871
1.06069561285
1.06063653237
1.06056994612
1.060495939
1.06041455484
1.06032579894
1.06022964022
1.06012601319
1.06001481958
1.05989592972
1.05976918372
1.05963439248
1.05949133841
1.05933977612
1.05917943282
1.05901000865
1.05883117686
1.05864258389
1.05844384926
1.05823456545
1.05801429759
1.05778258317
1.05753893154
1.05728282343
1.05701371032
1.05673101385
1.05643412501
1.05612240346
1.05579517664
1.05545173891
1.05509135068
1.05471323741
1.0543165887
1.05390055727
1.05346425798
1.05300676683
1.05252711997
1.05202431273
1.05149729872
1.05094498889
1.05036625072
1.04975990752
1.04912473771
1.04845947436
1.04776280479
1.04703337034
1.04626976646
1.04547054287
1.04463420416
1.04375921064
1.04284397957
1.04188688685
1.0408862692
1.03984042685
1.03874762697
1.03760610773
1.0364140832
1.03516974917
1.03387128998
1.03251688645
1.03110472511
1.0296330088
1.02809996878
1.02650387852
1.02484306933
1.02311594797
1.02132101632
1.01945689344
1.01752233992
1.01551628491
1.01343785566
1.01128640982
1.00906157041
1.00676326354
1.00439175852
1.00194771039
0.999432204289
0.996846801237
0.994193584637
0.991475206471
0.988694932022
0.985856681609
0.982965067425
0.980025423258
0.97704382439
0.974027094582
0.970982796624
0.967919202512
0.964845239081
0.96177040471
0.958704652859
0.955658238577
0.952641525028
0.949664748496
0.94673774256
0.943869625068
0.941068455526
0.938340875236
0.935691748132
0.93312382614
0.930637468661
0.928230450536
0.925897895376
0.923632370356
0.921424172843
0.919261827712
0.917132796055
0.91502437177
0.912924713728
0.910823931202
0.908715113524
0.906595177534
0.904465404062
0.902331552505
0.900203482697
0.898094273761
0.896018903577
0.893992628096
0.892029262081
0.890139597064
0.888330187303
0.886602686484
0.884953832577
0.883376069702
0.881858684481
0.880389241725
0.878955049232
0.87754437664
0.876147203454
0.874755372412
0.873362162756
0.871961449686
0.870546746516
0.86911049329
0.867643921021
0.866137665419
0.8645830493
0.862973671891
0.861306751016
0.859583676185
0.857809498079
0.855991532323
0.854137693487
0.852255345739
0.850351194429
0.848432112204
0.846506126408
0.844582557404
0.842670793361
0.840778240096
0.838908864574
0.837063586893
0.835242384283
0.833446404977
0.831678289862
0.829940722336
0.828235194438
0.8265626536
0.824925099722
0.823325510934
0.821765333336
0.820242168179
0.818750311016
0.817282807419
0.815831726363
0.814387062277
0.812937773312
0.811474727055
0.809991335221
0.808481734295
0.806940810003
0.805365567205
0.803754023672
0.802104253891
0.800416511953
0.798693835751
0.796940558995
0.79516276259
0.793367331301
0.791559567811
0.789743837429
0.78792328297
0.786099540908
0.784274000206
0.78244653067
0.780615811113
0.778779265713
0.776933629047
0.775076236091
0.773204761929
0.771317456467
0.76941222496
0.767487107932
0.765539996356
0.763568818562
0.761571249102
0.759544497302
0.757485538476
0.755391340711
0.753259124704
0.751085957761
0.748868898287
0.746605235008
0.744292271966
0.741928069833
0.73951081954
0.73703929867
0.73451150091
0.731926541236
0.72928844606
0.726694314682
0.725284278278
0.74075611594
0.92653302697
0.743789145782
1.13216314721
0.829007985672
0.98969336764
0.988641951068
0.904719473245
0.887893528745
0.911374948667
0.88115528561
0.745452009241
0.826368637233
0.814675025796
0.881363161138
0.837971718585
0.751973799549
0.775741964189
0.749542601955
0.787820325253
0.830086703811
0.828546272702
0.790715818017
0.760445325509
0.756267958562
0.749121081282
0.716114786758
0.703882076026
0.741645087156
0.733427072961
0.710502894876
0.724293107534
0.717684858498
0.691386434666
0.695332678825
0.706766355921
0.694711807647
0.692477376947
0.699017530663
0.691832491155
0.680007617361
0.685465060964
0.681034227368
0.676960872813
0.683010314246
0.674937115917
0.675348673643
0.67380786539
0.669715873697
0.673098489607
0.668826179977
0.668953480375
0.666601612
0.664623830261
0.665152682864
0.662731652243
0.662727127954
0.659827668706
0.659705962666
0.658177807289
0.657283249571
0.655934357873
0.653998152666
0.654084642987
0.651898156675
0.650296616229
0.649826312797
0.648151979539
0.646145618581
0.645134244169
0.644599944083
0.643752711682
0.644378241828
0.645413211183
0.650618054017
0.649789363546
0.667185332324
0.670940974234
0.721752503944
0.655294224393
0.782857682705
0.632989917504
0.713554915995
0.703355718539
0.623890133946
0.719848199726
0.633148655192
0.652930326872
0.683988538765
0.645390045486
0.617033803207
0.659906681797
0.658064530508
0.614952451921
0.626468895984
0.647169012421
0.631366309642
0.608344994412
0.626118444279
0.628200697624
0.606434016351
0.615672379984
0.621897648159
0.607597097593
0.606746697427
0.615129264799
0.603591335462
0.604939869478
0.609341017739
0.601096375403
0.602377273996
0.604591222255
