1.12889208385
1.12888626272
1.1288749117
1.12885827858
1.12883657125
1.12880996101
1.12877858536
1.12874255061
1.1287019341
1.1286567862
1.12860713207
1.12855297314
1.1284942885
1.12843103601
1.12836315327
1.12829055848
1.12821315108
1.12813081237
1.12804340591
1.12795077785
1.12785275719
1.12774915588
1.12763976892
1.12752437428
1.12740273283
1.12727458814
1.12713966623
1.12699767527
1.12684830518
1.12669122722
1.1265260935
1.1263525364
1.12617016798
1.12597857935
1.12577733995
1.12556599679
1.12534407363
1.12511107019
1.12486646119
1.12460969547
1.12434019496
1.12405735367
1.12376053665
1.12344907884
1.12312228398
1.1227794234
1.12241973483
1.12204242116
1.12164664921
1.12123154839
1.12079620948
1.12033968329
1.11986097936
1.11935906469
1.11883286242
1.11828125066
1.11770306121
1.11709707845
1.11646203826
1.11579662706
1.11509948092
1.11436918486
1.11360427232
1.1128032248
1.11196447179
1.11108639097
1.11016730872
1.1092055011
1.1081991952
1.10714657109
1.10604576432
1.10489486914
1.10369194253
1.10243500909
1.10112206696
1.09975109494
1.09832006081
1.09682693121
1.09526968305
1.09364631679
1.09195487164
1.09019344302
1.08836020239
1.08645341964
1.08447148834
1.08241295393
1.08027654509
1.07806120833
1.075766146
1.0733908575
1.07093518382
1.06839935495
1.06578403981
1.0630903981
1.06032013305
1.05747554381
1.05455957596
1.0515758679
1.04852879061
1.04542347759
1.04226584132
1.03906257183
1.03582111274
1.03254960941
1.02925682394
1.02595201175
1.02264475503
1.01934474948
1.01606154274
1.01280422534
1.00958107883
1.00639918983
1.00326404436
1.00017912202
0.997145515578
0.994161606251
0.991222828701
0.988321560548
0.985447169032
0.982586240767
0.979723009314
0.976839979434
0.97391872721
0.970940833464
0.967888886366
0.964747471115
0.961504053481
0.958149663042
0.954679293709
0.951091964307
0.947390419367
0.943580496069
0.939670231214
0.935668824468
0.931585602697
0.927429138205
0.923206657366
0.918923835761
0.914585016382
0.910193817137
0.905754023484
0.901270602866
0.896750639972
0.892203984433
0.887643431443
0.883084323662
0.87854356638
0.874038175391
0.869583604239
0.865192189041
0.860872064383
0.85662681291
0.852455915059
0.848355811179
0.844321167093
0.840345849454
0.836423234044
0.83254576709
0.828704059768
0.824886050999
0.821076786554
0.817259104221
0.81341508895
0.809527765557
0.805582335661
0.801566461007
0.797469606841
0.79328205238
0.78899447938
0.784598749885
0.780089619411
0.775466267802
0.770732481113
0.765895383093
0.760963965944
0.755948831812
0.750863004364
0.745721952754
0.740541457997
0.735334691132
0.73011140398
0.724879634838
0.719646963484
0.714419835366
0.709203772008
0.704006203429
0.698838390525
0.693713924677
0.688647267538
0.683654062041
0.678749299077
0.673943841348
0.669244343637
0.664654585287
0.660175152076
0.655804962936
0.651542686436
0.647384157602
0.643320598326
0.639337649786
0.635414504435
0.631527393486
0.627653070359
0.623772056588
0.619870801185
0.615939543998
0.611970580393
0.607956281515
0.603890429598
0.599769269218
0.595592005535
0.591358896747
0.587069081071
0.582718424125
0.578299905341
0.573804667051
0.5692230871
0.564544138756
0.559753794335
0.554835084751
0.549771042208
0.544547635724
0.539153463235
0.533578704066
0.527816818729
0.521867125215
0.515732113908
0.509437774368
0.503225043794
0.500510132817
0.551526175389
0.539900830346
0.626294009828
0.598359219075
0.544701608341
0.504506494865
0.559835580605
0.546676526156
0.534431925474
0.455797797677
0.474664858136
0.448430760627
0.468125936015
0.434782532018
0.441882455286
0.441568122137
0.430621597008
0.435248842582
0.421354405171
0.425784057048
0.414986065654
0.423442119957
0.410675598602
0.412905874424
0.404756701344
0.407343756696
0.404239418068
0.398713846245
0.401298782471
0.394299544797
0.39565370143
0.390433601046
0.387944813322
0.389241008024
0.38420987699
0.381409642838
0.381711448972
0.379046679581
0.375532187398
0.373015990868
0.372251044195
0.374105977914
0.379001868218
0.403999328505
0.36868977242
0.428989257374
0.364594390416
0.396943367593
0.372691017798
0.368231420743
0.371725371331
0.360180237004
0.370433570087
0.348024302946
0.368461186888
0.34647908847
0.355054278879
0.353657777619
0.342359805993
0.353199299387
0.339568062363
0.347823849583
0.33880995859
0.343333323009
0.336491728856
0.33928821986
0.335695510925
0.336304688477
0.332707770982
0.334088963986
0.330580034219
0.332338924234
0.327576918589
0.329622947678
0.325440165024
0.326991888286
0.324478777782
0.322993112225
0.323728654762
0.320425328467
0.319473687969
0.319705768273
0.317284340231
0.315010283246
0.315020626037
0.314823650065
0.31228730955
0.310076795126
0.308144510782
0.306575603892
0.305332431154
0.305669864396
0.3126723116
0.360129918603
0.302000141071
0.404788033973
0.341218510214
0.378582064887
0.31843768804
0.346329138092
0.368946072311
0.300356202528
0.318355930818
0.357434329592
0.371482311607
0.351072382406
0.309341256023
0.289916080148
0.322472992294
0.350171615074
0.339587764596
0.304869013186
0.286093356887
0.293586430265
0.309025774621
0.319964495305
0.321354469676
0.313515364605
0.30007200118
0.287750787358
0.283881836465
0.290163168949
0.298514657468
0.299005829057
0.291378210116
0.283721485025
0.282445024554
0.286133230978
0.289473892712
0.289037006635
0.285134960223
0.2813638342
0.281306010673
0.284033950104
0.284966573491
0.282648472111
0.280337072587
0.280654355343
0.282130766905
0.282243029388
