0.62159567911
0.621518483436
0.621368031454
0.621147754397
0.620860616885
0.620509155348
0.620095513512
0.619621475125
0.619088494111
0.618497722339
0.617850035222
0.617146055323
0.616386174162
0.61557057242
0.614699238695
0.613771987007
0.612788473183
0.611748210301
0.610650583318
0.609494863028
0.608280219466
0.607005734889
0.605670416431
0.604273208536
0.602813005271
0.601288662584
0.599699010597
0.59804286599
0.596319044537
0.594526373839
0.592663706275
0.590729932218
0.588723993503
0.586644897161
0.584491729391
0.582263669746
0.57996000549
0.577580146045
0.575123637478
0.572590176906
0.569979626715
0.567292028469
0.564527616349
0.561686829971
0.558770326392
0.555778991124
0.552713947961
0.549576567386
0.546368473377
0.543091548378
0.539747936251
0.53634004299
0.532870535045
0.529342335089
0.525758615102
0.522122786694
0.518438488617
0.514709571466
0.510940079626
0.507134230578
0.503296391736
0.499431055038
0.495542809597
0.491636312736
0.487716259832
0.483787353383
0.479854271802
0.47592163842
0.471993991232
0.468075753888
0.464171208442
0.460284470318
0.456419465951
0.452579913453
0.448769306641
0.444990902648
0.441247713298
0.43754250029
0.433877774209
0.430255797236
0.426678589396
0.423147938072
0.419665410467
0.416232368615
0.412849986524
0.409519268948
0.406241071323
0.403016120324
0.399845034543
0.396728344779
0.393666513452
0.390659952687
0.387709040652
0.384814135783
0.38197558859
0.379193750803
0.376468981687
0.373801651437
0.371192141651
0.368640842957
0.366148149974
0.363714453854
0.361340132758
0.359025540668
0.356770995022
0.354576763701
0.352443051915
0.350369989559
0.348357619584
0.346405887899
0.344514635243
0.342683591384
0.340912371924
0.339200477811
0.337547297614
0.3359521124
0.334414103005
0.332932359323
0.331505891155
0.330133640092
0.32881449183
0.327547288299
0.32633083899
0.325163930869
0.324045336353
0.322973818877
0.321948135679
0.320967037579
0.32002926562
0.319133544624
0.318278573816
0.317463014841
0.316685477596
0.31594450439
0.31523855302
0.314565979325
0.313925019774
0.313313774518
0.312730191195
0.312172049562
0.311636946801
0.311122283043
0.310625246383
0.310142796338
0.309671644416
0.309208230178
0.308748690886
0.30828882261
0.307824030429
0.307349265197
0.306858944291
0.306346853966
0.305806031555
0.305228627387
0.304605749644
0.303927302066
0.303181837153
0.302356471094
0.301436949281
0.300408026224
0.29925445088
0.297963051366
0.296526701108
0.294951251712
0.293266505749
0.291540987792
0.289895491733
0.288499431146
0.287519916549
0.287001741145
0.286737502922
0.286313399152
0.285432789011
0.284210242919
0.283038716014
0.282209885468
0.281742299184
0.281479100828
0.281244084679
0.280930943326
0.280525463346
0.280088701552
0.279712250772
0.279450960301
0.279265616584
0.279039836066
0.278687608735
0.278239886028
0.277794509848
0.277398479653
0.277010479499
0.276562748745
0.27603799409
0.275488865235
0.274977352826
0.274488424409
0.273949880061
0.273360067151
0.272790274988
0.272251594858
0.271691014978
0.271103001314
0.270534708599
0.269977322506
0.269380698845
0.268767960742
0.268164451772
0.267535092146
0.266882932932
0.2662387362
0.26557799305
0.264902163255
0.264235229019
0.263553187899
0.26286608031
0.262175521115
0.261464531391
0.260753662879
0.260028425817
0.259305358451
0.258575220198
0.257848874231
0.25712051265
0.256395670139
0.255662492631
0.254930945649
0.254197109747
0.253469117956
0.252752036128
0.252044346618
0.251345891619
0.250654066629
0.249965968531
0.249281296714
0.248602285959
0.247925647531
0.247247684023
0.24656731402
0.245903169485
0.245405439413
0.246312719783
0.259430118244
0.250602226461
