1.46473527166
1.46434168391
1.46357447861
1.46245092925
1.46098582248
1.45919163616
1.4570786821
1.45465521003
1.45192746877
1.44889972037
1.44557420204
1.44195103019
1.43802803994
1.43380055281
1.42926106481
1.4243988468
1.41919944952
1.41364410736
1.40770903872
1.40136464742
1.39457464208
1.38729511053
1.3794736193
1.37104846123
1.36194825708
1.3520922455
1.34139178877
1.32975390162
1.31708798775
1.30331741587
1.28839795197
1.2723450338
1.25527068176
1.23742720132
1.21924710485
1.20135614897
1.1845228621
1.16950750132
1.15681033988
1.14640308237
1.13760511952
1.1292349329
1.12000769894
1.10900331674
1.09601909434
1.08169428846
1.06733511014
1.05439141074
1.04367801542
1.03474534973
1.02600013377
1.01581445648
1.00402459197
0.992599826917
0.984457173908
0.980853140824
0.979929065876
0.978660008915
0.976252203147
0.974431985373
0.974085964532
0.973389695102
0.970420902623
0.966141634252
0.963030326017
0.961328366311
0.959101825876
0.955889898197
0.953193739645
0.951232060641
0.948653957698
0.945698664496
0.943739186777
0.942150357542
0.939952591027
0.938091386254
0.936625171373
0.934723030564
0.933123200171
0.931730150524
0.929769210414
0.927975591877
0.926163838416
0.924308906135
0.922882263651
0.921244548506
0.919796855099
0.918254601586
0.916744973651
0.915177947864
0.913496976409
0.911844133368
0.910254833816
0.908706037367
0.907165018275
0.905509759776
0.903904038726
0.90218770942
0.900477789475
0.898809567437
0.897069878515
0.895286616079
0.89351255016
0.891694113652
0.889793579425
0.887864324621
0.88593930516
0.884137074566
0.883224941927
0.888222814823
0.923124860098
1.06155558805
0.873655733078
1.03385329472
0.869301369668
0.989740785334
0.897957777697
0.943109880701
0.999359751201
0.894066013371
0.880434680352
0.950775897298
0.936202546429
0.864113844814
0.873980784812
0.918996994475
0.910703779388
0.862426473261
0.853552894318
0.884322993788
0.886831710436
0.856820427095
0.84725613491
0.867229209718
0.866833134174
0.845654786076
0.846756768314
0.859237935791
0.850860970628
0.839157473809
0.846945375423
0.848842792082
0.838005650599
0.838929455345
0.843856045873
0.837043032105
0.834163212109
0.838503058452
0.834326800468
0.831308086886
0.834249635535
0.830765618687
0.82890794309
0.830521774387
0.826945458701
0.826781002978
0.826415710614
0.823657953638
0.824312044386
0.82183051831
0.821325977002
0.820036822722
0.818477091068
0.817701300396
0.815795810744
0.81496521913
0.813050966641
0.811876690976
0.810180779111
0.808436140727
0.8070561498
0.804806851227
0.803269904011
0.801302836875
0.798926446655
0.796937135549
0.794899529111
0.792473888363
0.789808922462
0.78708151636
0.784297926105
0.781491923771
0.778950826769
0.77887441011
0.798284144112
0.935137968226
0.809092030073
0.766103675175
0.846600415204
0.765358789422
0.787277872148
0.804253482492
0.750006055923
0.793524380247
0.743821405951
0.779771449583
0.744505226261
0.757974908696
0.750805563132
0.740766975912
0.746588948312
0.731472529414
0.739669097461
0.725535325772
0.73242191498
0.721707396129
0.724277538506
0.719460650733
0.71666762521
0.718256516557
0.709829588797
0.71495284838
0.706287091926
0.707167031846
0.706302675453
0.699855170933
0.701159435847
0.699573842967
0.69416591594
0.692618127251
0.693625378211
0.69168649204
0.688181074433
0.684827241765
0.682508719449
0.681773110466
0.688455243685
0.724976666789
0.694786429809
0.669009859961
0.689322785754
0.71486775089
0.694007240086
0.669086296456
0.657567863291
0.656821339425
0.666717622318
0.707005895832
0.663264956582
0.649978174281
0.686631189975
0.641577372741
0.669869816879
0.638195688485
0.660021361227
0.635156518682
0.652549904924
0.631726409349
0.646872733388
0.627896998023
0.64151090799
0.6246139417
0.635305279319
0.623994669744
0.626285851961
0.625200645035
0.618196416282
0.623952822539
0.616954706198
0.615279471641
0.618759203511
0.6131014045
0.609927601631
0.612381928255
0.61206195426
0.608203978763
0.604583441976
0.602422414995
0.601265007874
0.601533679589
0.606394021423
0.625913684768
0.685027993661
0.598983964708
0.627383138212
0.602237785751
0.605618890926
0.608324685109
0.590235041564
0.610875962156
0.583348378461
0.601406710462
0.590658307354
0.582006386024
0.59661546749
0.582954539382
0.577352710994
0.588812569857
0.585812996291
0.573937114526
0.571903147277
0.57904139135
0.587948047091
0.591421667787
0.583587011021
0.578226667872
0.579309626041
0.589473495057
0.609563930119
0.644003112472
0.558096366877
0.631255242489
0.55564024468
0.612732560926
0.565618360782
0.586481945794
0.577324780478
0.566531602137
0.576969823072
0.555204015172
0.57130987297
0.550778534221
0.564067522587
0.548416192159
0.556767601907
0.548420137305
0.549175992461
0.549120681055
0.542317008902
0.549698753882
0.539239938256
0.54490604458
0.541637597487
0.53710962623
0.542171928363
0.537773378575
0.53413781497
0.537511667313
0.537044007626
0.532477269492
0.530160924249
0.530920468381
0.532984794276
0.534487065584
0.533607576934
0.533814673131
0.534668583583
0.537405332862
0.540777765947
0.546753548703
0.551104757674
0.556678761435
0.554721125743
0.566656410523
0.582093123935
0.605095193459
0.593537076878
0.601307143958
0.603599388737
0.613354240679
0.589182573753
0.590635849878
0.606736576342
0.64202111995
0.523159907486
0.664508413351
0.517658864104
0.655582121984
0.60205799746
0.546746882915
0.619743393092
0.51205130171
0.556359252297
0.618868153316
0.571913301183
0.501211085098
0.537427770119
0.595553501443
0.601423249195
0.553684404672
0.504228501669
0.504725082342
0.539312366578
0.566706275988
0.573088906751
0.556300528631
0.525662426425
0.498929221016
0.491544842467
0.503614436585
0.520233622714
0.526199368099
0.517498316044
0.501447591313
0.490659215077
0.491884883956
0.500349515347
0.506194744367
0.50407807013
0.496163529912
0.48963796907
0.489651520461
0.494175680419
0.497022749654
0.494918600796
0.490134532882
0.487625971649
0.48917202826
0.4916553005
0.491514791355
0.488794630576
0.486724224286
0.487317316911
0.488812955433
0.488602100835
0.486796306444
0.485765605098
0.48639999689
0.486965726464
0.486180400639
0.485048246417
0.485005486395
0.485444843009
0.485044373106
0.484176913369
0.484024540755
0.484225615897
0.48380581357
0.483173999932
0.48310663665
0.483039253644
0.482495556559
0.482173750836
0.482100776389
0.481661670656
0.48127527376
0.481123298746
0.480682940919
0.480315060508
0.480065816388
0.479584930636
0.479262666897
0.478861236042
0.478406022048
0.478037872778
0.477521838966
0.477115796412
0.476577028466
0.47611276536
0.475544485936
0.475028217623
0.474415299452
0.473845728213
0.473189033101
0.472544369556
0.47185991846
0.471121044403
0.470385618705
0.469598980641
0.468757962941
