0.0806618257471
0.0806617445779
0.0806615863026
0.0806613543797
0.0806610517133
0.0806606806983
0.0806602432601
0.0806597408903
0.0806591746779
0.0806585453374
0.0806578532331
0.0806570984003
0.0806562805642
0.080655399156
0.0806544533266
0.0806534419584
0.080652363675
0.0806512168494
0.0806499996106
0.0806487098481
0.0806473452157
0.080645903134
0.0806443807911
0.0806427751429
0.0806410829123
0.0806393005865
0.080637424415
0.0806354504051
0.080633374318
0.0806311916629
0.0806288976913
0.0806264873902
0.0806239554746
0.0806212963795
0.0806185042512
0.0806155729379
0.0806124959802
0.0806092666002
0.0806058776909
0.0806023218048
0.0805985911416
0.0805946775363
0.080590572446
0.0805862669369
0.0805817516706
0.0805770168899
0.0805720524049
0.0805668475783
0.0805613913105
0.0805556720248
0.0805496776522
0.0805433956162
0.0805368128181
0.0805299156213
0.080522689837
0.0805151207092
0.0805071929008
0.0804988904797
0.0804901969058
0.0804810950185
0.0804715670257
0.080461594493
0.0804511583352
0.0804402388085
0.0804288155047
0.0804168673478
0.0804043725916
0.0803913088216
0.0803776529577
0.0803633812619
0.080348469348
0.080332892196
0.0803166241703
0.0802996390428
0.0802819100207
0.0802634097802
0.0802441105058
0.0802239839362
0.0802030014171
0.0801811339612
0.0801583523165
0.0801346270422
0.0801099285948
0.0800842274219
0.0800574940671
0.0800296992844
0.0800008141635
0.0799708102657
0.0799396597711
0.0799073356372
0.0798738117687
0.0798390631988
0.0798030662816
0.0797657988954
0.0797272406567
0.0796873731436
0.0796461801283
0.0796036478179
0.0795597651015
0.0795145238024
0.0794679189338
0.0794199489564
0.0793706160339
0.0793199262864
0.0792678900369
0.0792145220481
0.0791598417478
0.0791038734371
0.0790466464796
0.078988195467
0.0789285603576
0.078867786583
0.0788059251209
0.0787430325284
0.0786791709335
0.0786144079817
0.0785488167339
0.0784824755143
0.0784154677063
0.0783478814946
0.0782798095544
0.0782113486867
0.0781425994021
0.0780736654548
0.0780046533296
0.0779356716868
0.0778668307684
0.077798241773
0.0777300162049
0.0776622652044
0.0775950988681
0.0775286255658
0.0774629512643
0.0773981788647
0.0773344075633
0.0772717322428
0.0772102429028
0.0771500241363
0.0770911546579
0.0770337068903
0.076977746613
0.0769233326767
0.0768705167857
0.0768193433491
0.0767698494013
0.0767220645903
0.0766760112312
0.0766317044224
0.0765891522195
0.076548355863
0.0765093100534
0.0764720032686
0.0764364181165
0.0764025317173
0.0763703161083
0.0763397386657
0.0763107625353
0.0762833470699
0.0762574482633
0.0762330191805
0.076210010376
0.0761883702986
0.0761680456778
0.0761489818909
0.0761311233058
0.0761144136006
0.0760987960568
0.0760842138262
0.076070610171
0.076057928677
0.0760461134402
0.0760351092276
0.0760248616128
0.0760153170876
0.0760064231506
0.0759981283739
0.075990382449
0.0759831362143
0.0759763416642
0.0759699519406
0.0759639213107
0.0759582051284
0.0759527597835
0.0759475426374
0.0759425119471
0.0759376267781
0.0759328469054
0.0759281327042
0.0759234450294
0.0759187450832
0.0759139942718
0.0759091540482
0.075904185741
0.075899050367
0.0758937084257
0.0758881196712
0.0758822428597
0.0758760354661
0.0758694533635
0.0758624504587
0.0758549782737
0.0758469854605
0.0758384172338
0.0758292147036
0.0758193140829
0.0758086457398
0.0757971330585
0.0757846910606
0.0757712247278
0.0757566269542
0.075740776034
0.0757235325687
0.0757047356485
0.0756841981191
0.0756617006965
0.0756369846183
0.0756097424245
0.0755796063213
0.0755461333898
0.0755087866176
0.0754669103265
0.0754196979764
0.0753661494702
0.0753050138474
0.0752347115068
0.0751532276658
0.0750579655559
0.0749455440085
0.0748115206688
0.0746500227419
0.0744532826931
0.074211135481
0.0739107069925
0.0735369566898
0.073075621613
0.0725211591725
0.0718906466789
0.0712328790351
0.0706063968273
0.0700375452402
0.0695292043516
0.0690881799132
0.0687049074967
0.0683412027336
0.067943663841
0.0674538098991
0.0668057907575
0.0659278291608
0.0648167999943
0.0637430578843
0.062909915206
0.0622144175891
0.0619345775062
0.0613154686039
0.0602479889566
0.0590385098661
0.0579707790658
0.0573427991476
0.0568548914153
0.0562293039537
0.0554631872757
0.0546600033265
0.054086653484
0.0536438862398
0.053203357999
0.0527203189498
0.0522015388101
0.0517744080827
0.0514451645083
0.0511138300799
0.0507694595014
0.0504375194439
0.0501255052174
0.0498539716338
