1.0, 0.81426519075
1.0, 0.576982836938
1.0, 0.842099224644
1.0, 0.957974666775
1.0, 0.856956898754
1.0, 0.870610351595
1.0, 0.911378658782
1.0, 0.85411253632
1.0, 0.711207746639
1.0, 0.995984948428
1.0, 0.967151625202
1.0, 0.961975662509
1.0, 0.951712139552
1.0, 0.965417325887
1.0, 0.930886264493
1.0, 0.908888197366
1.0, 0.714329541315
-1.0, 0.740807012047
1.0, 0.924895287946
1.0, 0.931318031061
1.0, 0.935561686335
1.0, 0.90379009617
1.0, 0.915399747691
1.0, 0.970584997062
1.0, 0.913703595783
1.0, 0.930757091255
1.0, 0.756259949624
1.0, 0.574496388902
1.0, 0.841334871215
1.0, 0.93784686624
1.0, 0.933894997562
1.0, 0.885556341961
1.0, 0.915464337011
1.0, 0.967610845219
1.0, 0.890966516758
1.0, 0.728686297911
1.0, 0.47534895183
1.0, 0.788846633156
1.0, 0.876051766901
1.0, 0.945241304588
1.0, 0.964467227671
1.0, 0.889988733761
1.0, 0.862315944646
1.0, 0.811937204206
1.0, 0.784147753376
1.0, 0.967673437163
1.0, 0.916759605332
1.0, 0.86757962692
1.0, 0.984480910963
1.0, 0.913497283345
1.0, 0.73540381926
1.0, 0.88372335095
1.0, 0.945551056928
1.0, 0.804740834693
1.0, 0.805120571506
1.0, 0.959594295324
1.0, 0.945606187146
1.0, 0.91733855278
1.0, 0.899065013001
1.0, 0.925266054097
1.0, 0.83341620068
1.0, 0.891094772787
1.0, 0.9458786708
1.0, 0.839500101212
-1.0, 0.596520850013
1.0, 0.91538411181
1.0, 0.923811434475
1.0, 0.978675292043
-1.0, 0.975589735425
1.0, 0.892135931894
1.0, 0.585212495378
1.0, 0.922022043256
1.0, 0.881183305829
1.0, 0.885173062438
-1.0, 0.780360955283
1.0, 0.870552003374
1.0, 0.841114067358
1.0, 0.836464174199
1.0, 0.911532445969
1.0, 0.797148257733
-1.0, 0.658746357989
1.0, 0.787106912919
-1.0, 0.945956240088
1.0, 0.94641807333
1.0, 0.862320371762
1.0, 0.984207164782
1.0, 0.987412554525
1.0, 0.963950786379
1.0, 0.870034079103
-1.0, 0.486650989677
1.0, 0.859208611055
1.0, 0.789101931052
1.0, 0.745377729378
1.0, 0.88629529559
1.0, 0.907340479223
1.0, 0.839681351902
1.0, 0.921831633383
1.0, 0.852151275483
-1.0, 0.794022792821
1.0, 0.842442169227
1.0, 0.489742551261
-1.0, 0.824097424379
-1.0, 0.909810079957
1.0, 0.962919616454
1.0, 0.956010062302
1.0, 0.993120777322
1.0, 0.932427669054
1.0, 0.356015934736
1.0, 0.690194003591
1.0, 0.672686667601
1.0, 0.960572460286
1.0, 0.953301006561
1.0, 0.898471348491
1.0, 0.868643671172
1.0, 0.766888295498
1.0, 0.773437370494
1.0, 0.846193380844
1.0, 0.812063180739
1.0, 0.878274942974
1.0, 0.88378364494
1.0, 0.968618267823
1.0, 0.851712466838
1.0, 0.788336746048
1.0, 0.817437661864
1.0, 0.825476647752
1.0, 0.847631978893
1.0, 0.821469844704
1.0, 0.941743696553
1.0, 0.776647492431
1.0, 0.806558778997
1.0, 0.857213120978
1.0, 0.789989604518
1.0, 0.658628573456
1.0, 0.75191031874
1.0, 0.894150501269
1.0, 0.866566006123
1.0, 0.985500715747
1.0, 0.954532073267
1.0, 0.970415498379
1.0, 0.948230753771
1.0, 0.976505909914
1.0, 0.980596247852
1.0, 0.895903000126
1.0, 0.896654701089
1.0, 0.9266319728
-1.0, 0.931107222856
1.0, 0.901910110435
1.0, 0.916636148923
1.0, 0.962985105256
1.0, 0.96490316791
1.0, 0.823487584445
1.0, 0.902912245304
1.0, 0.780599135558
1.0, 0.741568446603
1.0, 0.758802659612
1.0, 0.939962822358
1.0, 0.790555030938
1.0, 0.748631528457
1.0, 0.883831658132
1.0, 0.977604318013
1.0, 0.79608749768
1.0, 0.164946765544
1.0, 0.445860057492
1.0, 0.861244492781
1.0, 0.878233586912
1.0, 0.796812689558
1.0, 0.872053033757
1.0, 0.867854397096
1.0, 0.892020683013
1.0, 0.93404271551
1.0, 0.841508432571
1.0, 0.86842296319
-1.0, 0.861239808835
1.0, 0.81120823407
1.0, 0.651040819558
1.0, 0.631021684635
1.0, 0.810895221294
1.0, 0.957951739806
1.0, 0.879850627429
1.0, 0.932729733876
1.0, 0.722458071233
1.0, 0.772333459701
1.0, 0.81277606009
1.0, 0.912139038838
1.0, 0.844066275622
1.0, 0.905742691801
1.0, 0.933680024556
1.0, 0.963425506637
1.0, 0.895146880094
1.0, 0.761854287808
-1.0, 0.914512054798
1.0, 0.783979179924
-1.0, 0.747602995704
1.0, 0.97479952428
1.0, 0.973183499869
1.0, 0.986214013212
1.0, 0.97855807585
1.0, 0.890240632775
1.0, 0.945028702031
1.0, 0.95736278288
1.0, 0.715819878131
1.0, 0.749768554977
1.0, 0.896914398876
1.0, 0.89061807862
1.0, 0.80315983312
-1.0, 0.948625308757
1.0, 0.816534987485
-1.0, -0.431384195443
1.0, 0.548707107305
-1.0, -0.863295126859
1.0, 0.911997771734
1.0, 0.640047761427
1.0, 0.600242361873
1.0, 0.772211294068
1.0, 0.923253978353
1.0, 0.948869482948
1.0, 0.966378621979
1.0, 0.513458693799
1.0, 0.839858018475
1.0, 0.680637252123
1.0, 0.846501271846
1.0, 0.941768880961
1.0, 0.973867734312
1.0, 0.897036358618
1.0, 0.920915132105
1.0, 0.908756075232
1.0, 0.767040037128
1.0, 0.673886026548
-1.0, 0.87539100023
1.0, 0.887779370317
1.0, 0.975899290994
1.0, 0.981264183857
1.0, 0.9530225645
-1.0, 0.343289427917
-1.0, 0.654292140098
1.0, 0.70688169992
-1.0, -0.373819608824
1.0, 0.876310010709
-1.0, 0.616014073435
1.0, 0.897098474489
1.0, 0.803890713195
1.0, 0.920802911587
1.0, 0.97263793162
1.0, 0.51038413728
1.0, 0.186703791136
-1.0, 0.11882743062
1.0, 0.88158594089
1.0, 0.786685083939
1.0, 0.960113682214
1.0, 0.720979750526
1.0, 0.886810837728
1.0, 0.888250699464
1.0, 0.877717098472
1.0, 0.854551847235
1.0, 0.815535927591
1.0, 0.879755964142
1.0, 0.912629090486
1.0, 0.927439860228
1.0, 0.931929013088
1.0, 0.929134481863
1.0, 0.918780206996
1.0, 0.898830684998
-1.0, 0.868151417977
1.0, 0.835316043146
1.0, 0.886818493717
1.0, 0.911521926951
1.0, 0.921980197839
1.0, 0.923313902072
1.0, 0.917132137552
1.0, 0.902924829561
1.0, 0.878443183469
1.0, 0.821918301551
1.0, 0.51211979581
1.0, 0.746627401068
-1.0, -0.112007930702
1.0, 0.578592431457
-1.0, -0.863386615095
-1.0, -0.740347640867
1.0, 0.702403506152
1.0, 0.821733272285
1.0, 0.867394146089
-1.0, 0.887081793221
1.0, 0.948596910695
1.0, 0.927443791742
1.0, 0.945181662516
1.0, 0.946416664522
1.0, 0.929784113806
1.0, 0.948892557127
1.0, 0.918286605373
1.0, 0.914613050078
-1.0, 0.938212877777
1.0, 0.960543182038
1.0, 0.785171900504
1.0, 0.871691242792
-1.0, 0.860960184511
1.0, 0.992770244443
1.0, 0.980638628285
1.0, 0.98619480555
1.0, 0.968160032096
1.0, 0.840549286755
1.0, 0.862839543953
1.0, 0.951822546903
1.0, 0.912971037435
1.0, 0.973539423724
1.0, 0.9141880864
1.0, 0.92453442896
1.0, 0.992751393109
1.0, 0.980891862832
1.0, 0.921571815671
1.0, 0.770648838183
1.0, 0.883891481974
1.0, 0.784940638659
1.0, 0.596228858962
1.0, 0.792423040414
1.0, 0.859989991171
1.0, 0.894411406827
1.0, 0.906597156543
1.0, 0.907355524579
1.0, 0.898616109229
1.0, 0.879642115068
1.0, 0.847564461959
1.0, 0.830174465258
1.0, 0.688297496957
1.0, 0.875694636047
1.0, 0.917764441465
-1.0, 0.763708648301
1.0, 0.911701601548
1.0, 0.925728853934
1.0, 0.970587979727
1.0, 0.712734778016
1.0, 0.876308408
1.0, 0.919576803928
1.0, 0.923863654988
1.0, 0.953373252903
1.0, 0.890241610103
1.0, 0.784735036359
1.0, 0.6311655027
1.0, 0.754017639717
-1.0, 0.829504604946
1.0, 0.695479004128
-1.0, 0.779805522112
1.0, 0.888303816036
1.0, 0.609912286548
1.0, 0.836544901547
1.0, 0.934084180698
1.0, 0.759547306897
1.0, 0.565411309747
-1.0, 0.357582193481
1.0, 0.98102159804
1.0, 0.878555785657
1.0, 0.98851871769
1.0, 0.987067898548
1.0, 0.933859114324
1.0, 0.85360365569
1.0, 0.83449725089
1.0, 0.968791786877
1.0, 0.574155165188
-1.0, 0.939485204105
1.0, 0.952251592776
1.0, 0.799422861407
1.0, 0.9763275241
1.0, 0.981152482131
1.0, 0.888302634218
1.0, 0.811874047247
1.0, 0.624333138062
1.0, 0.729165393799
1.0, 0.82659313087
1.0, 0.910729090476
1.0, 0.898880673662
1.0, 0.970905999257
-1.0, 0.879432407363
1.0, 0.976691037592
1.0, 0.779281251308
1.0, 0.845563714877
1.0, 0.83080061029
1.0, 0.9834466108
1.0, 0.90552172264
1.0, 0.873752557634
1.0, 0.921721041538
1.0, 0.920048896875
1.0, 0.88185357315
1.0, 0.851312185391
1.0, 0.798075806272
1.0, 0.795834934968
1.0, 0.630599239398
1.0, 0.600593932075
1.0, 0.884759342095
1.0, 0.942578455594
1.0, 0.802324976525
