2.5661262969
2.56586572393
2.56535744052
2.56461220666
2.56363885605
2.56244444944
2.56103440767
2.55941262633
2.55758157401
2.55554237552
2.55329488163
2.55083772622
2.54816837194
2.5452831452
2.54217726104
2.5388448385
2.53527890695
2.53147140355
2.52741316232
2.52309389464
2.51850216144
2.51362533708
2.50844956457
2.50295970217
2.49713926102
2.49097033347
2.48443351166
2.47750779598
2.47017049287
2.46239710124
2.45416118709
2.44543424558
2.43618554983
2.42638198595
2.41598787352
2.40496477117
2.39327126682
2.38086275242
2.36769118351
2.35370482431
2.33884797959
2.32306071576
2.30627857458
2.28843228475
2.26944747841
2.24924442281
2.22773778044
2.20483641602
2.18044327397
2.15445535775
2.126763851
2.09725443187
2.06580784477
2.03230080977
1.99660736739
1.95860077633
1.91815610153
1.87515364861
1.82948341386
1.78105072146
1.72978320335
1.67563923106
1.61861781953
1.55876987442
1.49621043332
1.43113124829
1.36381267989
1.29463345246
1.22407642706
1.15272829327
1.08127111462
1.01046413952
0.941115314466
0.874043486337
0.810034137225
0.749793240301
0.693904926285
0.642798648759
0.596730259964
0.5557790972
0.519860436781
0.488750239957
0.462117587537
0.439559821163
0.420636044961
0.404895906854
0.39190202806
0.381245728573
0.372556613982
0.365507105404
0.359813171742
0.355232466734
0.351560887408
0.348628337515
0.346294252488
0.344443249151
0.3429811134
0.341831231124
0.340931495279
0.340231677083
0.339691224197
0.339277436971
0.338963970632
0.338729613057
0.338557292254
0.338433273248
0.338346509921
0.338288122844
0.338250979106
0.338229354481
0.338218661891
0.338215233208
0.33821614391
0.338219220507
0.338222799521
0.338225636141
0.338226826476
0.338225741935
0.338221777834
0.338214493855
0.338203583551
0.33818885006
0.338170186744
0.338147561681
0.338121005163
0.338090599495
0.338056470495
0.338018780198
0.33797772034
0.337933506251
0.337886370838
0.337836558393
0.337784318001
0.337729896386
0.337673530103
0.337615437038
0.337555807321
0.337494793798
0.337432502412
0.337368982901
0.337304220403
0.337238128634
0.337170545395
0.337101231162
0.337029871418
0.33695608322
0.336879426145
0.336799417346
0.336715549904
0.336627313123
0.336534212883
0.336435789828
0.336331633057
0.336221387214
0.336104751516
0.335981470198
0.335851315074
0.335714062171
0.335569465472
0.335417231505
0.335256998629
0.335088324289
0.334910682358
0.334723471
0.334526029592
0.334317661499
0.334097658153
0.333865319357
0.333619965278
0.333360937233
0.333087587146
0.332799258945
0.332495268426
0.332174890177
0.331837359863
0.331481896902
0.331107746732
0.330714235329
0.330300824387
0.329867156339
0.329413084971
0.3289386971
0.328444338397
0.32793065629
0.327398663341
0.3268498094
0.326286039244
0.325709812675
0.325124078218
0.324532210838
0.323937933011
0.323345226514
0.322758216591
0.322180995361
0.32161736852
0.321070550912
0.320542867322
0.320035507466
0.319548351918
0.319079868654
0.318627095561
0.318185742329
0.317750426214
0.317315009993
0.316872991308
0.31641792198
0.315943860936
0.315445831071
0.314920194981
0.314364872078
0.313779388177
0.31316477775
0.312523318472
0.311858080286
0.311172360786
0.310469118183
0.309750471968
0.309017361811
0.308269461869
0.30750532703
0.306722739601
0.305919281245
0.305093008456
0.304243076725
0.303370199783
0.302476758747
0.301566517318
0.300643967246
0.299713469335
0.298778498206
0.297841205009
0.296902475276
0.295962380192
0.295020798512
0.294077865983
0.29313405273
0.292189801918
0.291244949149
0.290298250315
0.289347269673
0.288388726427
0.287419154952
0.28643551187
0.285435392585
0.284416628825
0.283376465794
0.28231089248
0.281214954772
0.280084118471
0.278916355822
