1.22121808215
1.22120967869
1.22119329436
1.22116929085
1.22113797401
1.22109959842
1.22105437149
1.22100245705
1.22094397872
1.22087902277
1.22080764075
1.22072985184
1.22064564487
1.22055498019
1.22045779124
1.22035398603
1.22024344833
1.22012603882
1.22000159601
1.2198699371
1.21973085869
1.21958413743
1.21942953054
1.21926677632
1.21909559453
1.21891568678
1.21872673685
1.21852841097
1.21832035811
1.21810221024
1.21787358259
1.2176340739
1.21738326676
1.21712072785
1.21684600836
1.21655864435
1.21625815723
1.21594405426
1.21561582917
1.21527296287
1.21491492421
1.21454117093
1.21415115071
1.21374430228
1.21332005683
1.21287783947
1.21241707089
1.21193716926
1.21143755224
1.21091763928
1.21037685411
1.20981462744
1.20923039991
1.20862362529
1.20799377388
1.20734033616
1.20666282668
1.20596078809
1.20523379546
1.20448146066
1.20370343691
1.20289942337
1.2020691698
1.20121248107
1.20032922159
1.19941931946
1.1984827703
1.19751964044
1.19653006961
1.19551427269
1.1944725404
1.19340523884
1.1923128074
1.191195755
1.1900546543
1.18889013359
1.18770286605
1.18649355624
1.18526292328
1.18401168072
1.18274051267
1.18145004612
1.18014081925
1.17881324568
1.17746757467
1.17610384745
1.17472184983
1.1733210616
1.17190060308
1.17045917976
1.16899502558
1.16750584619
1.16598876306
1.16444026002
1.16285613357
1.16123144856
1.15956050082
1.15783678855
1.15605299405
1.15420097749
1.15227178429
1.15025566759
1.14814212698
1.14591996483
1.14357736091
1.14110196602
1.1384810151
1.13570145993
1.13275012127
1.12961386051
1.12627977037
1.12273538486
1.1189689092
1.11496947159
1.11072740069
1.10623453593
1.1014845816
1.09647352103
1.09120011299
1.08566649723
1.07987893878
1.07384873685
1.06759331061
1.06113744549
1.05451463576
1.04776839061
1.04095328422
1.03413543763
1.02739204193
1.02080950251
1.0144798444
1.00849521202
1.00294064613
0.997885799066
0.993376750483
0.989429423226
0.986026073099
0.983115838286
0.980619484497
0.978437560884
0.976460525655
0.974579211633
0.972694256734
0.970723621915
0.968607814709
0.966312760993
0.963830378881
0.961176878087
0.958388772168
0.955516688133
0.9526173611
0.949744668401
0.946941026952
0.944230737157
0.941616742763
0.93908173802
0.93659365379
0.934114467219
0.931610311162
0.929060371276
0.926462237641
0.923832121189
0.921199519073
0.918597556172
0.916052074031
0.913573520092
0.911154838299
0.908776298693
0.906415615329
0.904059252817
0.901709512276
0.899383682029
0.897105753692
0.894894986104
0.892757480629
0.890685991691
0.888668140887
0.886697306807
0.884778535899
0.882924848654
0.881146575828
0.879442321615
0.877799107047
0.876201588792
0.874641413291
0.87311751236
0.871627273709
0.870158994393
0.868694863657
0.867221209451
0.865733090728
0.864227574082
0.862695722427
0.861125479722
0.859510781954
0.857851549208
0.856144103747
0.854379062249
0.852550833299
0.850660083537
0.848703547876
0.846672338662
0.844562841571
0.842376243396
0.840108548956
0.837756964647
0.835354924404
0.833329364526
0.837845841349
0.92360212471
0.865009783705
0.868166816551
0.842932231511
0.855655066564
0.865238065718
0.969360970527
0.883771631302
1.12903772099
0.813279537157
0.971900030427
1.01137225459
0.91296228627
0.822132312467
0.956277574231
0.934404938486
0.805831516755
0.87102719069
0.940593000526
0.951651258991
0.903158176527
0.822249809166
0.801983337617
0.87140783393
0.907617691491
0.878855106341
0.818650092589
0.790634320172
0.807857504685
0.835368330285
0.846229531146
0.834859897354
0.80972613874
0.790733850961
0.794853165695
0.812212209048
0.816438423972
0.801840145594
0.787467715512
0.788596906604
0.797990290953
0.801648129192
0.79548456251
0.786487152113
0.785074516022
0.790780120832
0.792305212467
0.786532330276
0.782234671215
0.784276932944
0.78698358214
0.785275702382
0.781497338754
0.781113329365
0.783171228564
0.782321575019
0.77949263448
0.779333320304
0.780435811211
0.779356010592
0.777639193986
0.777995010578
0.778157200319
0.776635820094
0.776014137392
0.776328375448
0.775503035062
0.774557904207
0.774649240332
0.774073553116
0.773122031705
0.773006492544
0.772411203657
0.77162990453
0.771423942039
0.770630211518
0.770072193986
0.769581683741
0.768765760007
0.768325148004
0.767483433313
0.766911071692
0.766089464958
0.765406174379
0.764554855161
0.76379440221
0.762861383764
0.762043823428
0.761024884412
0.76009905068
0.759048155324
0.757939794855
0.756860718838
0.755657129113
0.754377358136
0.753089694574
0.75175702982
0.750350500843
0.74888870605
0.747457257174
0.746393431569
0.74783998448
0.759723893726
0.827477931578
0.738775372357
0.837217037257
0.769472388156
0.786465687984
0.766133593368
0.734280424584
0.7711387286
0.7436806594
0.762454371536
0.728378624215
0.754133369988
0.72737482263
0.755473512604
0.719262757495
0.740105202092
0.717704439382
0.729297746385
0.727253091018
0.714805751258
0.73370328151
0.720696753623
0.7109526975
0.730770897349
0.728437191905
0.704359934242
0.722181153385
0.749976231643
0.704948516827
0.706654166284
0.741725466944
0.698030268924
0.753251168137
0.693236566859
0.731625753744
0.720645038172
0.693645552222
0.725413727576
0.694010344992
0.696753092213
0.711181480845
0.687567106003
0.694508808454
0.698427396994
0.681471735314
0.694417468616
0.686252966126
0.681913065376
0.688725984786
0.677442984877
0.684736089198
0.678308104099
0.679102207043
0.678701066839
0.675309213805
0.677509826043
0.672499266442
0.675593806298
0.670811506843
0.673148322273
0.669135497802
0.671043661897
0.667589793465
0.66862047221
0.666006127777
0.666226123606
0.664667811053
0.663621321445
0.663376001211
0.661220014901
0.660972304526
0.659993074077
0.658157218706
0.657265016169
0.656720978422
0.655770873502
0.654350779709
0.653131911424
0.65240327638
0.654439169606
0.6638546067
0.708337573397
0.645187373905
0.696076603514
0.65728697024
0.667501113011
0.660076165935
0.640220772234
0.662038677334
0.635643097772
0.651535701165
0.654891436599
0.632247857622
0.660370582087
0.62916800885
0.648097507257
0.626790366421
0.641383536983
0.630895067205
0.629201332365
0.635818117879
0.620741508545
0.627569136737
0.623395173286
0.617079298129
0.621410669266
0.618365460128
0.613501301441
0.613490714079
0.615516056084
0.615994898529
0.611199631489
0.607647976763
0.605469727786
0.604176073611
0.603897179345
0.608103176219
0.636859550302
0.606475405276
0.597923061862
0.61485290113
0.618592464327
0.616749287157
0.599332317527
0.592306360508
0.588926403812
0.588159622883
0.592913433546
0.628642331877
0.591157918514
0.581209712684
0.601750688367
0.607666477865
0.609652321423
0.580491341016
0.571931538889
0.577386703514
0.59543640697
0.646778666979
0.570024022831
0.683334144117
0.565875815253
0.635255817259
0.587881362134
0.593412961117
0.596076596227
0.572688447258
0.598184950187
0.56206570237
0.574147768345
0.578215898872
0.554514155786
0.575640688899
0.558971007305
0.559556189695
0.565316128498
0.5505024846
0.562904671879
0.550344596975
0.556272428104
0.551825777227
0.55075803129
0.551928253844
0.546681882783
0.55029238853
0.544927595279
0.547962443689
0.543223163432
0.545776760985
0.542232475913
0.543265951166
0.541175623525
0.540734526598
0.540715775851
0.538279880248
0.539583276112
0.537308177932
0.536508213506
0.537040515125
0.534926192304
0.533845934722
0.534264313872
0.533304159294
0.531334112672
0.530233977888
0.530011158992
0.530490769735
0.532315277528
