1.01630635701
1.01561031903
1.01426770582
1.01233547252
1.00987661023
1.0069587448
1.00365274185
1.0000312846
0.996167406572
0.992132977023
0.987997152577
0.983824823923
0.979675100569
0.975599888785
0.9716426269
0.967837246778
0.964207429645
0.960766217702
0.95751603001
0.954449112588
0.95154842982
0.948788979125
0.946139485665
0.943564410711
0.941026187776
0.938487585088
0.935914081112
0.933276130011
0.930551184917
0.927725337622
0.924794425147
0.921764450702
0.918651176738
0.915478782283
0.912277548132
0.909080651088
0.905920312038
0.902823734517
0.899809449732
0.896884788388
0.894045157336
0.891275554741
0.888554305706
0.885858413354
0.883169354258
0.880477810035
0.877785910198
0.875106149056
0.872457133505
0.869857423265
0.867319522474
0.864846192367
0.862430522952
0.860059810462
0.857721730456
0.855410208631
0.853128310527
0.850886613626
0.848697615173
0.84656892733
0.844499083102
0.842478678908
0.840496382702
0.838545807644
0.836628136178
0.834748241893
0.832907271151
0.831097937806
0.829306784516
0.82752152833
0.82573675969
0.823952708936
0.822168886111
0.820380183934
0.818580452337
0.816769304501
0.814953170943
0.813138852642
0.811328247894
0.809521195291
0.807720930866
0.805932524955
0.804156556162
0.802389051765
0.800627850413
0.798873583516
0.797124227415
0.795375337212
0.793625592655
0.79187534365
0.790121995115
0.788363358146
0.786599849206
0.784829498049
0.783048950229
0.781256519141
0.779447845502
0.777616941205
0.775758436587
0.773863973537
0.77192551277
0.769935397865
0.767885445852
0.765769864112
0.763582222384
0.761317550812
0.758970043241
0.756534350582
0.754004656203
0.751375553312
0.748641135543
0.745795853598
0.742833384552
0.739747924174
0.736533693023
0.733185386221
0.72969788
0.726065697544
0.72228341503
0.718345725915
0.714247098811
0.709981061841
0.705540214933
0.700916620536
0.696101939591
0.691089327018
0.68589139529
0.680744519373
0.678719972006
0.722666159684
0.864415266443
0.78903245801
0.834726407731
0.775691930072
0.766165173867
0.838461951641
0.705263969059
0.726532014674
0.740736348475
0.660984632827
0.738946792405
0.709732790877
0.636496618833
0.698654866206
0.714039794088
0.622687285674
0.651624953951
0.706274392977
0.713670548076
0.668720701622
0.613723777272
0.616995318728
0.660168343707
0.671559604291
0.63602791883
0.60319811069
0.606547230094
0.626134378076
0.633745712558
0.62020047008
0.596429755563
0.587549456758
0.601119633907
0.608204309333
0.594038398044
0.582015501429
0.58704011652
0.593176971586
0.587711581469
0.577972239204
0.57806394443
0.583413378007
0.579612292013
0.572013319721
0.572804933582
0.575535286583
0.571732825691
0.567189135911
0.568604175696
0.56837639367
0.563902498533
0.5633205877
0.56390313574
0.560691387838
0.558780232792
0.559165108157
0.556584266899
0.55495443449
0.554608161343
0.551986399299
0.550910172364
0.54966797786
0.547308088877
0.546433775071
0.544110539661
0.542792976109
0.54069363218
0.538920018101
0.536931543739
0.534886531908
0.532704178772
0.530621398028
0.528108987006
0.525950871836
0.523184146881
0.520702581793
0.517997346992
0.514952147191
0.512041473089
0.50903497253
0.505711984518
0.50218331919
0.498544802094
0.494790756761
0.490894334126
0.486889269757
0.483075155525
0.481992235282
0.505223980525
0.541472546112
0.482884875426
0.57286646154
0.465131400777
0.530712950626
0.543050459667
0.447570320341
0.530477621425
0.51339614786
0.441923660804
0.502538960841
0.51841709417
0.457878922327
0.436444204532
0.487092730053
0.480213396598
0.428822049739
0.43599217205
0.463652069559
0.464703345162
0.438090816718
0.416889645697
0.428714052718
0.443908934086
0.430029046411
0.412435248794
0.418589967254
0.42840627989
0.421682994387
0.409083918002
0.411542606249
0.418667874076
0.411768573331
0.40469866937
0.409098490775
0.410667603124
0.404178962143
0.40209654724
0.405660036176
0.402718271575
0.398937676592
0.401004259866
0.400101898117
0.396429906893
0.397340601412
0.396772807648
0.393757867804
0.394363908054
0.393224414977
0.390984927814
0.391360633457
0.389450958581
0.388306740249
0.387875968996
0.385816488114
0.385478468519
0.383668726772
0.38279243349
0.381346170767
0.380069691696
0.378682370797
0.37728599066
0.37572454633
0.374338943053
0.372486055004
0.371103734881
0.36910313722
0.367396933786
0.365605507285
0.363424073951
0.361417367277
0.359432621774
0.357175916027
0.354740501862
0.352222231109
0.349640751382
0.346971667393
0.344217499678
0.341491388972
0.339745057109
0.347198653527
0.42861363943
0.359445970708
0.326798235852
0.333953983608
0.36319988001
0.331991829822
0.322937900058
0.351872183362
0.309707628185
0.336635677853
0.314636883897
0.316734448532
0.31429928728
0.303792235107
0.310409930254
0.294813107157
0.301890455906
0.291634523264
0.29474345031
0.286002945971
0.287327269027
0.284258870173
0.279624670949
0.283034607811
0.273215608728
0.27748533007
0.27117270462
0.269259170883
0.270773763143
0.264129007405
0.264260902133
0.264164728348
0.25901495194
0.256530900973
0.257362465043
0.255921661477
0.253338086138
0.249867658873
0.247567187886
0.246208046413
0.249778287798
0.266094355877
0.251986937204
0.234850012609
0.249089182801
0.233815423031
0.235696391169
0.23499541115
0.224783387531
0.230530857366
0.223621961261
0.220356244486
0.223736237348
0.21795475222
0.214430590649
0.216236707973
0.21474693053
0.210823317076
0.207515899278
0.206222666724
0.206612318468
0.20832921535
0.212782735099
0.215603087617
0.22296213984
0.218602869727
0.227606785903
0.192362008273
0.226580880658
0.189509429843
0.212536488722
0.190146272977
0.198890199133
0.207442383177
0.186571839632
0.185290125647
0.196568833899
0.193229533363
0.180389936157
0.180439436037
0.188203088577
0.187773625119
0.179080322961
0.175399762425
0.179593123749
0.181737057774
0.17741298963
0.173323731244
0.175037697539
0.177200268552
0.174638680287
0.171754720524
0.172850429955
0.17404527709
0.172145135529
0.170392466992
0.171318528337
0.17162421224
0.169933219366
0.169324521136
0.170031519071
0.169441077781
0.168297709385
0.168518086972
0.16849835706
0.167493377382
0.167349285087
0.167377223524
0.166594722533
0.166337487275
0.166264895228
0.165579247517
0.16539310758
0.165101381092
0.16452830431
0.164376137861
0.163836422423
0.163501132567
0.163111650919
0.162618913372
0.162277293249
0.161724648117
0.161352850114
0.160778511988
0.160352623575
0.159764592101
0.159267687357
0.158679585919
0.158087889574
0.157509766175
0.156832182
0.156204601891
0.155526668198
0.154785138329
0.154060940178
0.153320075643
0.152522134527
0.151681565624
0.150815985221
0.149927118204
0.149010993683
0.148066885881
0.14710597947
0.146204011246
0.145911297242
0.150831683354
0.199313551989
0.22546909949
0.14256227012
0.19378199318
0.14068424701
0.183453479255
0.156525499795
0.149526340812
0.169580055065
0.141425534878
0.142984082147
0.158247046858
0.142702745476
0.133260244566
0.145146386255
0.15058576753
0.139175008389
0.130696972274
0.137035246141
0.145191513288
0.145147598461
0.136965961611
0.129901841735
0.130098885738
0.134771319579
0.13709452374
0.13423344404
0.129543629882
0.128006254359
0.130134697699
0.1319659497
0.130666242988
0.127938164544
0.127169770027
0.128487031091
0.129164517814
0.127960693982
0.126523043461
0.126627959186
0.127458490568
0.127239297213
0.126126069963
0.125750937493
0.126263774218
0.126282859967
0.125547306021
0.125159446297
0.125440383542
0.125438123886
0.124884737297
0.124642039374
0.124812429838
0.124636578596
0.124210273514
0.124158564392
0.124156915438
0.123820778308
0.123635094809
0.123611589696
0.123336744581
0.123134973517
0.12305132558
0.122777118098
0.122605959673
0.122441778389
0.122169294571
0.122015261722
0.121753281027
0.121534915459
0.121303170215
0.121030762851
0.120800389661
0.120499677445
0.120248163695
0.119929472443
0.119648041076
0.119313995744
0.118996535989
0.118650323229
0.11828971482
0.117930827961
0.117533626725
0.117139051214
0.116729202052
0.116288135609
0.115840631485
0.115383590222
0.114903840777
0.114401504297
0.113880525264
0.113342890326
0.112789281816
0.112222586705
0.111662257908
0.111230321547
0.111808288002
0.119118707354
0.121599669414
0.115028129205
0.108739572782
0.107843463782
0.111601960519
0.117675248068
0.105791422509
0.111354375138
0.104616060967
0.108872556702
0.103871826629
0.105599664613
0.10455290776
0.102861539707
0.10419623887
0.101489586484
0.10306079583
0.100879949378
0.101809111534
0.100374184387
0.100796966139
0.0998086752738
0.0999439044758
0.0992175867295
0.0992628004777
0.0985474573352
0.0986465042326
0.0979204868001
0.0981017020983
0.0972587538131
0.0975219626117
0.0966788179097
0.0969201373276
0.0961950324499
0.0961686284662
0.0958404042175
0.0953663780919
0.0953506096066
0.0949236347848
0.0945029947935
0.0943871960172
0.0941590387287
0.0937430736616
0.0933161693514
0.0929515087148
0.0926130340755
0.0923116078331
0.0921795708405
0.0929543948601
0.0989473194367
0.0936657264665
0.0905187825049
0.0920229312966
0.0937171640531
0.0936903736625
0.0907919923036
0.0893807930164
