1.50318200924
1.50042752213
1.495073398
1.48726981317
1.4771638077
1.46490143944
1.45063034551
1.43450253499
1.41667724882
1.39732372059
1.37662365718
1.35477323459
1.33198437825
1.30848507355
1.28451844283
1.26034034365
1.23621530555
1.21241074554
1.18918959225
1.16680169546
1.14547466597
1.12540501986
1.10675061838
1.08962533679
1.07409664062
1.06018633045
1.04787422911
1.03710414842
1.02779119435
1.01982940744
1.01309887895
1.0074717655
1.00281695221
0.999003401709
0.995902419446
0.993389150097
0.991343612433
0.989651513537
0.988204994648
0.986903378625
0.985653930147
0.984372609383
0.98298479423
0.98142595638
0.979642292076
0.97759132014
0.975242460267
0.972577589081
0.969591536961
0.966292434514
0.962701745315
0.958853737353
0.954794063845
0.950577073078
0.946261494817
0.941904327219
0.937553151143
0.933237773122
0.928962978915
0.924704997112
0.920414514316
0.916028119845
0.911487506621
0.906761996851
0.901866471126
0.8968658266
0.891860575199
0.886955995786
0.882226193252
0.87768919691
0.873305692254
0.869002647614
0.864709706958
0.86038831034
0.856036127599
0.851662984007
0.847253852887
0.842747904818
0.838055663127
0.833106384454
0.82788701546
0.822436382955
0.816800399942
0.81099590354
0.805023223041
0.798912845334
0.79274836454
0.786630395611
0.780619857534
0.774735524892
0.769010393961
0.763516999692
0.75831611809
0.753415766084
0.748811114499
0.744525873143
0.740574505073
0.736927058993
0.73355332595
0.730441548853
0.727544486257
0.724785220287
0.722112014451
0.719480664845
0.716845632348
0.714205402218
0.711577286301
0.708972415582
0.706419470835
0.703926572608
0.701478566425
0.699059974228
0.696633456217
0.694175578975
0.691669222284
0.689103063477
0.686471115752
0.683753400685
0.680928889457
0.677965210305
0.674838711122
0.671528425801
0.668023817562
0.664320868812
0.660418992385
0.656320709043
0.652014431128
0.64746919692
0.642639917448
0.637482883904
0.631971542883
0.626094418704
0.619843561054
0.613201666793
0.606168572929
0.598872027167
0.592860017246
0.606382241731
0.779643918058
0.951707437302
1.12523777155
1.16838704864
1.18178759491
1.18464320159
1.18074462854
1.1680557423
1.13812602213
1.07438792005
0.97600695029
0.889987144164
0.87557313287
0.949231984398
0.984732941218
0.926820270246
0.787533299984
0.769030890515
0.792500193641
0.789654438397
0.763373713904
0.740158362409
0.714790157389
0.655836066407
0.555462987383
0.545447129762
0.545110424153
0.574807763172
0.574724722466
0.582151261843
0.55404032075
0.546079164701
0.51286680209
0.506953570914
0.496357537629
0.480189299368
0.470256041762
0.457102334153
0.460743743601
0.460742933776
0.448781782103
0.439389221273
0.438633798182
0.459944575598
0.439809911203
0.410581528018
0.44113261958
0.411854870267
0.411481099931
0.405827177919
0.379687036012
0.387851402313
0.376977217682
0.373605358108
0.378696379962
0.364194148929
0.353548053289
0.3538821228
0.355249968766
0.352777386738
0.345005657598
0.339257658453
0.334294019601
0.334983195918
0.344022167179
0.38313744464
0.316812645936
0.377662510496
0.314738255936
0.344599974308
0.30383877733
0.329559654328
0.32436078073
0.296604762909
0.322796231319
0.313615140407
0.288048942993
0.305768213928
0.314425909364
0.288826356981
0.284857408603
0.298694163443
0.29868152354
0.282876362139
0.276115408925
0.285518835438
0.286121073313
0.274915185214
0.273167245959
0.279088411989
0.276708648284
0.269579066365
0.271013193107
0.273637603019
0.268543151126
0.266432500907
0.269041118508
0.266953262552
0.263771190971
0.265396111997
0.264404784175
0.261661065224
0.262647270885
0.261639077838
0.259549354009
0.260211170806
0.258713734512
0.257543215475
0.257667653686
0.25591817805
0.255612586802
0.254759072979
0.25358226124
0.25323543659
0.251795896805
0.251424773496
0.250030915689
0.249488181271
0.248144854146
0.247484277228
0.246132480256
0.245315162876
0.24402995858
0.242910308806
0.241822077093
0.240400052978
0.239222807797
0.237964444752
0.236448981011
0.23496201499
0.233556421538
0.232136755167
0.230720591631
0.229514368308
0.229588419434
0.233506810592
0.253195621096
0.225156987529
0.226943154828
0.242641450806
0.220105001216
0.242272747979
0.222107098307
0.227527669927
0.226308565391
0.21545727866
0.222293864379
0.211233308131
0.217290830584
0.206712925635
0.211957486498
0.205403698655
0.206315924268
0.203660303846
0.200439780933
0.203243203562
0.196204607258
0.201194020601
0.194874232612
0.194771594554
0.195987032556
0.190199676316
0.190662653558
0.190643328907
0.186681782779
0.184664420096
0.185392694703
0.185418783536
0.182098843599
0.178970063117
0.176681490081
0.175000160722
0.173819836104
0.174508338895
0.184810536306
0.175715110398
0.166993391844
0.16744698858
0.171777088942
0.173211554929
0.165880433185
0.160485933174
0.157898204503
0.157396869654
0.160039424468
0.170955479676
0.159725145295
0.151686884081
0.161461550243
0.149346236346
0.154758646716
0.149499144432
0.147446959342
0.150843845182
0.143600789911
0.146600860749
0.145795223776
0.140644496659
0.143003388644
0.143232241391
0.138211565584
0.138426988694
0.140178734931
0.136965093234
0.1343144509
0.134560775091
0.13550201088
0.134923377062
0.133069948213
0.131680811749
0.131020683978
0.1326755349
