1.06782144563
1.06781279966
1.0677959405
1.06777123657
1.06773899721
1.06769947752
1.06765288261
1.06759937138
1.06753905984
1.06747202413
1.06739830306
1.06731790044
1.06723078702
1.06713690226
1.06703615575
1.0669284285
1.06681357396
1.06669141891
1.06656176411
1.06642438485
1.06627903133
1.0661254289
1.0659632782
1.06579225515
1.06561201083
1.0654221713
1.0652223373
1.06501208382
1.06479095966
1.06455848686
1.06431416004
1.06405744573
1.06378778154
1.06350457536
1.06320720443
1.06289501434
1.06256731805
1.06222339476
1.0618624888
1.0614838084
1.0610865245
1.06066976944
1.06023263563
1.0597741742
1.05929339363
1.05878925829
1.05826068701
1.05770655163
1.05712567553
1.05651683214
1.05587874349
1.05521007875
1.05450945283
1.05377542494
1.05300649735
1.05220111403
1.05135765955
1.05047445798
1.04954977196
1.04858180194
1.04756868554
1.0465084972
1.04539924803
1.044238886
1.04302529637
1.04175630265
1.04042966781
1.03904309619
1.03759423579
1.03608068136
1.03449997807
1.0328496261
1.03112708608
1.02932978557
1.02745512671
1.02550049505
1.02346326992
1.02134083624
1.01913059815
1.0168299945
1.01443651644
1.01194772728
1.00936128485
1.00667496658
1.0038866974
1.00099458081
0.997996933189
0.994892321544
0.991679604881
0.988357979178
0.984927026058
0.981386765047
0.977737709257
0.973980924151
0.970118088908
0.966151559683
0.96208443382
0.957920613798
0.953664869391
0.949322896154
0.94490136803
0.940407981476
0.935851488191
0.93124171322
0.926589554975
0.921906963661
0.917206894593
0.912503233222
0.90781068918
0.903144657461
0.898521045976
0.893956070122
0.889466016652
0.885066981015
0.88077458425
0.87660367738
0.872568042916
0.868680104265
0.864950654512
0.861388615927
0.858000840703
0.854791961701
0.851764299643
0.848917830191
0.846250211178
0.843756866971
0.841431124005
0.839264389129
0.837246360698
0.835365261556
0.833608083088
0.831960830341
0.830408759695
0.828936602462
0.82752876999
0.826169538027
0.824843210255
0.823534262784
0.822227472999
0.820908037396
0.819561683898
0.818174784581
0.816734474654
0.815228782829
0.81364677674
0.811978724454
0.810216269198
0.80835260885
0.806382664283
0.804303211675
0.802112943998
0.799812418009
0.797403838259
0.794890633354
0.792276797404
0.789566006183
0.786760574753
0.783860396699
0.780862080338
0.777758549983
0.774539379522
0.771192043423
0.767704095587
0.764066037769
0.760274372084
0.756334133736
0.752260169913
0.74807664191
0.74381467609
0.739508651529
0.735192050918
0.730893861454
0.726636093087
0.722432289648
0.718286445435
0.714192015095
0.710131732981
0.706079881931
0.702008102751
0.697893371718
0.693724278951
0.689502355692
0.685239392087
0.680955144876
0.676677824896
0.672443967408
0.668292516664
0.66425446791
0.660346546003
0.656573112361
0.652929064844
0.649397733876
0.645951294836
0.642560415393
0.639203466445
0.635866167033
0.63254017952
0.629225843554
0.625928283469
0.622649005006
0.619386214206
0.616136392115
0.612892130916
0.609646991648
0.606397399497
0.603137670864
0.599861451748
0.59656028996
0.593225151612
0.589852029286
0.586440411662
0.582994125338
0.579515630043
0.576004860159
0.572457585397
0.568866958147
0.5652240586
0.561518396189
0.557736173986
0.553863363866
0.549890852828
0.545818192792
0.541646809428
0.537370840131
0.53297570148
0.528443341172
0.523759143496
0.518910921307
0.513883244621
0.508658964996
0.503216466798
0.497533065853
0.491596837482
0.485583160793
0.481769791235
0.513044585791
0.633327874079
0.633259884647
0.470488506103
0.617921468088
0.524977141815
0.600578896822
0.517492156373
0.465040314191
0.537418107506
0.429372187454
0.476282651653
0.513276834087
0.49502390283
0.438083577369
0.417897361841
0.465573373722
0.476888749232
0.426582447956
0.406166381264
0.428800183837
0.450834788723
0.456891592141
0.444277819803
0.419565602352
0.398297277435
0.396590756328
0.41170021675
0.419775841761
0.408193560976
0.391531890418
0.38780407493
0.394793072174
0.399707190906
0.395898599595
0.386702567919
0.381703086273
0.38519856528
0.388661569671
0.384419272618
0.378245987517
0.377934394704
0.380372448127
0.379233743027
0.374852840538
0.373030740283
0.374573639538
0.373550812813
0.370048541343
0.369329418029
0.369731734887
0.367665866286
0.365420850764
0.365441838367
0.364358755903
0.362003607327
0.361407737113
0.360375626046
0.358214099353
0.357396499636
0.355992896051
0.354098967348
0.353145329182
0.35118211619
0.349736229235
