1.84552944142
1.84174810651
1.83435805733
1.82348968101
1.80923623449
1.79165872549
1.77079069406
1.74664312789
1.71920989798
1.68847432514
1.65441780571
1.61703184378
1.57633531332
1.53239917313
1.48538088075
1.43556987499
1.38344296111
1.32972342987
1.27542998002
1.22189232228
1.17070405349
1.12358774246
1.08217024619
1.04770808123
1.02084548974
1.00149892113
0.988918813904
0.981901121023
0.979059271476
0.979061217197
0.980784943736
0.983374449979
0.98623086038
0.988965433887
0.991344365918
0.993240242635
0.994594881699
0.995393195977
0.995645875311
0.995378462384
0.994599201057
0.993321724982
0.991564081505
0.989349000004
0.986705122452
0.983668966073
0.980287363626
0.976620017965
0.972741609438
0.968742620967
0.96472775364
0.960810625569
0.957103599644
0.953702349307
0.950666350531
0.947998777339
0.945631612761
0.943422917016
0.941171730078
0.93865138972
0.935655082121
0.932040868301
0.927760622974
0.922860715206
0.917451750154
0.911656904186
0.905557614547
0.899156582369
0.892370438807
0.885052504268
0.877036293582
0.86818631122
0.858443023752
0.847850401701
0.836556229806
0.824781600842
0.812772466453
0.800768780322
0.789030077824
0.777909109749
0.767887030757
0.759470990979
0.7529724728
0.748324448623
0.745080113661
0.742579944304
0.740161856227
0.737310562471
0.73372391264
0.729327742705
0.724274376741
0.718927672431
0.713791027162
0.709319484966
0.70565033068
0.702479146321
0.699311497327
0.695869654995
0.692125546524
0.688043075545
0.683648436521
0.679313203102
0.675508331014
0.67221095619
0.668989990502
0.665597141737
0.661992906323
0.658137942757
0.65423351603
0.65068403501
0.647478547147
0.644320410031
0.641138823076
0.637820189558
0.634432871902
0.631217644769
0.628051572895
0.624848349567
0.621564548152
0.618207869755
0.614928778627
0.611610365763
0.608208248061
0.60465654284
0.601081041499
0.597462052263
0.593722451198
0.589754840855
0.585640757718
0.581389363066
0.576973103949
0.572337267283
0.567519605766
0.562514372595
0.557261134055
0.551798664541
0.546137918484
0.540212300721
0.534048779208
0.527669756583
0.521036027501
0.514183545759
0.507217660786
0.500913642612
0.501547983915
0.537624456592
0.580863058594
0.580641133572
0.490298394453
0.584789365399
0.466179637032
0.538721415423
0.497699641554
0.453092777659
0.495963726577
0.433879868694
0.44827891488
0.468277303583
0.456778863153
0.423326144121
0.415686011558
0.435080948953
0.420814816559
0.401495043981
0.412633232996
0.416828912916
0.399624080687
0.387757286781
0.397963094351
0.396152493063
0.383965487168
0.385927940985
0.386740458514
0.377549614568
0.375627784769
0.379669170465
0.37107799999
0.369713222579
0.370758850242
0.365558049379
0.364838665966
0.363823794407
0.358879299778
0.359873443686
0.356676027799
0.354623612236
0.353169809734
0.350337420746
0.349754814566
0.346117466592
0.345417548939
0.342264923466
0.341084648116
0.337897652838
0.336470771739
0.333748325607
0.331191594625
0.329269569211
0.326009246078
0.323447090164
0.321024742469
0.317719072883
0.314423985793
0.311405846303
0.308508651674
0.305529389929
0.303237549178
0.302984247452
0.318122573723
0.290924310172
0.300094068986
0.321508542937
0.297377040213
0.320094793859
0.291792950582
0.296027936356
0.306737643778
0.26573024735
0.306241707984
0.267708281766
0.274834047535
0.285298765001
0.257041527386
0.273003238499
0.278040565545
0.250183908281
0.263707147592
0.27562148363
0.267899148692
0.249534902332
0.245402447649
0.257542647582
0.262260974546
0.25093884943
0.240629337233
0.242908485977
0.249272264942
0.249163661571
0.242054645274
0.23683896814
0.239668665469
0.242991598258
0.239301582575
0.234779025118
0.235861214332
0.238071366386
0.236402180908
0.23306015131
0.233048773176
0.234547659686
