0.294042552292
0.29399706639
0.293908399526
0.293778542797
0.293609199343
0.293401807968
0.293157564679
0.292877442286
0.292562208223
0.292212440759
0.291828543718
0.29141075987
0.290959183112
0.290473769563
0.2899543477
0.289400627632
0.28881220963
0.288188591996
0.287529178376
0.286833284598
0.286100145122
0.285328919166
0.28451869661
0.283668503719
0.282777308772
0.281844027653
0.280867529473
0.279846642271
0.27878015887
0.277666842916
0.276505435183
0.275294660165
0.274033233023
0.27271986692
0.271353280787
0.269932207555
0.268455402892
0.266921654462
0.265329791731
0.263678696342
0.261967313051
0.260194661233
0.258359846948
0.256462075537
0.254500664713
0.252475058108
0.250384839209
0.2482297456
0.246009683429
0.243724741968
0.241375208156
0.238961580969
0.236484585438
0.233945186151
0.231344600016
0.228684308073
0.225966066127
0.223191913939
0.220364182738
0.217485500782
0.21455879672
0.211587300486
0.208574541507
0.205524343981
0.202440819045
0.199328353665
0.196191596131
0.193035438085
0.189864993073
0.186685571665
0.183502653266
0.180321854799
0.177148896534
0.173989565388
0.170849676113
0.167735030836
0.164651377495
0.161604367736
0.158599514909
0.155642152792
0.152737395683
0.149890100524
0.147104831641
0.144385828686
0.141736978286
0.139161789825
0.136663375723
0.134244436458
0.131907250478
0.129653669065
0.127485116086
0.125402592483
0.123406685243
0.121497580549
0.11967508067
0.117938624187
0.116287309012
0.114719917719
0.11323494463
0.111830624141
0.11050495978
0.1092557535
0.10808063478
0.106977089123
0.105942485595
0.104974103125
0.104069155303
0.103224813495
0.102438228136
0.101706548105
0.101026938145
0.100396594315
0.0998127574927
0.0992727250119
0.0987738604805
0.0983136019048
0.0978894682209
0.097499064359
0.0971400849683
0.0968103169361
0.0965076408281
0.0962300313811
0.0959755571704
0.0957423795687
0.0955287511088
0.0953330133522
0.0951535943578
0.0949890058403
0.0948378400953
0.0946987667641
0.0945705295023
0.0944519426106
0.0943418876804
0.0942393102999
0.0941432168648
0.0940526715301
0.0939667933407
0.0938847535702
0.0938057733016
0.0937291212768
0.093654112042
0.0935801044169
0.0935065003107
0.0934327439085
0.0933583212489
0.0932827602091
0.0932056309075
0.0931265465289
0.0930451645626
0.0929611884295
0.0928743694554
0.0927845091189
0.0926914614719
0.0925951355879
0.092495497849
0.0923925738301
0.0922864494833
0.0921772712769
0.0920652449004
0.0919506321343
0.0918337454978
0.0917149403688
0.0915946044145
0.0914731444085
0.0913509708403
0.0912284811347
0.0911060427549
0.090983977896
0.0908625517774
0.0907419665778
0.0906223627114
0.0905038283042
0.0903864164279
0.0902701680182
0.0901551367765
0.0900414111662
0.0899291283379
0.0898184757925
0.0897096788297
0.0896029749713
0.0894985798239
0.08939665135
0.0892972603975
0.0892003742
0.0891058565441
0.0890134841367
0.0889229744985
0.088834017653
0.0887463029663
0.0886595341919
0.0885734298961
0.088487711918
0.088402089539
0.0883162493714
0.0882298588939
0.0881425850197
0.0880541205684
0.0879642056303
0.0878726319404
0.0877792273707
0.0876838299401
0.0875862681754
0.087486360938
0.0873839360203
0.0872788521819
0.0871710056923
0.087060314852
0.0869466960938
0.0868300551045
0.0867103033493
0.0865873834602
0.0864612743937
0.0863319674297
0.0861994373351
0.0860636374069
0.0859245127216
0.0857819979898
0.0856359893621
0.0854863249297
0.0853328030562
0.0851752112329
0.0850133264596
0.0848469098074
0.0846757369133
0.0844996350758
0.0843184784432
0.0841321732272
0.0839406669468
0.0837439329931
0.0835419280259
0.0833345899519
0.0831218505333
0.0829036327356
0.0826798874021
0.0824506223536
0.0822158912934
0.0819757933073
0.0817304286548
0.0814798536578
0.0812240604842
0.0809629583424
0.0806964046068
0.0804242112039
0.0801461553535
0.079861956042
0.0795712748234
0.0792737132105
0.0789688320065
0.0786561555678
0.0783351826989
0.0780054190408
0.0776664515985
0.0773180140633
0.0769599799634
0.0765923334194
