1.47776582648
1.47771836334
1.47762580943
1.47749018043
1.47731316515
1.47709615191
1.47684025212
1.47654632108
1.4762149764
1.47584661415
1.47544142313
1.47499939721
1.4745203461
1.47400390456
1.47344954032
1.47285656066
1.4722241179
1.47155121382
1.47083670317
1.47007929618
1.46927756038
1.46842992162
1.46753466432
1.46658993123
1.46559372247
1.46454389408
1.46343815605
1.46227406994
1.46104904596
1.45976033986
1.45840504932
1.45698011015
1.45548229224
1.45390819534
1.45225424469
1.45051668668
1.44869158447
1.44677481382
1.44476205904
1.44264880948
1.44043035633
1.43810179022
1.43565799965
1.43309367046
1.43040328671
1.42758113317
1.42462129974
1.42151768833
1.41826402248
1.41485386037
1.41128061167
1.407537559
1.40361788465
1.3995147034
1.39522110228
1.39073018837
1.38603514559
1.38112930157
1.3760062059
1.37065972084
1.36508412568
1.35927423592
1.35322553813
1.34693434127
1.34039794483
1.33361482361
1.32658482841
1.31930940073
1.3117917989
1.30403733121
1.29605359021
1.28785068047
1.27944142985
1.27084157212
1.26206988639
1.25314827703
1.24410177565
1.23495844613
1.22574917374
1.21650732123
1.20726823822
1.19806861635
1.18894569045
1.17993629707
1.17107581329
1.1623970129
1.15392888969
1.14569550975
1.13771496306
1.12999848858
1.12254984485
1.11536498958
1.10843211642
1.10173207668
1.09523918926
1.08892241602
1.08274685483
1.07667547969
1.07067103985
1.06469801685
1.05872453164
1.05272409233
1.04667707637
1.04057184946
1.03440543606
1.0281836757
1.02192082344
1.01563858583
1.00936462226
1.00313058735
0.996969836873
0.990914965044
0.984995375383
0.979235105436
0.973651119461
0.968252249759
0.963038906397
0.958003591756
0.953132160084
0.948405665899
0.943802563268
0.939300964552
0.934880653317
0.930524578126
0.92621963195
0.921956638461
0.917729606362
0.91353445387
0.909367520615
0.905224246581
0.901098386035
0.896982029749
0.892866539837
0.888744285845
0.884610853238
0.880467231331
0.876321432346
0.872189087496
0.868092817393
0.864060535486
0.8601231999
0.856312710914
0.852660496077
0.849196790673
0.845949904485
0.842944320178
0.840196807778
0.83771102606
0.835472736087
0.833448535065
0.831589868743
0.829841294373
0.828149518445
0.826469812923
0.824769062687
0.823027186656
0.821238198357
0.819409443134
0.817556567231
0.815694881749
0.81383191915
0.811965881091
0.810089784546
0.808196859386
0.80628377264
0.804352274209
0.802410777997
0.800474094575
0.798558179375
0.796671602375
0.794810448203
0.792960237159
0.791101672451
0.789217249085
0.787298652698
0.785350316323
0.783383348152
0.781405920917
0.779420370918
0.777425949835
0.775423336908
0.773419571021
0.771425758241
0.769447310013
0.767479832218
0.765513535579
0.763542518069
0.761570470652
0.759602475203
0.757637061549
0.755667669171
0.753690815484
0.751707472676
0.749714223464
0.747701981242
0.745665687428
0.743608973177
0.741534410962
0.739439535466
0.737324666785
0.735191734741
0.73303750477
0.730859738522
0.728661999078
0.726444923147
0.724207567874
0.721952639613
0.719680165719
0.717391680771
0.715091583866
0.712779038604
0.710454610492
0.708126064683
0.705916248541
0.705368123368
0.728705470978
0.999074818119
0.973566336138
0.945882845171
0.890335713216
0.975097702358
1.00295804343
0.902445744841
0.84494144663
0.933539685739
0.926363777875
0.795583443109
0.878727431664
0.945517423542
0.927689582825
0.837041318575
0.811365100271
0.868810018368
0.878706954967
0.818630135832
0.787054300771
0.803284727894
0.822092430151
0.825058195492
0.807778039478
0.774172473349
0.741733454341
0.737132889892
0.732992487771
0.714434536092
0.735974221287
0.69856585197
0.695658791573
0.713015078464
0.695625871647
0.699017858415
0.690639660292
0.692857718117
0.695449053104
0.685567930031
0.685024016814
0.68395709713
0.682190293647
0.674264627914
0.67435785636
0.676611107978
0.666864398198
0.673135309068
0.667107396063
0.668996844893
0.664731982041
0.665357081621
0.664252171397
0.660615503953
0.661650314423
0.659309519994
0.656537242718
0.655637191302
0.657384066334
0.656350099681
0.653940342283
0.653118123946
0.654920481618
0.663518671424
0.683757570068
0.707083266553
0.73344932696
0.682108134444
0.646652048245
0.707295200279
0.699997652687
0.662213909386
0.66702080825
0.665327940726
0.657472470913
0.646487073767
0.651654318947
0.650745599771
0.633291860941
0.648397644105
0.705110807035
0.66699053503
0.670463561528
0.684519045493
0.642331943054
0.618424213576
0.629916493356
0.631982713877
0.622242434882
0.619232980914
0.618055294437
0.631797032939
0.669141642936
0.611937576263
0.618851974756
0.6676077534
0.605625732579
0.665948597541
0.61411641458
0.637360992693
0.626289301938
0.618287342324
0.617255408502
0.617384488749
0.611920465554
0.613651268866
0.599378769
0.616269238868
0.589266228961
0.618529006157
0.588995319171
0.607697486909
0.590961787658
0.601982396552
0.585121603026
0.599318091723
0.581324201379
0.597454894137
0.577725191781
0.590806380018
0.577011795435
0.583056261856
0.580983036609
0.574081717715
0.582304392712
0.573777448874
0.571743355634
0.57835564067
0.573821505013
0.566777034924
0.569402625306
0.574898163386
0.571227843942
0.56631234815
0.561899398222
0.559719652774
0.558452912354
0.558000296699
0.561936724463
0.587641667458
0.59054294185
0.55484189192
0.565793672211
0.602029270726
0.549919653579
0.604764825824
0.552036663469
0.584222628942
0.590160642221
0.542924465301
0.585924191757
0.57561556993
0.540657656968
0.57351096738
0.578566935232
0.54512006484
0.544787533873
0.566441701448
0.54734822013
0.53689443039
0.553678249199
0.545144033972
0.533668217666
0.547034775548
0.538020823451
0.533653277458
0.541931071167
0.532873699292
0.533887199402
0.536776069354
0.529173023807
0.534356940884
0.53071707381
0.529297816791
0.531382372368
0.526922898637
0.529841130372
0.526363933387
0.527507267189
0.526064516286
0.52550277429
0.525189283597
0.524038687222
0.523834125054
0.523002076186
0.522167608448
0.522149729788
0.520403617381
0.520803218944
0.519269602803
0.518742293198
0.518525600314
0.517031476447
0.516284435066
0.516079476743
0.515276808531
0.51412085535
0.512946397916
0.51190327016
0.51099946228
0.510636414916
0.51342927577
0.534710276274
0.520565792141
0.506400641475
0.508005182118
0.519982783497
0.533517654182
0.519317802244
0.504388646261
0.499508879426
0.501964452328
0.516822013206
0.550505027727
0.507586432072
0.506673838079
0.552644437244
0.492162971918
0.525399553116
0.496205444244
0.514301982696
0.496605885025
0.503022356347
0.497468105133
0.500351207101
0.488876438459
0.497897911002
0.488371706151
0.495617456425
0.481487065504
0.494245428053
0.47986328947
0.487333030266
0.48359091782
0.479583103493
