1.2475245373
1.24747703677
1.24738442356
1.24724874079
1.24707171548
1.24685478444
1.24659911742
1.24630563795
1.245975042
1.24560781469
1.24520424515
1.24476443984
1.24428833443
1.24377570434
1.24322617414
1.2426392259
1.24201420666
1.24135033506
1.24064670726
1.23990230231
1.23911598696
1.23828652013
1.23741255696
1.23649265277
1.2355252667
1.23450876552
1.2334414273
1.23232144532
1.23114693226
1.22991592466
1.22862638792
1.22727622187
1.22586326709
1.22438531208
1.22284010144
1.22122534532
1.2195387301
1.21777793075
1.21594062489
1.21402450878
1.21202731562
1.20994683612
1.20778094187
1.20552761153
1.20318496023
1.20075127221
1.19822503716
1.19560499014
1.19289015544
1.19007989417
1.18717395574
1.18417253283
1.1810763196
1.17788657262
1.17460517353
1.17123469252
1.16777845109
1.16424058232
1.16062608634
1.15694087847
1.15319182668
1.14938677497
1.14553454867
1.14164493728
1.13772865071
1.13379724436
1.12986300931
1.1259388244
1.122037968
1.11817388927
1.11435994031
1.11060907356
1.10693351125
1.1033443973
1.09985144466
1.09646259439
1.09318370489
1.09001829127
1.08696733515
1.08402918416
1.08119955795
1.07847167296
1.07583649283
1.07328310392
1.07079920741
1.06837171062
1.06598739121
1.06363359987
1.06129895935
1.05897401309
1.05665177348
1.05432812114
1.05200201185
1.04967545758
1.04735326391
1.04504252574
1.04275190729
1.0404907577
1.03826813763
1.03609185091
1.03396758545
1.03189826451
1.02988369222
1.02792054526
1.02600271895
1.02412198559
1.02226887431
1.02043364161
1.01860718095
1.01678172276
1.01495120751
1.01311127302
1.01125887523
1.00939164727
1.00750717545
1.00560241147
1.00367342761
1.0017156461
0.999724540554
0.997696645556
0.995630569215
0.993527642254
0.991391904155
0.989229332067
0.987046510858
0.984849209597
0.982641428231
0.980425306703
0.978201870149
0.975972109012
0.973737662406
0.971500619186
0.969262619293
0.967024101885
0.964784627797
0.962544452217
0.960306404372
0.958076630165
0.955863518903
0.953675644542
0.95152034001
0.949403643925
0.947330683324
0.945305101348
0.943327649169
0.941395681832
0.939504646584
0.937650256954
0.935829203957
0.934038411717
0.932274833445
0.930536325919
0.928821673775
0.927129051336
0.925455246851
0.92379682492
0.922150914161
0.920514656355
0.918885558404
0.917262517993
0.915645138339
0.914032998134
0.912426660158
0.910827822369
0.909238768939
0.907662825249
0.906103403426
0.904562849901
0.903042973218
0.901544840145
0.900069415899
0.898617633381
0.897189214003
0.895782634822
0.894395014123
0.893023674965
0.891666566353
0.890322509213
0.88899044051
0.887669647277
0.886359866651
0.885061592222
0.883775476564
0.882502014559
0.88124131578
0.879992613521
0.878754025501
0.87752286965
0.876296015041
0.87506975741
0.873840125424
0.872603818939
0.871358196508
0.870100584503
0.868828925266
0.867547519032
0.866321631239
0.865881565451
0.875352996678
0.990170785128
0.991614598821
0.91015412292
0.894384938066
0.985520246797
0.883673874669
0.886786752377
0.953086153966
0.866102526413
0.930308236613
0.937829669612
0.867516757947
0.928816251757
0.910840383398
0.852384289321
0.916158700974
0.908074635977
0.849895147237
0.889958259534
0.91406065329
0.865363046164
0.851033700543
0.884250633708
0.885269009539
0.854374680312
0.852016416913
0.871931073434
0.85587856478
0.843070877231
0.860870908052
0.854886620453
0.841507755495
0.85359502842
0.847911690664
0.84064221151
0.849741094395
0.843947678387
0.840075804171
0.845651231643
0.838475109281
0.841233465245
0.841288648328
0.83676562962
0.840371475303
0.836256787495
0.837599362753
0.837159346236
0.834877225884
0.836421354746
0.833579715035
0.835242310064
0.832798063298
0.83371505824
0.831978645719
0.83245511068
0.831130861029
0.831198361436
0.830015664895
0.830167110123
0.828867041588
0.829034007597
0.827682895151
0.827838761305
0.826584577141
0.826409317557
0.825701598501
0.824802004318
0.824591087002
0.823720875488
0.822810583255
0.822389897631
0.821903132877
0.821087353873
0.820183970336
0.819335241083
0.818618814581
0.818443819206
0.821268450941
0.837523209033
0.911932367265
0.825582271965
0.854323153244
0.903877955586
0.844212470546
0.927893781901
0.879569154415
0.867249570988
0.910968019999
0.827457799712
0.858980695426
0.869018946088
0.809522302128
0.865821651456
0.850652961951
0.805779598004
0.848652625512
0.85297804821
0.810069866707
0.819246851034
0.842574970241
0.823116233777
0.802915265442
0.824465103499
0.820734264184
0.801841923995
0.816909340578
0.814440087453
0.800477096027
0.812107488224
0.808375487189
0.800485410947
0.808953932818
0.802046769018
0.801295723632
0.805110364571
0.797929446165
0.802747096201
0.799255061174
0.798962837727
0.79991368226
0.796552831318
0.799204184993
0.795724643641
0.797827249322
0.795151697104
0.796456310009
0.794729370253
0.795230906976
0.793928204755
0.794330411538
0.793024267124
0.793444930557
0.792048376429
0.792562759799
0.791070994677
0.791570190334
0.790303021232
0.790230641648
0.789766214768
0.788808049215
0.788819220764
0.788051202951
0.787260111027
0.787069661968
0.786607322374
0.785772631036
0.784968559364
0.784308246405
0.78377234816
0.78348515033
0.784443888401
0.79028380376
0.817255752419
0.879408774444
0.808193174399
0.804072214154
0.878396968186
0.778853147146
0.845349926564
0.79153944404
0.822962759165
0.798359563954
0.804234040827
0.801421286584
0.799335595182
0.783911329151
0.801054835684
0.78157648675
0.802474109231
0.77057271323
0.79581980046
0.772318479424
0.781139829815
0.782213701707
0.769825235312
0.787815608057
0.773312354751
0.769363716094
0.782444743792
0.772767676906
0.764458778319
0.775731606969
0.783456406136
0.767533304188
0.762280164683
0.773428117763
0.78542058219
0.795690663277
0.770609743061
0.758296739137
0.763944910419
0.782604763594
0.83200192552
0.76563848443
0.855953100483
0.755568456415
0.827186524863
0.776011099121
0.786327045397
0.795488547765
0.760444135205
0.793264057289
0.762213530998
0.767200988537
0.777145707351
0.748815674642
0.771807453133
0.760248613171
0.751656939178
0.763817923815
0.746951668285
0.760072176592
0.746827015525
0.753952426112
0.749458434817
0.748263082701
0.749005578897
0.745788342126
0.746850135406
0.744100929778
0.745358394572
0.74260588528
0.742864836751
0.742490326225
0.740419095105
0.742065563172
0.738799480879
0.740504524897
0.738127263411
0.737979848907
0.738411366745
0.736028453289
0.736568686132
0.736363984941
0.734175977009
0.734016568848
0.734465477186
0.733447872446
0.731939095998
0.730766996076
0.729923023213
0.729400440436
0.729544922282
0.732757320917
0.745353619206
0.798229382805
0.729731356186
0.768499129192
0.738518593693
0.743664201868
0.74658537685
