1.03055271941
1.03054705736
1.03053601759
1.03051984306
1.03049873879
1.03047287497
1.0304423897
1.03040739146
1.03036796134
1.03032415496
1.03027600426
1.03022351902
1.03016668821
1.03010548123
1.03003984893
1.02996972453
1.02989502444
1.02981564892
1.0297314827
1.02964239544
1.02954824219
1.02944886372
1.02934408682
1.02923372449
1.02911757619
1.02899542792
1.02886705234
1.02873220885
1.02859064364
1.02844208971
1.02828626686
1.02812288175
1.02795162787
1.02777218555
1.027584222
1.02738739129
1.0271813345
1.02696567969
1.02674004213
1.02650402437
1.02625721651
1.02599919644
1.02572953021
1.0254477724
1.02515346664
1.02484614621
1.0245253347
1.02419054687
1.02384128954
1.02347706268
1.02309736065
1.02270167355
1.0222894888
1.02186029287
1.0214135732
1.02094882038
1.02046553046
1.01996320754
1.01944136664
1.01889953667
1.01833726379
1.01775411492
1.01714968155
1.01652358372
1.01587547427
1.0152050433
1.01451202278
1.01379619132
1.01305737905
1.0122954726
1.01151041999
1.01070223558
1.00987100471
1.00901688826
1.0081401267
1.00724104378
1.00632004951
1.00537764245
1.00441441097
1.0034310335
1.00242827743
1.00140699654
1.00036812678
0.999312680175
0.998241736702
0.997156433997
0.996057954727
0.994947511558
0.993826329664
0.992695626789
0.991556590957
0.990410355972
0.989257974999
0.988100392575
0.986938415534
0.985772683457
0.984603639362
0.983431501494
0.982256237164
0.981077539734
0.979894809871
0.978707142314
0.977513319396
0.976311812543
0.975100792952
0.973878152488
0.972641535699
0.971388383554
0.970115989212
0.968821565637
0.967502324379
0.966155564145
0.964778767006
0.963369699172
0.961926512221
0.960447839577
0.958932881836
0.957381473499
0.955794122744
0.95417201545
0.952516974849
0.95083136941
0.949117964056
0.947379713873
0.945619505289
0.943839856987
0.942042601125
0.940228573606
0.938397348508
0.936547054345
0.93467430643
0.932774278696
0.930840919697
0.928867292986
0.92684599595
0.924769589978
0.922630966013
0.920423579168
0.918141516636
0.915779410793
0.913332263629
0.91079529382
0.908163936871
0.905434109294
0.902602786937
0.899668855647
0.896634092854
0.89350406379
0.890288699208
0.887002384738
0.88366353188
0.880293775061
0.876917067028
0.873558931588
0.870245928287
0.86700505234
0.863862535631
0.860841579518
0.857959039362
0.855221784849
0.852623920882
0.850145898368
0.847755844273
0.84541271372
0.843070627007
0.840683994953
0.838213214876
0.835630369991
0.832923734479
0.830099757698
0.827181896507
0.824206494652
0.821216120988
0.818250881889
0.815339308459
0.812491849235
0.809699499525
0.806937541404
0.804172862656
0.801373749284
0.798520027415
0.795609025504
0.792654273127
0.789678492194
0.786703741325
0.78374135902
0.780786899683
0.777823692932
0.774832240902
0.771800581485
0.768730082837
0.765632332497
0.762520458607
0.759400987554
0.756271448195
0.753125241361
0.7499579678
0.746771017315
0.743570099488
0.740361305758
0.737147268883
0.733925765614
0.730691867391
0.72744278445
0.724180361673
0.720907377655
0.717620812853
0.714311793371
0.710973672301
0.707605972776
0.704205985151
0.700762225072
0.697262827814
0.693701483082
0.690069841239
0.686352560704
0.682535414646
0.678608647933
0.674560530992
0.670379938938
0.66607230111
0.661912122999
0.662586103502
0.74551760458
0.983370459876
1.10107581405
1.11249101447
1.06265157928
0.87882508954
0.784023737744
0.92017983462
0.658313516309
0.779866799831
0.812357666469
0.753116251894
0.729023213632
0.80550291951
0.823509975846
0.744958748724
0.684981012505
0.699133943583
0.698249147776
0.654172138497
0.636923085971
0.687258789074
0.710969667231
0.672855975015
0.645738536104
0.657441722775
0.665720982778
0.646333453049
0.61873401491
0.625207291509
0.64558430242
0.631090177056
0.612640303993
0.621141740493
0.624572695941
0.608057167335
0.600080977426
0.611375777281
0.605389298632
0.596047818708
0.60247256613
0.599206801263
0.589372463949
0.594169202588
0.591741233415
0.586367016284
0.590400470009
0.585061067497
0.582624419543
0.58349579337
0.578232518485
0.580047325957
0.576501016657
0.575016283799
0.573453811209
0.570699661955
0.570151619993
0.567138614871
0.566179695994
0.563502714617
0.561803488206
0.560120910704
0.557078719318
0.555826456471
0.553002212866
0.550386964021
0.548568485566
0.545980839383
0.542879467251
0.539786684182
0.536947687331
0.534392684614
0.532737314768
0.537467184916
0.565991586971
0.562568876486
0.517781209415
0.544353203578
0.530212527006
0.514890867835
0.543885563447
0.503171924199
0.529075748679
0.518439124539
0.500095213846
0.517776201002
0.490530003007
0.508729151576
0.485372799194
0.501439500329
0.481313681999
0.492501808171
0.478738282928
0.487227762621
0.473340609515
0.481193164342
0.46929623464
0.477028149422
0.465940031957
0.46926018701
0.463803270836
0.461254721369
0.462788090285
0.455569634011
0.457504376808
0.455136698351
0.449361292494
0.450692550946
0.449673929117
0.443575167402
0.440857658128
0.44145419217
0.441103737202
0.441243529273
0.43820594581
0.439078460158
0.439730558264
0.450109737376
0.453066306912
0.477402513932
0.418280742588
0.50024787293
0.410064869478
0.464957792542
0.42392991355
0.430844929264
0.428913601429
0.413239293186
0.427780360711
0.396783544259
0.421585939533
0.392975437564
0.404149344788
0.401954104665
0.387616218655
0.40091557551
0.382641589783
0.393557788559
0.382201582545
0.386255967471
0.380567208848
0.380639613909
0.378744532285
0.376028733006
0.374446603471
0.373726365483
0.369746600879
0.371914200689
0.365258316607
0.368044852514
0.362791644906
0.362558805568
0.362273463896
0.357433585452
0.35758046189
0.356941494501
0.352708673328
0.350628484721
0.350703185678
0.349604274989
0.347671182673
0.345339342546
0.344625579732
0.347921279864
0.367179900582
0.336666908246
0.340764853483
0.357825331249
0.332021970546
0.358646437198
0.333805354635
0.34183484264
0.338352441783
0.327668657466
0.332036791955
0.322922823113
0.325534881837
0.317904130144
0.317388211264
0.318158435561
0.310462217641
0.317746991695
0.30417908386
0.312285127565
0.302723890762
0.303886785566
0.304400210178
0.296975663282
0.302011795352
0.297075409321
0.292883245726
0.296748184142
0.293556167547
0.287725124691
0.288595211832
0.290503649496
0.286101548392
0.2816416292
0.279633395558
0.279807177228
0.282064326753
0.285129110366
0.291867791856
0.293915428388
0.301223349825
0.294282682526
0.303370202309
0.305965673069
0.331456776285
0.261956278943
0.344439220906
0.2570311396
0.315348595317
0.2707199526
0.282079112311
0.317183417164
0.266281014726
0.255957678426
0.289783689091
0.288702186328
0.254144818294
0.249274179193
0.272904195868
0.275396990802
0.252425029466
0.241840486597
0.254266410736
0.266536263187
0.267267414416
0.256375928747
0.243130149492
0.238408059764
0.243986717317
0.250899896194
0.250331831203
0.24285783158
0.236850533549
0.237732342816
0.2420839127
0.243392413435
0.239969315936
0.235753342798
0.235263081386
0.23771587588
0.238564357782
0.236297648371
0.233948109133
0.234230304724
0.235626658352
0.235361802552
0.233544742922
0.232668782488
0.233401360778
0.233671766936
0.232571888949
0.231672761494
0.231951047003
