2.63101001018
2.63091211229
2.63072117858
2.63044130757
2.63007589805
2.62962770525
2.62909888997
2.62849106158
2.6278053154
2.6270422649
2.62620206936
2.62528445719
2.62428874544
2.62321385567
2.62205832648
2.62082032292
2.61949764298
2.61808772126
2.61658762995
2.6149940773
2.61330340348
2.61151157399
2.60961417065
2.60760638001
2.60548297933
2.60323831993
2.6008663079
2.59836038201
2.59571348873
2.59291805416
2.58996595267
2.58684847206
2.58355627491
2.58007935594
2.57640699487
2.57252770456
2.56842917389
2.56409820502
2.55952064425
2.55468130627
2.54956389071
2.54415089059
2.53842349165
2.53236146183
2.52594302979
2.51914475148
2.51194136361
2.50430562281
2.49620812912
2.48761713251
2.47849832102
2.46881458906
2.45852578467
2.44758843443
2.43595544511
2.42357578163
2.41039412137
2.39635048593
2.38137985282
2.36541175151
2.34836985071
2.33017154778
2.31072757582
2.28994165062
2.26771018852
2.24392213752
2.21845897859
2.19119497279
2.1619977527
2.13072938422
2.09724805695
2.06141059598
2.0230760224
1.98211041759
1.93839335678
1.89182615447
1.84234208472
1.78991857458
1.73459108569
1.67646797419
1.61574504898
1.55271788492
1.48778931573
1.42146915938
1.35436341577
1.28715121473
1.22054980102
1.15527058228
1.09197204372
1.03121714033
0.973442696183
0.918946060601
0.867890377707
0.820325610448
0.776219313339
0.735489921209
0.698036043437
0.663757312189
0.632564897458
0.60438218158
0.57913787426
0.556754879438
0.53713847511
0.520166905912
0.505686478833
0.493511957592
0.483431793191
0.475216799093
0.468630447002
0.463439023244
0.459420306912
0.456370008371
0.45410575873
0.452468854178
0.451324196622
0.450558953385
0.450080430446
0.449813566064
0.449698344199
0.449687325586
0.449743410833
0.449838596462
0.449951825229
0.450067627883
0.450174953052
0.450266192463
0.450336388148
0.450382598917
0.45040340076
0.450398496755
0.450367043471
0.450308793793
0.450223974696
0.450113197538
0.449977393071
0.449817764875
0.449635755986
0.449433024212
0.449211422105
0.44897297787
0.448719873589
0.448454417313
0.448179005704
0.447896074206
0.447608032358
0.447317182799
0.447025624087
0.446735139584
0.446447077427
0.446162229876
0.445880723782
0.445601936936
0.445324456926
0.445046098814
0.44476399459
0.444474760214
0.444174735361
0.443860277577
0.443528078833
0.443175461531
0.442800606442
0.442402669825
0.441981762039
0.441538783783
0.441075144157
0.440592410436
0.44009195618
0.439574677041
0.439040830954
0.43849003371
0.4379214077
0.437333847783
0.436726340434
0.436098255892
0.435449532274
0.434780688517
0.434092641335
0.433386358074
0.432662442262
0.431920800471
0.431160546701
0.430380237102
0.429578394121
0.428754124858
0.427907553633
0.427039852957
0.42615286713
0.425248563377
0.424328650531
0.423394580651
0.422447859723
0.421490338161
0.420524133883
0.419551118572
0.41857229786
0.417587593646
0.41659623593
0.415597364234
0.414590138799
0.413573126908
0.412543569695
0.411497364053
0.410429836912
0.409336522148
0.408213311676
0.407056373667
0.405862613051
0.404630449019
0.4033598661
0.402051692042
0.40070727388
0.399328729658
0.397918532409
0.396478449401
0.395009308232
0.393511172247
0.391982692845
0.390421129366
0.388823612868
0.387187738427
0.385512299502
0.383798210569
0.382047675287
0.380263455349
0.378447748205
0.376600994208
0.374722160601
0.37280874933
0.37085793772
0.368866774355
0.366832579918
0.364752310061
0.36262197954
0.36043582793
0.358187287843
0.355870741528
0.35348299876
0.351023105162
0.348490616323
0.345885286569
0.343209570161
0.340470871926
0.337680683103
0.334848986231
0.331979770785
0.329073052363
0.326125869558
0.323130831619
0.320080031211
0.317023871539
0.314583463553
0.319532867047
0.389485623891
0.361005470593
0.430587339849
0.371525582011
0.424490551377
0.42237775356
0.38149066701
0.339012277341
0.398625475934
0.364006491959
0.318077487963
0.343362824259
0.362124608472
0.367650601864
0.368606453017
0.369110595186
0.364994318367
0.352728207235
0.331781673038
0.309097970692
0.299190796679
0.303688786751
0.313608514257
0.319450673199
0.316852061861
0.309846574686
0.301830575115
0.292829345113
0.287029670113
0.28675104037
0.284363857654
0.283629752669
0.283460613639
0.279570745891
0.273672317194
0.269937916212
0.270107275851
0.270508684312
0.26442516194
0.25960604338
0.259878366255
0.257982136563
0.255169776011
0.253624997228
0.249374375733
0.247918032242
0.245830160283
0.241211773381
0.239857484475
0.23648523812
0.233628078625
0.230842725717
0.228782376582
0.225351656697
0.223449410603
0.220151659638
0.217547232203
0.21479156585
0.213349468639
0.247321146336
0.381561842895
0.42962330877
0.418442601101
0.392863134391
0.409627423969
0.421720258742
0.388384770647
0.353405884846
0.366774377803
0.373688120966
0.373533387118
0.371306025563
0.367880899903
0.363412632878
0.360301059338
0.355322184627
0.341009122227
0.330613106923
0.326449779864
0.320635934746
0.318804500654
0.318231725669
0.30804141803
0.298636286689
0.286397718495
0.28388851367
0.270465110392
0.264472352398
0.255211438728
0.253031135165
0.249737790937
0.237890868176
0.232159696165
0.23371589307
0.222641204268
0.204565843308
0.19785880867
0.209746908078
0.215181414954
0.204265483242
0.204892873317
0.186183673348
0.230438279444
0.218354723757
0.215044429269
0.26215283988
0.204645893007
0.247647830349
0.269519579534
0.256792689949
0.225076751787
0.209291138869
0.211968882709
0.226680203207
0.236146808617
0.233097977415
0.218374589606
0.20399547567
0.19692474067
0.192554669992
0.189419567064
0.190255533948
0.192375181866
0.188727886961
0.180900957756
0.177287082118
0.177460950198
0.176620969534
0.172863330151
0.165998035617
0.161047168941
0.161861092786
0.163179969314
0.160617451
0.157902945794
0.158873409362
0.160100599921
0.157658371308
0.155134138239
0.155022307077
0.154224120339
0.151739632672
0.151051171173
0.151298780233
0.150203275063
0.149006692126
0.149025618301
0.148078520325
0.146655306282
0.146178887538
0.144969685005
0.143612832149
0.143036666093
0.141723456153
0.140977581043
0.14029774357
0.139440223153
0.138607143213
0.137437740835
0.136715151387
0.135852512793
0.135048810804
0.134218375048
0.133280956943
0.132446573749
0.131353173604
0.13048163568
0.12965733977
0.12895674755
0.131948930402
0.174892131881
0.165410237365
0.206142560697
0.169133804662
0.20078870712
0.153696946711
0.162062883766
0.211703675896
0.188800314739
0.136772850193
0.156426113637
0.205532575184
0.17200475972
0.134514088469
0.141287191375
0.168207795449
0.191196113023
0.202322390804
0.203411201498
0.195350641522
0.180223983673
0.161664838194
0.143883980929
0.130479834008
0.124854392226
0.129353070805
0.140776340382
0.151850949682
0.157769717808
0.155861772722
0.147426845619
0.13676069367
0.128107713842
0.12346869205
0.122607731506
0.12417718326
0.126685927101
0.128978826618
0.130348961749
0.130503299063
0.129494277497
0.127587804862
0.125254090398
0.123054678226
0.12148942863
0.120834213653
0.121024213649
0.121667684209
0.122225436246
0.122282459289
0.121746774916
0.1208257582
0.119907731507
0.119321074216
0.11916120571
0.119278746253
0.119413821998
0.119358160851
