-1.0, -0.83321967651
1.0, 0.611403551377
-1.0, -0.998260235073
-1.0, -0.86099340595
-1.0, -0.615954007096
-1.0, -0.188302042382
-1.0, -0.997942567838
1.0, 0.535355412281
-1.0, -0.981248878888
1.0, 0.721972837711
-1.0, -0.700426836483
1.0, 0.643524580743
-1.0, -0.96221075142
-1.0, -0.898453623382
1.0, 0.259829867748
-1.0, -0.807157994799
-1.0, -0.987647340918
-1.0, -0.989684240225
1.0, 0.929187189654
-1.0, -0.668364867869
-1.0, -0.892115592369
-1.0, -0.99678741075
-1.0, -0.542830424178
1.0, 0.0195666807562
-1.0, -0.999827710498
-1.0, -0.975645888259
-1.0, -0.91122381863
1.0, 0.763002896443
1.0, 0.951884658158
1.0, 0.951564172393
1.0, 0.868152730343
-1.0, -0.881662216988
1.0, 0.646885461798
-1.0, -0.843531093999
-1.0, -0.864444516756
-1.0, -0.921213037913
-1.0, -0.88560859201
1.0, 0.985671616317
-1.0, -0.946701497528
-1.0, -0.962558681091
1.0, 0.805755455788
-1.0, -0.993514003407
-1.0, -0.99826984795
-1.0, -0.854017674603
-1.0, -0.796212297159
-1.0, -0.875447768686
-1.0, -0.928210754429
1.0, 0.00956430923211
-1.0, -0.984403588866
1.0, 0.694763756479
-1.0, -0.974065280231
-1.0, -0.98177407029
-1.0, -0.998994879197
1.0, 0.613339295643
-1.0, -0.853481143677
-1.0, -0.997485710533
-1.0, -0.99763668234
-1.0, -0.983356633874
-1.0, -0.951471916178
-1.0, -0.276028297415
-1.0, -0.997500967475
-1.0, -0.707773886398
-1.0, -0.994441184016
-1.0, -0.989436752738
-1.0, -0.935105411465
1.0, 0.584648794298
-1.0, -0.994076708819
-1.0, -0.990660700579
-1.0, -0.739029214209
1.0, 0.51037717628
-1.0, -0.977285612707
-1.0, -0.9997251988
1.0, 0.938352645169
1.0, 0.884331960207
-1.0, -0.957034780064
-1.0, -0.999691195071
-1.0, -0.99930376227
-1.0, -0.550733324275
-1.0, -0.999792437725
-1.0, -0.999912190512
-1.0, -0.851224657093
-1.0, -0.971010693179
-1.0, -0.96755069092
-1.0, -0.798768774353
-1.0, -0.998167464067
-1.0, -0.999323905145
-1.0, -0.995004156354
-1.0, 0.147299077597
-1.0, -0.978323953491
-1.0, -0.882551214572
-1.0, -0.9013112167
-1.0, -0.838002447763
-1.0, -0.998062945897
-1.0, -0.978264830723
-1.0, -0.839361238987
1.0, 0.0678743313013
-1.0, -0.999798482929
-1.0, -0.999079829264
1.0, 0.823814682163
-1.0, -0.985777355682
-1.0, -0.461204217477
-1.0, -0.986430575512
-1.0, -0.974274191608
-1.0, -0.924181337083
-1.0, -0.999548879018
-1.0, -0.948156719314
-1.0, -0.979332740851
-1.0, -0.991801165089
-1.0, -0.400949290585
-1.0, -0.952106553499
-1.0, -0.969374654047
-1.0, -0.723668070666
-1.0, -0.815396519248
1.0, 0.917481986453
-1.0, -0.998576853289
-1.0, -0.977522362067
-1.0, -0.958784170681
1.0, 0.735724312096
1.0, 0.901444150294
-1.0, -0.897145144705
-1.0, -0.501327412359
-1.0, -0.934086806175
1.0, 0.661797352665
-1.0, -0.893170902778
-1.0, -0.967612931241
-1.0, -0.992923680099
-1.0, -0.930992740471
-1.0, -0.862313767602
1.0, 0.701403821036
-1.0, -0.907602117663
-1.0, -0.957773001281
-1.0, -0.930104238106
-1.0, -0.552063675026
-1.0, -0.403140596008
-1.0, -0.986586186743
-1.0, -0.986031139016
-1.0, -0.962047528151
-1.0, 0.293000849721
-1.0, -0.587625740152
1.0, 0.205899460148
-1.0, -0.999972901309
-1.0, -0.897514256202
-1.0, -0.987263079928
-1.0, -0.510015889363
1.0, 0.787174554686
1.0, 0.661014629359
1.0, 0.852754817918
-1.0, -0.999759570588
-1.0, -0.99659036806
-1.0, -0.999251737914
-1.0, -0.957658968686
-1.0, -0.986378672903
-1.0, -0.995258144458
1.0, 0.802419206176
1.0, 0.954490577771
-1.0, -0.964566968918
1.0, 0.771682297756
-1.0, -0.927900796105
-1.0, -0.983618343959
-1.0, -0.260523597098
-1.0, -0.710784429468
-1.0, -0.965883965148
-1.0, -0.914641169394
-1.0, -0.975198479159
-1.0, -0.999459693272
-1.0, -0.933046914826
-1.0, -0.923975208107
-1.0, -0.97928735455
-1.0, -0.555422269871
-1.0, -0.630325085127
-1.0, -0.955635623905
-1.0, -0.973436622617
-1.0, -0.947872417641
-1.0, -0.999418948175
-1.0, -0.992731948594
-1.0, -0.969225158158
-1.0, -0.99353088329
-1.0, -0.998239310417
-1.0, -0.997809303742
-1.0, -0.962587124094
-1.0, -0.896554617332
-1.0, -0.969213883022
-1.0, -0.954780005667
-1.0, -0.545530964504
-1.0, -0.56970149785
-1.0, -0.801049480345
-1.0, -0.999965920536
-1.0, -0.99781069809
-1.0, -0.99766117778
-1.0, -0.991201732325
-1.0, -0.970102043687
-1.0, -0.981679469177
-1.0, -0.999675144231
-1.0, -0.994793204199
1.0, -0.991821402084
-1.0, -0.99956533653
-1.0, -0.980201155788
1.0, 0.951217548128
1.0, 0.787743874049
-1.0, -0.841127095524
-1.0, -0.998951916612
-1.0, -0.988203494049
1.0, 0.390119755636
-1.0, -0.997140153214
-1.0, -0.997060942511
1.0, 0.109189199064
-1.0, -0.999336257619
-1.0, -0.996708708141
-1.0, -0.819721418378
-1.0, -0.869750832122
1.0, 0.445727701993
-1.0, -0.780924522955
-1.0, -0.867652797151
1.0, -0.0113031000274
-1.0, -0.988516582747
-1.0, -0.780357566846
-1.0, -0.700415747983
1.0, 0.414915804592
-1.0, -0.999946471661
-1.0, -0.999280999939
-1.0, -0.933049927156
1.0, 0.570555361287
1.0, -0.996077093574
-1.0, -0.999023617518
-1.0, -0.996589415156
-1.0, -0.98656060207
-1.0, -0.966256797513
-1.0, -0.96111233719
-1.0, -0.497608693208
-1.0, -0.938711924495
-1.0, -0.858862498214
-1.0, -0.957303004358
-1.0, -0.991357499585
-1.0, -0.949803820191
-1.0, -0.991523620154
-1.0, -0.981080420736
-1.0, -0.992065440002
-1.0, -0.877218661949
-1.0, -0.966044760808
1.0, 0.68367315571
-1.0, -0.994072490019
-1.0, -0.986225735131
-1.0, -0.0618824093397
-1.0, -0.552962616501
-1.0, -0.570527825743
-1.0, -0.705776632222
1.0, -0.914176083953
-1.0, -0.999944653799
-1.0, -0.99903503396
-1.0, -0.899969090465
-1.0, -0.753957787929
-1.0, -0.978006215507
-1.0, -0.958051329562
-1.0, -0.906818210936
-1.0, -0.998292591166
-1.0, -0.999958447119
1.0, 0.97516291324
-1.0, -0.999820233957
