2.02298051407
2.01791288142
2.007948207
1.9931439175
1.97345200923
1.94872397721
1.91871457393
1.8830866619
1.84142050107
1.7932324803
1.73801062596
1.67527696481
1.60468900138
1.52619172218
1.44022291603
1.34795156343
1.2514873879
1.15394887942
1.05925444159
0.971565610597
0.894486103859
0.830314869883
0.779686253616
0.741728380082
0.714587065521
0.696026791133
0.683888944489
0.676338550882
0.671938653348
0.66962438377
0.668636006334
0.66844581117
0.668694389603
0.669148226215
0.66965579005
0.670121205727
0.670485766179
0.670715245776
0.670791328825
0.670705885242
0.670447451143
0.670008252281
0.669382566554
0.668565642717
0.667553010037
0.666340073128
0.664921928684
0.663293372302
0.661449088275
0.659384035598
0.657094061006
0.654576784411
0.651832811744
0.648867330286
0.645692123533
0.642327992961
0.63880747364
0.635177557551
0.631501876139
0.627861451206
0.624352769135
0.621081738509
0.618152351107
0.615649942817
0.613621057522
0.61205474342
0.610872493355
0.609934111497
0.609062982306
0.608086815139
0.606881928297
0.605405110986
0.603700346791
0.601877498036
0.600071620782
0.59839885122
0.59692436146
0.595650927052
0.594527689105
0.59347224453
0.592397172176
0.591233559843
0.589946820077
0.588542348383
0.587060023425
0.585558042361
0.584089382951
0.582678533143
0.58130976504
0.579936437553
0.578510171619
0.577013386752
0.57547158099
0.573933877122
0.572435525449
0.570971889857
0.569504053606
0.567989976582
0.56641499462
0.56479648722
0.563158815989
0.561502333371
0.559800041303
0.558028071511
0.556193175064
0.554320125953
0.552415513166
0.550457872298
0.548426215014
0.546324454833
0.544166108878
0.541944760013
0.539641790409
0.537259409371
0.534815232617
0.532307355718
0.529720837455
0.527057877001
0.524322611743
0.521503121564
0.518602091204
0.515632779029
0.512586986732
0.509460882153
0.506256613409
0.502963130388
0.499586347599
0.496126373888
0.492575254359
0.488933367467
0.485193232644
0.481361679609
0.477431717122
0.473401350722
0.469261177353
0.465011213838
0.460639814315
0.456138041553
0.45149798989
0.446712780403
0.441776700579
0.436687395704
0.431447587071
0.426059671181
0.420529942941
0.414861265877
0.409049124711
0.403084140432
0.3969447159
0.390621513716
0.384230716544
0.378803072599
0.385065238991
0.449157868216
0.539688956918
0.609668124696
0.591558070814
0.562579703101
0.568915202199
0.586139676927
0.588706851025
0.567245381333
0.528799718107
0.525328682933
0.543585952596
0.537723830886
0.504409599766
0.503524993042
0.523594091929
0.497238314217
0.489893310476
0.503130377067
0.480019295185
0.477982262857
0.48232815125
0.464858388446
0.475075552193
0.461769876779
0.458654742935
0.455447507764
0.441775133941
0.435067108951
0.400092347753
0.384056807918
0.359299312325
0.403708383769
0.355809660103
0.367128427957
0.39282104614
0.339069098999
0.323081701841
0.330549048952
0.33577849864
0.277667830636
0.283563534728
0.291856438281
0.259668474668
0.26643246964
0.26638450321
0.233916882391
0.237193247951
0.236627536441
0.223018397729
0.227248814198
0.21236900195
0.202931380039
0.204819792957
0.195146069847
0.20069255734
0.192984465275
0.198957356914
0.235183543406
0.187217078003
0.305512148627
0.196864267394
0.232539737569
0.167260652421
0.217741257994
0.208751119453
0.160119964
0.202965543547
0.207161061561
0.16322466746
0.158177951994
0.189017366842
0.165882373695
0.141423440509
0.157770197519
0.173456973746
0.17278677317
0.156117839069
0.138434317344
0.138595852992
0.151948049273
0.158673688628
0.153947951193
0.141553196035
0.131461245885
0.12985767603
0.134497051243
0.139058004821
0.1392130755
0.134834929594
0.129077503616
0.126231515379
0.127745401665
0.130443179127
0.130290798348
0.126922968885
0.123762257283
