3.46484377067
3.46479017078
3.4646856082
3.46453227989
3.46433197944
3.46408612883
3.46379580592
3.46346176775
3.46308447042
3.46266408558
3.46220051396
3.46169339609
3.46114212053
3.46054582954
3.45990342247
3.45921355691
3.45847464765
3.45768486335
3.45684212117
3.45594407898
3.4549881254
3.45397136732
3.45289061485
3.45174236358
3.45052277375
3.44922764626
3.44785239504
3.44639201546
3.44484104825
3.44319353852
3.44144298907
3.43958230735
3.4376037451
3.43549882969
3.43325828587
3.43087194645
3.42832865024
3.42561612511
3.42272085369
3.41962791888
3.41632082547
3.41278129383
3.40898902025
3.40492139801
3.4005531914
3.39585615347
3.3907985762
3.38534475902
3.37945437833
3.37308173641
3.36617486267
3.35867443326
3.35051246606
3.34161073642
3.33187884391
3.32121184029
3.30948730299
3.29656170345
3.28226587359
3.26639931243
3.24872299219
3.22895021335
3.20673491079
3.18165661797
3.15320103995
3.12073485979
3.0834730059
3.04043617476
2.99039604636
2.93180565394
2.86271349717
2.78066383687
2.68259560438
2.5647752545
2.4228465434
2.25216843871
2.04874492425
1.81115736432
1.54370759642
1.25988971853
0.983152595006
0.741023958208
0.553538208399
0.424869287788
0.345407379211
0.300323553469
0.276439994443
0.264596221141
0.259231051743
0.257217912933
0.256873594449
0.257314849203
0.258087027224
0.258961273797
0.259826487976
0.260632441156
0.261359971211
0.262005387975
0.262572334928
0.263067573766
0.263498838803
0.263873783976
0.264199503997
0.264482353276
0.264727915008
0.264941041808
0.265125926447
0.265286181318
0.265424916086
0.265544808774
0.265648168569
0.265736990175
0.265813000286
0.265877697027
0.265932383299
0.265978194924
0.266016124392
0.266047040916
0.266071707395
0.266090794791
0.266104894346
0.266114527994
0.266120157249
0.266122190832
0.266120991219
0.266116728718
0.266109544855
0.266099554891
0.266086849971
0.266071498936
0.266053549859
0.266033031304
0.266009953361
0.265984308461
0.265956071995
0.265925202744
0.265891643135
0.26585531933
0.265816141151
0.265774001844
0.26572877768
0.265680327396
0.265628491469
0.265573091217
0.265513927724
0.265450780569
0.265383406362
0.265311537066
0.265234878093
0.265153106165
0.265065866917
0.264972772239
0.264873397346
0.264767277561
0.264653904829
0.264532723971
0.264403128704
0.264264457513
0.264115989453
0.263956940064
0.263786457629
0.263603620148
0.263407433558
0.263196831949
0.262970680863
0.262727785201
0.262466903855
0.262186774027
0.261886149254
0.26156385662
0.261218880403
0.260850481589
0.260458365038
0.26004290825
0.259605466545
0.259148767208
0.258677395924
0.258198356709
0.257721642361
0.257260675176
0.2568323594
0.25645633764
0.256152920271
0.255939204462
0.255823366011
0.255798238288
0.255836973981
0.255896943892
0.255930693305
0.255901349362
0.255790451107
0.255606316607
0.255378818947
0.255145667293
0.254937790539
0.25477056631
0.254642900957
0.254541900053
0.254449499173
0.254348373033
0.254226005464
0.254076861747
0.253902928852
0.253712732832
0.253518700205
0.2533328333
0.253161498331
0.253001599297
0.252841319022
0.252666825016
0.252471449482
0.252260105852
0.252044732566
0.251834705219
0.251630482817
0.251424899244
0.25120979303
0.250982439725
0.250747267053
0.25051155677
0.250278187166
0.250042201302
0.249795986264
0.249537947134
0.249273336458
0.249005898742
0.24873219615
0.248446064092
0.248146122725
0.247835517509
0.247514266313
0.247176629506
0.246818859634
0.246443039423
0.246049372286
0.245633305174
0.24519337001
0.244732218242
0.244248668468
0.243740681853
0.24321241067
0.242667086694
0.24210657923
0.241537536478
0.240963894246
0.240388898872
0.239818687196
0.239253493728
0.23869264534
0.23813134107
0.237564119195
0.236987982999
0.236400674129
0.235804358588
0.235201516578
0.234596281033
0.233988358048
0.233374281719
0.232749007444
0.232108861265
0.23145428003
0.230789297833
0.230120916769
0.229454298808
0.228790454227
0.228127202426
0.22746082799
0.226789108297
0.226108898616
