0.330267369349
0.327582764275
0.322553611104
0.315660414757
0.307468957027
0.298570927438
0.289527349064
0.280821728213
0.272828296196
0.265797861338
0.259860444188
0.255041036418
0.251283251693
0.248475529759
0.246475600934
0.245130533091
0.244291295217
0.243822007005
0.243604771689
0.243541262792
0.24355219604
0.243579537201
0.243581433764
0.243529499708
0.243400989413
0.243181177593
0.242861950949
0.2424407251
0.241919630064
0.241304896498
0.240606367251
0.239837052323
0.239012640279
0.238150877807
0.237270736225
0.23639130601
0.235530404975
0.23470295771
0.233919301173
0.233183679681
0.232493280917
0.231838187561
0.231202529221
0.230566890617
0.229911689492
0.229220873473
0.228485043173
0.227703128687
0.226882085409
0.226034651064
0.225175812168
0.224319022867
0.223473246993
0.222641563518
0.221821541964
0.221007068616
0.22019094881
0.219367486827
0.218534328023
0.217693077961
0.216848539617
0.216006796525
0.215172763361
0.214348111435
0.213530478491
0.212714443538
0.211893938025
0.211064936011
0.210226968727
0.2093825911
0.208535151293
0.207686296522
0.206834817031
0.205977537851
0.205111610105
0.204236619969
0.203355030951
0.202470606149
0.201585977249
0.200701336869
0.199815405556
0.198927675622
0.198039432682
0.19715217986
0.196265078148
0.19537440189
0.19447572464
0.193566142766
0.192643837385
0.191706201501
0.19075023784
0.189775360744
0.188784072756
0.187779050549
0.186761536686
0.18573311642
0.18469586575
0.183649788301
0.18259357878
0.181527403512
0.180451236069
0.179364036049
0.178266706091
0.177160860359
0.176048300159
0.174933222644
0.173819342176
0.172710668093
0.171610345162
0.170518433979
0.169432837348
0.168347405702
0.167255009214
0.166148576101
0.165025197209
0.16388602431
0.162735980513
0.161581250158
0.160427034783
0.15927625949
0.158127384986
0.156973459423
0.155802867223
0.154602749452
0.153364082436
0.152085483882
0.150773408332
0.149436431031
0.148077822639
0.146690467596
0.145260727968
0.143782883885
0.142362332496
0.142388605715
0.159245848567
0.210133366405
0.228143808857
0.18699496711
0.14494942859
0.212224319777
0.146370111472
0.162359402537
0.189470723221
0.199912131585
0.1983329524
0.186117444299
0.166455043105
0.148973470891
0.149010619268
0.165790433668
0.178716720962
0.177960816832
0.164466110522
0.149594212262
0.142848459315
0.14471560912
0.150126607912
0.154279557691
0.154763027449
0.151288344668
0.145055133957
0.138849974327
0.136109885804
0.138041560813
0.141154881841
0.140494192955
0.135736793877
0.131633685556
0.131247654137
0.132691649011
0.132663053493
0.130000835238
0.126769958203
0.126127965754
0.127215052248
0.125934125879
0.123287083215
0.123059605044
0.123663394944
0.12245574061
0.121065008072
0.121721859016
0.121629670962
0.120300394116
0.120556407643
0.120587140175
0.119505509973
0.119348550244
0.119193072922
0.118158207244
0.118028394356
0.117541969497
0.116858246078
0.116822721081
0.116153766393
0.11595767033
0.115534378238
0.115078442372
0.114772675756
0.114213471521
0.11389249265
0.113311416806
0.112945317255
0.112400436297
0.111951990372
0.111486617817
0.110907195574
0.110462579913
0.10989118974
0.109303807525
0.108789415427
0.108224246006
0.107596698803
0.106960654999
0.106340731276
0.105727415327
0.105132416218
0.104671519118
0.104906910287
0.109144766903
0.103927514396
0.101913686493
0.103824809928
0.103742898699
0.103493167321
0.101135198178
0.100152846701
0.0995861903534
0.101402369905
0.106466853864
0.102800072651
0.096063248194
0.104877458808
0.097051738967
0.0989244663268
0.0972452318664
0.0938370306355
0.0970659785261
0.0925575630009
0.094869611756
0.0953121632663
0.0912886505223
0.0954278652464
0.0905565365929
0.0931322380957
0.0898682212582
0.0916178261963
0.0900682220344
0.0896746009459
0.0902724364676
0.0880704365457
0.0891859461582
0.0878025065587
0.0875095471461
0.0880404977617
0.0866128868904
0.0866864062846
0.0869660182195
0.0857147683127
0.0855608759415
0.0860296994018
0.085283745248
0.08444882141
0.0840636680198
0.0840983190328
0.0844122996231
0.0844307752971
0.0845832101236
0.0838235856094
0.083750562614
0.0841301912028
0.0871237341166
0.0898595970214
0.102455865512
0.0824286066729
0.11468372371
0.0814037047698
0.100457602977
0.089363170652
0.0849278893248
0.0932995315119
0.0800688001549
0.0853077856711
0.092006429978
0.0882468623572
0.0793986176328
0.0799230222784
0.0864414441633
0.085875277934
0.0790522407321
0.0774069169885
0.0812057693337
0.0839758430669
0.0824524851771
0.0783488269956
0.0763985110896
0.0784866007373
0.0804218005327
0.0787774306143
0.0762734550185
0.0764771097912
0.078060683079
0.0781157460553
0.076558276047
0.075652906726
0.0764689126046
0.0770482772794
0.0761630570761
0.0753940193824
0.0758261288555
0.0762282354825
0.0757143366865
0.0751579744323
0.075419600301
0.0756469943931
0.0752021016306
0.0749285112317
0.075165429015
0.0751422009024
0.0747770631555
0.0747568332186
0.0748720612799
0.0746310006811
0.0744983920871
0.0745837343793
0.0744338824529
0.0742792244435
0.0743219605734
0.0741915376607
0.0740636276565
0.0740682374494
0.073928344241
0.0738376125519
0.0737992819499
0.0736512683771
0.0736018498072
0.0734903275767
0.073386439078
0.073305427643
0.0731736986013
0.0730926731869
0.072952257763
0.0728588711606
0.072713468496
0.0726039797453
0.0724547373691
0.0723244410675
0.0721761942278
0.0720172484087
0.0718688717348
0.0716923627404
0.0715168855842
0.0713425345629
0.0711482582599
0.0709409494929
0.0707308016206
0.0705164938542
0.0702966236651
0.0700818947431
0.0699220010698
0.0701139895769
0.071782312998
0.081234238097
0.0704719949719
0.0704083738425
0.0785473059031
0.068685918541
0.080193726316
0.0681436132763
0.0755425765773
0.0760177614297
0.0668263091442
0.0755843365158
0.0728638727248
0.0664234469497
0.0726617900634
0.0738877581674
0.0674559121795
0.0666322016001
0.0712293639398
0.0700867574763
0.0655335157507
0.0662483524246
0.0689071385018
0.0689279988255
0.0663451365794
0.0646257803564
0.0658182640019
0.0671490830909
0.0660110878549
0.0644013122775
0.0647731733924
0.0657728093401
0.0653904492977
0.0642335673584
0.0642145393021
0.0649190593924
0.064586947305
0.0638463656982
0.064067048402
0.0643914866267
0.0639496088101
0.0636008590282
0.0638933205405
0.0638543006571
0.063443403266
0.0635177268565
0.0636161865538
0.0633182071418
0.0632374989086
0.0633427604579
0.0631319952698
0.0630309701673
0.0630875848397
0.062914989547
0.0628337853567
0.0628414505778
0.0626772878845
0.0626382570011
0.0625796900339
0.0624446565153
0.0624220306244
0.0622920493856
0.062229715629
0.0621338301655
0.0620339606975
0.0619513435839
0.0618356538832
0.0617472227635
0.0616267515528
0.0615227610523
0.0614042941647
0.0612773470554
0.0611627211913
0.0610156555824
0.0608887151639
0.0607450504247
0.0605856835199
0.060436218575
0.0602788782844
0.0601041840926
0.0599207236492
0.0597340084074
0.0595432421076
0.0593494357786
0.0591669577783
0.0590749629153
0.0596134866706
0.063448835992
0.0645090448834
0.0584874304037
0.0593825514506
0.0638915967987
0.0576648735945
0.0643998216818
0.0573181950291
0.0617877801202
0.0615654303612
0.0565777441213
0.0618087695875
0.058534242616
0.0564736093448
0.0598417861623
0.0587358194869
0.0555277511194
0.0572791507872
0.0580345566637
0.0553590203343
0.0560183371221
0.0570791702137
0.0553501915613
0.0551554077191
0.0561913726769
0.0549049449536
0.054886507423
0.0554647845079
0.0544959588691
0.0546886853473
0.05488480672
0.0541433040317
0.0545290829036
0.0543259829678
0.0539592736992
0.0542712362174
0.0538101973647
0.0539127429431
0.0538255275297
0.0535744915289
0.0537050266535
0.053382740361
0.0534852665138
0.0532546702325
0.0532477154733
0.0531028703895
0.0530391884039
0.052919455093
0.052848780677
0.0527054980851
0.0526611211772
0.0524832568791
0.0524465867075
0.0522838736362
0.0521695859286
0.05208942151
0.051920490866
0.0517824335792
0.0516860628793
0.0515567411254
0.0513877847842
0.0512138311705
0.0510432456961
0.0508725337208
0.0506973519613
0.0505173955013
0.0503432035376
0.0502628052839
0.051064040446
0.0594996444748
0.0595631929664
0.0579444508345
0.051023695242
0.0490787476251
0.0504867633141
0.0547121743069
0.0503867470963
0.0487637002931
0.0533876154679
0.0477098394956
0.0512285344244
0.047664523809
0.0498583442654
0.0497473717335
0.0470369158374
0.0496480333638
0.048593074267
0.0464382481086
0.0483400510987
0.0487265683852
0.0464569951378
0.0465293249561
0.0478089940523
0.0469213429696
0.0457695535406
0.0466397433634
0.0466983170521
0.0456010656515
0.0458968094764
0.0462780288798
0.0455316763084
0.0454279380667
0.0458325779874
0.0453178929384
0.0452087334474
0.0454702040811
0.0450760791295
0.045043385411
0.045158068805
0.0448259581055
0.0449192001737
0.0448553138689
0.0446523252673
0.0447547794065
0.0445515770027
0.0445435256339
0.044483854819
0.0443585137482
0.0443675568774
0.0442120215879
0.0442192450321
0.0440780025505
0.0440603412326
0.0439362667854
0.0439017916767
0.0437814855605
0.0437398450182
0.0436168624926
0.0435604815092
0.0434522612831
0.0433565242594
0.0432781461554
0.0431553246968
0.0430532510243
0.0429601831566
0.0428388752489
0.0427067188192
0.0425807828914
0.0424600175996
0.0423446729421
0.04225670578
0.0423196077117
0.0429024852298
0.0456529349045
0.0423781580313
0.0418344897275
0.0441432394967
0.041125303148
0.0436842487139
0.0409587274096
0.0426245235825
0.0423731408508
0.0405612621863
0.0423963469649
0.0411895152125
0.0402810925361
0.0415253163456
0.040466837852
0.0400891749418
0.0408523194378
0.0397578525045
0.0401225590743
0.0401391473057
0.0394507594287
0.0399700753477
0.0394577477351
0.0394517404232
0.0395227116573
0.0391059527323
0.0393752824778
0.0389839938264
0.0391125015838
0.0389281855921
0.0388618469715
0.0388139107436
0.0386800015792
0.0386560553552
0.0385290033628
0.0384669630512
0.0384005576523
0.0382619206452
0.0382627267451
0.038077684672
0.0380629945814
0.0379460646005
0.037813645036
0.0377772007938
0.0376625261676
0.0375156647696
0.0374220182928
0.037353462111
0.0372781305579
0.0372046227299
0.0372182245303
0.0373842641976
0.038015526642
0.0392195298815
0.0427135617196
0.0363278756455
0.0407182613008
0.0364680581716
0.0389307184197
0.035880850886
0.0379273795289
0.0376258897282
0.0355516440675
0.0375478617348
0.0370853423004
0.0351814871351
0.0364325919244
0.0363998566358
0.0349461159338
0.0359312796584
0.0357037065765
0.0347623401822
0.0355995864919
0.0349918256561
0.0347531080111
0.0351907562592
0.0344862790505
0.0348055010362
0.0346281374243
0.0343729287592
0.0346129648514
0.0341754536606
0.0344166775754
0.0341193298825
0.0341746050291
0.0340743859787
0.0339674693099
0.0339632597469
0.0338232532685
0.0338145510839
0.0337033789268
0.0336388193861
0.033601349667
0.0334548289694
0.0334753455181
0.0333104027082
0.0332755851607
0.0332143375521
0.0330692622082
0.0330187553759
0.0329651511073
0.0328438659825
0.032716377646
0.0326218366833
0.0325529512746
0.032518995981
0.032632573784
0.0331405190634
0.03502376866
0.0323200069867
0.0325998651323
0.0340952574714
0.0319793310984
0.0340358817635
0.0324438382428
0.032654075764
0.0328630198986
0.0315072033619
0.0327010491463
0.031088083746
0.0322737644636
0.0308121493435
0.0319033393272
0.0306607675076
0.031480905234
0.0305118416656
0.0311475127526
0.0304301799887
0.0307471242273
0.0303726912446
0.0303444781539
0.0304158962729
0.0300059736386
0.0303075952971
0.0299042922372
0.0298996544598
0.0299854992006
0.029622922736
0.029643674527
0.0296620866637
0.0293837586019
0.0293323100996
0.0293926318837
0.0292393988083
0.0290271939002
0.0289456604315
0.0289660839093
0.0289930721424
0.0289735511628
0.0289554873967
0.0292044390547
0.0298347989823
0.0317398847374
0.0282554519168
0.0298902376857
0.0282863798971
0.0290045457146
0.0282905287829
0.0281537395672
0.0285683914231
0.0275396954045
0.0284849135323
0.0275417854505
0.0276103932151
0.0278592223533
0.0270902520125
0.0274563083423
0.0272975371458
0.026843796222
0.0270523405001
0.0270263131451
0.0266756926577
0.0265410269961
0.0266615941229
0.0267455111198
0.0265515635443
0.02632600173
0.0261519004592
0.0260335979049
0.0259488141168
0.0259402191829
0.0263460226267
0.0291184320312
0.0278671560299
0.0259118450345
0.0253952290481
0.0264318862261
0.0254784186214
0.0252993578047
0.0259870946991
0.0251938169045
0.0248482887716
0.0254645296711
0.0254043156509
0.02469374774
0.0244402165845
0.0247020289397
0.0250999568949
0.0253835891029
0.0250953465094
0.0249543302413
0.0250697285636
0.0258260179914
0.0270819931454
0.0238633043507
0.0248818307817
0.023740239231
0.0242315846121
0.0238237618554
