1.16684973617
1.16684022172
1.16682166892
1.16679448281
1.16675900331
1.16671551049
1.16666422929
1.16660533364
1.16653895016
1.16646516142
1.16638400881
1.16629549498
1.1661995861
1.16609621363
1.16598527603
1.16586664005
1.16574014185
1.16560558797
1.16546275602
1.16531139525
1.1651512269
1.16498194448
1.16480321384
1.16461467311
1.16441593258
1.16420657435
1.163986152
1.16375419004
1.16351018336
1.16325359647
1.16298386276
1.16270038359
1.16240252734
1.16208962837
1.16176098587
1.16141586266
1.16105348389
1.16067303572
1.16027366383
1.15985447197
1.15941452033
1.15895282396
1.15846835103
1.15796002104
1.15742670306
1.1568672138
1.15628031569
1.15566471493
1.15501905945
1.15434193686
1.15363187243
1.15288732694
1.15210669464
1.15128830113
1.15043040134
1.14953117749
1.14858873714
1.14760111131
1.14656625269
1.14548203402
1.14434624662
1.1431565991
1.14191071638
1.14060613891
1.13924032233
1.13781063748
1.13631437095
1.13474872608
1.13311082473
1.1313977097
1.12960634805
1.12773363536
1.12577640114
1.12373141543
1.12159539692
1.1193650226
1.11703693926
1.11460777703
1.11207416521
1.10943275058
1.1066802186
1.10381331772
1.10082888711
1.09772388825
1.09449544054
1.09114086152
1.08765771187
1.08404384563
1.08029746594
1.07641718657
1.07240209948
1.06825184851
1.0639667093
1.05954767512
1.0549965485
1.05031603779
1.04550985796
1.0405828341
1.03554100606
1.03039173168
1.02514378588
1.01980745175
1.01439459945
1.00891874756
1.00339510091
0.997840558085
0.992273681265
0.986714620228
0.981184982609
0.975707642366
0.970306479317
0.965006044004
0.95983114432
0.954806353489
0.949955442975
0.945300748882
0.940862486128
0.936658030937
0.932701198631
0.929001549804
0.92556376304
0.922387115844
0.919465116567
0.916785328265
0.914329420264
0.912073474349
0.909988560301
0.90804158018
0.90619636332
0.904414975315
0.902659185679
0.900892021688
0.899079321423
0.897191188749
0.895203248096
0.893097598897
0.890863379724
0.888496871614
0.886001099712
0.88338493174
0.880661719615
0.877847582918
0.87495948428
0.872013289252
0.869022027949
0.865994574548
0.862934927706
0.859842208992
0.856711402216
0.853534745239
0.850303573746
0.847010323397
0.843650342872
0.840223173065
0.836733018053
0.833188272133
0.829600160367
0.825980765539
0.822340902518
0.818688399924
0.81502730228
0.81135828573
0.807680215021
0.803992355873
0.800296448219
0.796597801775
0.792904885073
0.789227485978
0.785574197545
0.781950391919
0.778357701718
0.774795290727
0.771262173667
0.767759116074
0.76428875459
0.760853640375
0.757453369947
0.75408279339
0.750732656853
0.7473921643
0.744051281548
0.740700804162
0.737330426567
0.733927285373
0.730477211281
0.726968063977
0.723392056273
0.719745025603
0.716024295233
0.712228411118
0.708359032233
0.704421538518
0.700422314758
0.696365615528
0.692253513386
0.688087207591
0.683865865427
0.679584396684
0.675234409503
0.670806978216
0.666292960411
0.661682799569
0.656969165115
0.652148659459
0.647220230757
0.642184803129
0.637045606344
0.6318056965
0.626466896779
0.621030600099
0.615496441336
0.609862752834
0.604128058781
0.598290979037
0.592352016202
0.586313306295
0.580177742496
0.573949015913
0.567630828908
0.561228039787
0.554746271763
0.548192918552
0.541577191194
0.534910634803
0.528205583412
0.521474049811
0.514726355123
0.507970244185
0.501208827871
0.49443887279
0.487650053529
0.480824231578
0.47393673683
0.466958821015
0.459859200937
0.452607934332
0.445179434693
0.437557183001
0.42973650106
0.421728759239
0.41357054293
0.405415271321
0.398867197769
0.418521117568
0.484133695802
0.410830392433
0.384130607012
0.449167070128
0.359561014138
0.414287479061
0.378420842817
0.366868725508
0.375027073305
0.347205330911
0.366376827758
0.330062773259
0.345790165569
0.354962005265
0.320033217533
0.331366379115
0.338070689447
0.314038816294
0.318520892914
0.324239024044
0.304928817391
0.311845450834
0.311368900158
0.298038104636
0.305948653631
0.298041248279
0.294765526546
0.297551706041
0.288215509937
0.292296185382
0.28563290341
0.285675952382
0.283629398376
0.279813134298
0.279892483765
0.275416911239
0.275547593456
0.271237398831
0.271070182063
0.267729322203
0.26599637487
0.264331939393
0.260717395603
0.26000699494
0.256876577815
0.254097240689
0.252774812099
0.250282097993
0.247105295071
0.244186693802
0.241745362249
0.239788901452
0.23925424008
0.247070989638
0.276414785872
0.262212811272
0.228851591683
0.274898213985
0.228257434825
0.24939723099
0.219169207748
0.240781011142
0.229592136135
0.216541269189
0.232886765276
0.217745921274
0.207991358848
0.222422214211
0.213201106825
0.2022820305
0.211449383406
0.215361627512
0.205441371678
0.198383519092
0.204931266242
0.205665940156
0.197061497119
0.196916513737
0.200815371568
0.197352614561
0.193088838781
0.195922228168
0.195488580487
0.191442992931
0.192878169006
0.19317170701
0.190085922733
0.190470482894
0.190947670785
0.188498518153
0.188726475634
0.18884420064
0.186968412596
0.187085996461
0.186885869101
0.185414834964
0.185696486148
0.184923550857
0.184062071397
0.184138874214
0.183016426765
0.182849329637
0.182201126286
0.181551258092
0.181214414068
0.180380955957
