1.24845587873
1.24822809794
1.2477840238
1.2471335233
1.24628497753
1.24524540363
1.24402056491
1.24261507047
1.24103246496
1.23927530955
1.23734525492
1.23524310707
1.23296888655
1.23052188204
1.22790069871
1.22510330209
1.22212705798
1.21896876896
1.21562470801
1.21209064975
1.2083618997
1.20443332221
1.20029936731
1.19595409702
1.19139121161
1.18660407619
1.18158574808
1.17632900549
1.17082637793
1.16507017876
1.15905254057
1.15276545365
1.14620080825
1.13935044108
1.13220618659
1.1247599336
1.11700368775
1.10892964042
1.1005302445
1.09179829757
1.0827270329
1.0733102186
1.06354226523
1.05341834197
1.04293450141
1.03208781269
1.02087650261
1.00930010399
0.997359610302
0.985057635132
0.972398574698
0.959388771156
0.946036673915
0.932352995654
0.918350859211
0.904045930932
0.889456535598
0.874603747577
0.859511452522
0.844206373722
0.828718057231
0.813078810099
0.797323586582
0.781489818014
0.765617183222
0.749747317904
0.733923463247
0.718190056261
0.702592266663
0.687175487687
0.671984790679
0.657064355656
0.642456892009
0.628203065023
0.614340944718
0.600905493596
0.587928109148
0.575436235356
0.5634530551
0.55199727233
0.541082989377
0.530719681029
0.520912263178
0.511661250315
0.502962992974
0.4948099837
0.487191218295
0.480092598028
0.473497358249
0.46738650926
0.461739276352
0.456533527438
0.451746178553
0.447353569534
0.443331804258
0.43965705179
0.43630580667
0.433255108104
0.430482719195
0.427967268366
0.425688355907
0.423626629066
0.421763829392
0.420082816132
0.418567569403
0.417203176687
0.415975805932
0.414872668238
0.413881972742
0.41299287599
0.412195427738
0.411480514794
0.41083980423
0.41026568701
0.409751222884
0.409290087139
0.408876519686
0.408505276781
0.408171585571
0.407871101572
0.4075998691
0.407354284622
0.407131062954
0.406927206196
0.406739975292
0.406566864052
0.406405575518
0.406254000507
0.406110198193
0.405972378602
0.405838886864
0.405708189128
0.405578860007
0.405449571465
0.405319083044
0.405186233362
0.405049932787
0.40490915724
0.404762943048
0.404610382782
0.404450622017
0.404282856919
0.404106332577
0.40392034194
0.403724225205
0.403517369452
0.403299208261
0.403069220988
0.402826931307
0.402571904546
0.402303743326
0.40202208094
0.401726571977
0.401416879788
0.401092660622
0.400753544603
0.400399114261
0.400028881974
0.399642268452
0.399238585104
0.398817023711
0.39837665683
0.397916451816
0.397435299683
0.396932057648
0.396405600942
0.395854876433
0.395278948429
0.394677027042
0.394048472387
0.393392773657
0.392709509688
0.391998304714
0.391258796945
0.390490635879
0.389693516105
0.388867242024
0.388011803471
0.387127432659
0.386214614728
0.385274041355
0.384306526621
0.383312933583
0.382294167194
0.381251256761
0.380185485236
0.379098465957
0.377992077506
0.376868261224
0.375728798589
0.374575206274
0.373408770847
0.372230593734
0.371041506919
0.369841901955
0.368631686071
0.367410466517
0.366177746577
0.364932870298
0.3636748481
0.36240242224
0.361114322499
0.359809307248
0.358486021382
0.357143085884
0.355779236757
0.354393050359
0.352982661522
0.351545861904
0.350080081536
0.348582403151
0.347050059723
0.345480742492
0.343872776134
0.342225347032
0.340538051428
0.338810377277
0.337040895724
0.335226295353
0.333361127783
0.331438198016
0.32944980315
0.327388676454
0.325248772408
0.323025389319
0.320714598168
0.318312248158
0.315814078526
0.313216999016
0.31051965412
0.307722729017
0.304826922804
0.301829686986
0.298724541782
0.295499609993
0.292148909953
0.288707031088
0.286021661799
0.297557978644
0.285570259084
0.302013040143
0.286190211752
0.336262295883
0.325024951114
0.36601739068
0.37708648692
0.375610498025
0.365057590798
0.345418542793
0.323679659487
0.322250108183
0.34827432877
0.327222351714
0.294271371903
0.296977956652
0.297606417225
0.277535539523
0.25812552265
0.289278524773
0.248253658429
0.268437266888
0.277784404464
0.261626329843
0.265820646812
0.268766099951
0.250748963002
0.25782928652
0.24395402555
0.236954531573
0.243770482925
0.231694646463
0.238293157234
0.234119539284
0.228383541715
0.234032986004
0.225644793815
0.22944596191
0.225443052778
0.224839141897
0.221232009826
0.22049438005
0.217408581991
0.218280311267
0.214625532485
0.215654783628
0.212093831465
0.212325673513
0.210274149876
0.208773776838
0.209366198513
0.206655601895
0.205048969551
0.205026187932
0.203511948877
0.200677912285
0.20011043842
0.201604400524
0.200782228765
0.205134527233
0.200082564267
