1.04486191794
1.04480584599
1.04469652646
1.04453638168
1.04432746531
1.04407149244
1.04376986669
1.04342370463
1.04303385768
1.04260093181
1.04212530512
1.04160714363
1.04104641539
1.04044290303
1.03979621498
1.03910579552
1.03837093366
1.03759077112
1.0367643094
1.03589041617
1.03496783097
1.03399517034
1.03297093254
1.03189350184
1.03076115253
1.0295720527
1.02832426792
1.02701576477
1.02564441443
1.02420799638
1.02270420218
1.02113063953
1.01948483661
1.01776424688
1.01596625419
1.01408817862
1.01212728277
1.01008077891
1.00794583683
1.00571959261
1.00339915835
1.000981633
0.998464114265
0.995843711846
0.993117561925
0.990282843105
0.987336793824
0.984276731325
0.981100072254
0.977804354924
0.974387263289
0.97084665265
0.967180577082
0.963387318565
0.959465417761
0.955413706344
0.95123134077
0.946917837305
0.942473108106
0.937897498084
0.933191822237
0.928357403066
0.923396107632
0.918310383766
0.91310329485
0.907778552552
0.90234054683
0.896794372472
0.891145851385
0.885401549827
0.879568789765
0.873655653503
0.867670980796
0.861624357669
0.855526096231
0.849387204895
0.843219348489
0.837034797932
0.830846369295
0.824667352266
0.818511428263
0.812392578656
0.806324983809
0.800322913868
0.794400612497
0.788572174927
0.782851421948
0.777251771578
0.771786110331
0.766466666067
0.761304884476
0.756311311235
0.751495481852
0.746865821089
0.742429553737
0.738192628335
0.734159655181
0.730333859743
0.726717052304
0.723309614357
0.72011050194
0.717117265834
0.714326088152
0.711731834633
0.709328121614
0.707107396443
0.70506102989
0.703179418971
0.701452098471
0.699867859476
0.698414873188
0.697080818429
0.695853011338
0.694718535983
0.693664374781
0.692677537889
0.691745190924
0.69085478061
0.689994158076
0.689151699668
0.68831642511
0.687478112739
0.686627411294
0.685755947272
0.684856426261
0.683922725821
0.682949976467
0.681934626107
0.680874482035
0.679768723337
0.67861787559
0.677423739249
0.676189263613
0.674918359989
0.673615651314
0.672286161258
0.670934953932
0.669566745459
0.668185519762
0.666794191193
0.665394363142
0.663986231167
0.66256866811
0.661139505004
0.659695986265
0.65823533563
0.656755330245
0.655254757144
0.653733631814
0.652193099922
0.650635017535
0.649061296259
0.647473180829
0.645870668138
0.644252256443
0.642615127545
0.640955732114
0.639270608369
0.637557166645
0.63581416175
0.634041673876
0.632240610485
0.630411961993
0.628556190279
0.62667309966
0.624762300954
0.622824023311
0.620859766345
0.618872328724
0.616865135965
0.614841289303
0.612802990591
0.610751732378
0.608689031215
0.606617012004
0.604538269636
0.602455116943
0.600368975996
0.598280572629
0.596190714003
0.594100681769
0.592011646579
0.589923712526
0.587835702666
0.585745781812
0.58365180995
0.581550797114
0.579438422399
0.577309660745
0.575159726692
0.572983984913
0.570777449709
0.568535227614
0.566253099793
0.563926990735
0.561552561899
0.559125845028
0.556643211396
0.554100631444
0.551493918007
0.54881872413
0.546069811814
0.543241407631
0.540327165648
0.537319666486
0.53421100677
0.53099274105
0.52765646152
0.524194151099
0.520597864868
0.516860118101
0.512974127675
0.508934838585
0.504738775756
0.50038433926
0.495872233997
0.491205910642
0.486390617144
0.481432266564
0.476336279938
0.471105050864
0.465736674944
0.4602249554
0.454558640248
0.44872362828
0.442704121432
0.436484937402
0.430053502857
0.423401966367
0.416529649199
0.409442929056
0.402171115997
0.394928719362
0.391416619478
0.456484533788
0.488872444155
0.426413071636
0.420794313063
0.427290264497
0.360586444989
0.365982625662
0.415977539468
0.357320611818
0.357710590195
0.35259242865
0.331389615179
0.33992323713
0.315298108428
0.342596564978
0.309230408659
0.315271083835
0.299891015313
0.308966781994
0.294101261343
0.293049095176
0.293639227126
0.278775397139
0.281433007524
0.273159937764
0.272271468862
0.27070903606
0.261801709316
0.26321664213
0.265811579404
0.255195316958
0.251142934576
0.252355576501
0.250024307926
0.248775716929
0.245141271524
0.249487237078
0.250308869302
0.270141992381
0.229480730594
0.289954314932
0.238018762941
0.259333711218
0.220552001001
0.25074173675
0.236720825007
0.217998909613
0.241654974086
0.232113800981
0.208058798149
0.225482863373
0.234319003964
0.207939341697
0.208057578506
0.22141056016
0.22241160572
0.209585620565
0.199503150868
0.205634286602
0.21186596564
0.202712782269
0.196206463323
0.200988760999
0.20360969483
0.198068574695
0.19363997894
0.1972744694
0.19767427712
0.192544233391
0.192551623944
0.194780278204
0.192693903963
0.189915735167
0.191330607133
0.19120940458
0.188501002176
0.188991935168
0.189261934702
0.187230877855
0.187032033287
0.187270480913
0.185588789502
0.185519418522
0.185285209578
0.183978558605
0.184057220003
0.183237068349
0.182479255672
0.182302618011
0.181226734421
0.181021516862
0.180086839458
0.179633996742
0.178859081509
0.178243598342
0.177474902805
