-1.0, -0.693109765103
-1.0, -0.986808470822
-1.0, -0.839614671186
-1.0, -0.98260302455
1.0, 0.877114953092
1.0, 0.870913475367
-1.0, -0.855830236352
-1.0, -0.957383746514
-1.0, -0.992426796092
-1.0, -0.0421046969199
-1.0, -0.57762413225
-1.0, -0.751777653798
-1.0, -0.856736695878
-1.0, -0.984947427355
-1.0, -0.978902194896
-1.0, -0.999232094289
-1.0, -0.775894997805
-1.0, -0.967169523662
-1.0, -0.983961639835
-1.0, -0.945775855359
-1.0, -0.986697597657
-1.0, -0.931121693818
-1.0, -0.716961760999
-1.0, -0.901936952703
-1.0, -0.960669813348
-1.0, -0.99619503037
-1.0, -0.974428187022
-1.0, -0.842255536291
-1.0, -0.950660304955
-1.0, -0.982307596499
-1.0, -0.955517317351
1.0, -0.278688049201
1.0, 0.871810164764
1.0, 0.751889870673
1.0, 0.876188016969
-1.0, -0.999723810836
-1.0, -0.587435347531
-1.0, -0.987431148352
-1.0, -0.989307681181
-1.0, -0.9936447343
1.0, -0.9772915833
-1.0, -0.987957158517
-1.0, -0.985851878741
-1.0, -0.924769386522
-1.0, -0.55184341483
1.0, -0.181428325307
-1.0, -0.535775659165
-1.0, -0.76638846236
-1.0, -0.727860005937
-1.0, -0.974856348669
-1.0, -0.96740657688
-1.0, -0.977027569347
-1.0, -0.973310512723
-1.0, -0.909402623716
-1.0, -0.837124099081
-1.0, -0.533435419231
-1.0, -0.886932008027
-1.0, -0.659418593272
-1.0, -0.981657129898
1.0, 0.482758515113
-1.0, -0.891425829149
-1.0, -0.220756696461
-1.0, -0.922280302329
-1.0, -0.452730271184
-1.0, -0.872208495241
-1.0, -0.7083718413
1.0, 0.809692567525
-1.0, -0.897612662605
1.0, -0.993342689531
-1.0, -0.998420391606
-1.0, -0.901038789583
-1.0, -0.763905493479
1.0, -0.209767059655
-1.0, -0.699657441579
1.0, 0.766303191445
1.0, 0.839319342507
1.0, 0.656668824312
1.0, 0.184083736384
-1.0, -0.312072906936
1.0, 0.937603560153
1.0, 0.795725394813
-1.0, -0.61982458317
1.0, 0.866744207664
-1.0, -0.665985959642
1.0, 0.508647985175
1.0, 0.659640113416
-1.0, -0.993688416265
-1.0, -0.931663639076
-1.0, -0.919309038148
-1.0, -0.904153756644
-1.0, -0.816904322974
-1.0, -0.996707813943
1.0, 0.78472890074
-1.0, -0.995129113111
1.0, 0.464358041271
1.0, 0.820722394607
-1.0, -0.824532370233
-1.0, -0.768442788881
1.0, 0.656369031733
1.0, 0.84062000489
1.0, 0.743284650665
1.0, 0.976363065146
-1.0, -0.870378621558
-1.0, -0.953756265931
-1.0, -0.990554715876
-1.0, -0.999392279552
-1.0, -0.96008675367
-1.0, -0.990908555054
-1.0, -0.989618374918
-1.0, -0.514581362551
-1.0, -0.935025009393
-1.0, -0.941983219828
-1.0, -0.63197994758
1.0, -0.483075100917
-1.0, -0.960051202856
-1.0, -0.76253423607
-1.0, -0.863311442769
-1.0, -0.997395150787
-1.0, -0.896974230457
-1.0, -0.986662150435
1.0, -0.8315979815
-1.0, -0.853172454701
-1.0, -0.993383860807
-1.0, -0.973455280822
-1.0, -0.965516664297
-1.0, -0.995376244075
-1.0, -0.986275302792
1.0, -0.0518325063032
-1.0, -0.904703661199
-1.0, -0.536276115923
-1.0, -0.829236090402
-1.0, -0.792304672343
-1.0, -0.80036329356
-1.0, -0.978041326973
-1.0, -0.982979183168
-1.0, -0.995403019475
-1.0, -0.463172314757
-1.0, -0.902366281616
-1.0, -0.95298855101
-1.0, -0.998328430542
-1.0, -0.561861999533
1.0, 0.388077658224
1.0, 0.657440860743
1.0, 0.729969118386
-1.0, -0.762128020974
-1.0, -0.81351119488
-1.0, -0.986085657497
-1.0, -0.999812220651
-1.0, -0.956572592516
1.0, 0.832602837495
-1.0, -0.991052330448
-1.0, -0.569711869977
-1.0, -0.367007001544
-1.0, -0.303714760786
-1.0, -0.747667753733
-1.0, -0.480502707147
-1.0, -0.784772184798
-1.0, -0.889901877515
1.0, 0.810364034372
1.0, 0.562093044393
1.0, 0.76273818719
1.0, 0.998898057336
1.0, 0.88581924951
1.0, 0.354613497747
-1.0, -0.219018334018
1.0, 0.995969142733
1.0, 0.818028750456
-1.0, -0.930464447105
1.0, 0.588619861584
-1.0, -0.225732587799
-1.0, -0.719850802866
1.0, 0.535869612103
-1.0, -0.778257013696
-1.0, -0.680567051625
1.0, 0.686597563939
-1.0, -0.997607446303
-1.0, -0.979750458905
-1.0, -0.877200919446
-1.0, -0.993983522095
-1.0, -0.955408503192
-1.0, -0.949062373205
-1.0, -0.980577707015
-1.0, -0.995825987705
-1.0, -0.820424965199
-1.0, -0.945862363533
-1.0, -0.980386449215
-1.0, -0.934845818409
-1.0, 0.0768420821887
1.0, 0.663565536968
1.0, 0.848840523736
-1.0, -0.99040657262
-1.0, -0.686774938038
-1.0, -0.991518656989
-1.0, -0.778094536556
-1.0, -0.945274501013
-1.0, -0.943993818865
-1.0, -0.882698217454
-1.0, -0.987925770041
-1.0, -0.73167069699
-1.0, -0.999711699824
1.0, -0.523497714109
-1.0, -0.982810732533
1.0, -0.0643749319656
-1.0, -0.942141341092
-1.0, -0.450882840021
1.0, 0.811960493059
-1.0, -0.997518656918
-1.0, -0.999889513764
-1.0, -0.998004124657
-1.0, -0.9984379963
-1.0, -0.901894388881
1.0, -0.940043167626
-1.0, -0.684500675738
-1.0, -0.96874760599
-1.0, -0.924516752258
1.0, 0.332316826052
-1.0, -0.773859589731
-1.0, -0.436296291866
1.0, 0.692157129062
-1.0, -0.998845819215
1.0, 0.869828028642
1.0, 0.941732792432
1.0, 0.515062494038
1.0, 0.586001920399
-1.0, -0.87713627563
-1.0, -0.959919923483
-1.0, -0.97527491208
-1.0, -0.998690550631
1.0, 0.707015959472
1.0, 0.938343606506
1.0, 0.986929880233
-1.0, -0.996756563423
-1.0, -0.998980611639
-1.0, -0.985469196152
-1.0, -0.760117268909
-1.0, -0.685415450546
1.0, 0.619974351167
-1.0, -0.92673105521
1.0, 0.601081779556
-1.0, -0.69073047302
1.0, 0.48212563955
-1.0, -0.854366003511
-1.0, -0.916505421828
-1.0, -0.843787375405
-1.0, -0.725178105637
-1.0, -0.987339888219
-1.0, -0.56165231214
-1.0, -0.997436533775
-1.0, -0.969386493026
-1.0, -0.874019833329
-1.0, -0.798916078862
-1.0, -0.682560735251
-1.0, -0.567196058547
-1.0, -0.940099023418
1.0, 0.909534078104
-1.0, -0.57466569051
-1.0, -0.829910947356
-1.0, -0.709736445495
-1.0, -0.994392062513
-1.0, -0.965591727795
-1.0, -0.937291713107
1.0, -0.00420552558135
1.0, 0.805191836512
1.0, 0.685008791556
-1.0, -0.981229489321
-1.0, -0.999937471681
-1.0, -0.998658633761
-1.0, -0.992757550428
-1.0, -0.983058801838
-1.0, -0.317405841448
-1.0, -0.566890010661
-1.0, -0.352878015998
-1.0, -0.38400486479
1.0, -0.834761530404
-1.0, -0.949250491517
-1.0, -0.948578954121
-1.0, -0.999914090942
-1.0, -0.996471687455
-1.0, -0.997270651181
-1.0, -0.998706595488
-1.0, -0.99511403357
-1.0, -0.907748785779
-1.0, -0.989340000527
-1.0, -0.746403193892
-1.0, -0.188173734757
-1.0, -0.748872589715
1.0, 0.639258889792
-1.0, -0.700879481772
1.0, 0.791456135833
-1.0, -0.954662909365
-1.0, -0.681753557265
-1.0, -0.879174058645
