1.38581004764
1.38580026987
1.38578120371
1.38575326568
1.38571680547
1.38567211138
1.38561941512
1.38555889609
1.38549068519
1.38541486813
1.3853314884
1.38524054983
1.38514201883
1.38503582635
1.38492186949
1.38480001298
1.38467009029
1.38453190464
1.38438522973
1.38422981036
1.38406536283
1.38389157521
1.38370810748
1.38351459151
1.3833106309
1.38309580077
1.38286964738
1.38263168764
1.3823814086
1.38211826673
1.38184168719
1.38155106301
1.38124575417
1.38092508658
1.38058835101
1.38023480196
1.37986365643
1.37947409263
1.37906524861
1.37863622089
1.37818606292
1.37771378358
1.3772183456
1.37669866386
1.37615360374
1.3755819794
1.37498255193
1.3743540276
1.37369505599
1.37300422814
1.37228007461
1.37152106367
1.37072559934
1.36989201952
1.36901859415
1.36810352335
1.36714493562
1.36614088615
1.36508935515
1.36398824627
1.36283538518
1.36162851823
1.3603653113
1.35904334883
1.35766013299
1.3562130832
1.35469953577
1.35311674394
1.35146187818
1.34973202684
1.34792419722
1.346035317
1.34406223619
1.34200172948
1.33985049915
1.33760517851
1.33526233591
1.33281847933
1.33027006156
1.3276134861
1.32484511364
1.32196126919
1.31895824994
1.31583233382
1.3125797887
1.30919688237
1.30567989328
1.30202512211
1.29822890415
1.29428762276
1.29019772398
1.28595573239
1.28155826879
1.27700206977
1.27228400984
1.26740112666
1.26235065013
1.25713003615
1.25173700621
1.24616959369
1.24042619847
1.23450565085
1.22840728612
1.22213103108
1.2156775032
1.20904812295
1.20224523911
1.1952722659
1.1881338298
1.18083592232
1.17338605359
1.16579339991
1.15806893657
1.15022554602
1.14227809049
1.13424343795
1.12614043147
1.11798979449
1.10981396817
1.10163688268
1.09348366994
1.08538033163
1.07735338079
1.06942947712
1.06163507375
1.05399608562
1.04653757821
1.03928346053
1.03225615296
1.02547619315
1.01896174512
1.01272799292
1.00678642864
1.00114408089
0.995802765961
0.990758467177
0.986000950233
0.981513698407
0.977274205133
0.973254604778
0.969422572169
0.965742393913
0.962176118994
0.958684729905
0.955229324145
0.951772336772
0.948278846413
0.944717978102
0.941064352669
0.937299457792
0.933412764701
0.929402417087
0.925275384179
0.921047074083
0.916740492845
0.912385051301
0.908015045492
0.903667721683
0.89938080454
0.89518952621
0.891123523107
0.887204258692
0.883443618437
0.879843957618
0.876399468035
0.873098632981
0.869927668147
0.866874642592
0.8639332422
0.861104657943
0.858396741008
0.855820902758
0.853387868987
0.851103166563
0.848963344006
0.846954438176
0.845053550892
0.843232663536
0.841463130957
0.839719907559
0.837984546947
0.836245741783
0.834497459428
0.832736073951
0.830957524551
0.829155519744
0.827322067904
0.825449811302
0.823534598827
0.821577248381
0.819582892331
0.817557888864
0.815506251973
0.813427287357
0.811316380152
0.809168312756
0.806981037018
0.804757335181
0.802502924136
0.800222556448
0.797917031529
0.795583482659
0.793217741562
0.790815586479
0.788371546426
0.785877404539
0.783323417205
0.780701526868
0.778006689534
0.775234564719
0.772378988687
0.769433096666
0.76639218189
0.763253878448
0.76001580615
0.756674212546
0.753223578716
0.749659714659
0.746028293512
0.743113896836
0.753557693589
0.936503528687
0.83995379725
0.79860516792
0.746180159397
0.752197097155
0.860483206114
0.723208650557
0.80750805283
0.751836351005
0.740186449497
0.76864031528
0.710487436237
0.755557487789
0.715507268847
0.733891962285
0.698936956422
0.732869039746
0.726021947501
0.697325909398
0.718663756525
0.684127790855
0.708883238794
0.676044113376
0.70264679068
0.670886229273
0.689952668958
0.665710077826
0.685603691335
0.664477579432
0.673114015037
0.662706062293
0.660858081373
0.665116266158
0.653128298502
0.661299923077
0.654007586593
0.647384822091
0.655080436774
0.652472430147
0.640967199525
0.640927802005
0.647526010558
0.645744367873
0.643671147231
0.640760722946
0.64882294489
0.662572863488
0.708492402739
0.625138767208
0.732479561056
0.616575871806
0.693506279692
0.649959228034
0.639972044335
0.65381927835
0.61977495822
0.648552665726
0.607481200735
0.623826146077
0.622133950573
0.600922513334
0.621917732349
0.594985796358
0.61202743474
0.595758096883
0.601380932204
0.597283926472
0.592772802281
0.593014288413
0.588807719462
0.58849810499
0.586308282295
0.581561104825
0.585673934327
0.576607301755
0.582816685985
0.57533336142
0.574576914726
0.576608293623
0.569322654553
0.56929381381
0.5709070382
0.565927539667
0.561774678941
0.562567482725
0.563530786989
0.559401631623
0.555086075405
0.55188835872
0.549636065254
0.548103057402
0.549080896853
0.562538795861
0.615382482248
0.583243681989
0.539131554051
0.598310477847
0.541127120365
0.559959182472
0.554756822456
0.526478805343
0.550096199005
0.524116350024
0.544538132622
0.518105140423
0.535690796509
0.515005386818
0.527510961468
0.517585074947
0.513944305153
0.521515901716
0.507117982483
0.511155736057
0.511177276048
0.501703412926
0.504622057207
0.504156995851
0.497806282282
0.495875962409
0.498374248934
0.499404973862
0.494335888303
0.489835911096
0.486902424713
0.485119799417
0.484521821625
0.487937325843
0.510833601397
0.488205949623
0.476635595061
0.488422542833
0.495725450001
0.490583989894
0.476253402863
0.46893925627
0.465424023586
0.464527122574
0.467785198636
0.488950565676
0.481590613813
0.457935052296
0.464481387239
0.486733236367
0.45237437594
0.484203758298
0.449499779842
0.472964072286
0.464973606333
0.449228098797
0.467276462282
0.448385801176
0.447289240026
0.456983819605
0.441364818266
0.447102580319
0.447014630829
0.437745461982
0.445927989178
0.437770352423
0.439372220181
0.439395565205
0.434197098433
0.438525512083
0.432561682857
0.435680020188
0.432023453369
0.432708453442
0.431666500905
0.430333925346
0.43025719377
0.428801610449
0.42847464505
0.427750741357
0.426278789621
0.426743776451
0.424501930613
0.425183652245
0.423327255641
0.422754917302
0.422646004321
0.420852127113
0.420163712563
0.420067919696
0.419064525396
0.41756943703
0.416355392106
0.415443706635
0.414839334158
0.415214127159
0.418787267542
0.434453598897
0.473448582617
0.425378161231
0.417007497719
0.459981356675
0.406181438553
0.444623739379
0.41044785722
0.431687165346
0.436172971944
0.40274169784
0.432367334275
0.428678710469
0.39993874428
0.419055265519
0.43246111086
0.406484626618
0.400470769541
0.418326976974
0.420052675662
0.402918428055
0.396079947527
0.407517416358
0.409347504682
0.39750366816
0.395331247304
0.402847260482
0.401270986034
0.393590415536
0.395551343846
0.399469824406
0.394622343077
0.392272279745
0.395908642287
0.394448079581
0.391088304731
0.393321512848
0.393125390476
0.390311325492
