1.45999183045
1.45997868479
1.45995305148
1.45991549061
1.45986647247
1.45980638486
1.45973553955
1.45965417801
1.45956247656
1.45946055084
1.45934845974
1.45922620892
1.45909375381
1.45895100221
1.45879781655
1.4586340158
1.45845937703
1.45827363676
1.45807649199
1.45786760104
1.45764658406
1.45741302353
1.45716646435
1.45690641395
1.45663234206
1.45634368052
1.45603982273
1.45572012318
1.45538389669
1.45503041766
1.45465891908
1.45426859157
1.45385858221
1.45342799338
1.45297588142
1.45250125532
1.4520030752
1.4514802509
1.45093164033
1.45035604794
1.44975222304
1.44911885814
1.44845458725
1.44775798423
1.44702756104
1.44626176618
1.44545898301
1.44461752827
1.4437356506
1.44281152925
1.44184327289
1.44082891865
1.43976643136
1.43865370307
1.43748855291
1.43626872735
1.43499190087
1.43365567717
1.43225759106
1.43079511097
1.42926564227
1.42766653165
1.42599507239
1.42424851096
1.4224240549
1.42051888233
1.41853015315
1.41645502212
1.41429065422
1.41203424238
1.40968302781
1.40723432334
1.40468553994
1.40203421677
1.3992780549
1.39641495521
1.39344306046
1.39036080193
1.38716695065
1.38386067339
1.38044159329
1.37690985498
1.37326619388
1.36951200899
1.36564943834
1.36168143593
1.35761184842
1.35344548971
1.34918821051
1.34484696006
1.34042983595
1.33594611783
1.33140627988
1.32682197663
1.32220599615
1.31757217458
1.31293526597
1.30831076193
1.30371465665
1.29916315418
1.2946723172
1.29025765906
1.28593368445
1.28171338772
1.2776077222
1.27362505793
1.26977064951
1.26604613906
1.26244912176
1.25897280296
1.25560577549
1.25233194408
1.24913062017
1.24597680557
1.24284167676
1.23969327398
1.2364973904
1.23321864702
1.22982172753
1.2262727353
1.22254062024
1.21859860714
1.21442553955
1.21000703484
1.20533633053
1.20041469327
1.19525126737
1.18986226893
1.18426949208
1.17849819354
1.17257455607
1.166523086
1.16036443871
1.15411423754
1.14778339507
1.1413802114
1.13491410395
1.12840027553
1.1218640972
1.11534368429
1.10888930946
1.10255906383
1.09641146221
1.09049708824
1.08485221416
1.0794969315
1.07443846967
1.06967767589
1.06521451668
1.06104852482
1.05717297832
1.05356601323
1.05018492616
1.04696883131
1.04384945975
1.04076380235
1.03766063727
1.03449802489
1.03123701473
1.02784061232
1.02428180115
1.02055413974
1.01667392753
1.01267071013
1.00857566259
1.00441937382
1.00023716748
0.99606837272
0.991944519197
0.98788005322
0.983877797406
0.97993896073
0.976062001689
0.972238304776
0.96846075056
0.964734445101
0.961071710138
0.957484728179
0.953990010339
0.950605955368
0.947340176338
0.944190599479
0.941150368679
0.938202612655
0.935326794479
0.932506347014
0.929724327828
0.926968513939
0.924229669744
0.921495870635
0.918756193862
0.91599547741
0.913198677322
0.910350960339
0.907439805385
0.904457093485
0.901398083286
0.898261945532
0.895049148683
0.891760306596
0.888394548782
0.88494964656
0.88142559657
0.877824666596
0.874150774451
0.870405928165
0.866587137775
0.862688222718
0.858703724258
0.854628505771
0.850454760035
0.846170665863
0.841763403093
0.83722158942
0.832536563819
0.827735754582
0.823243426633
0.82392909449
0.878834588764
0.931961625732
0.808787017835
0.946288940367
0.821139690138
0.916440344694
0.933155760173
0.784043988154
0.913200665582
0.886414027658
0.773232174546
0.86632831017
0.894968982468
0.793447470824
0.783873351296
0.850347274625
0.838613759506
0.769689584438
0.771182020756
0.815568656986
0.819402744716
0.778240370999
0.751059499149
0.771006942623
0.790752316417
0.774059175925
0.748141600049
0.753181660771
0.769571750476
0.762495450144
0.743924426939
0.745769410921
0.756695586567
0.750460691499
0.738354109708
0.742107517939
0.747439583749
0.739702670492
0.734184265015
0.739144796411
0.738199584527
0.731336360293
0.732689340659
0.734192249382
0.728981864253
0.728031933219
0.729597616068
0.725813948565
0.724511823445
0.725304409975
0.722108263386
0.721310623229
0.721062498908
0.718239647656
0.718190471384
0.716359353526
0.71485878826
0.714094360664
0.71188650124
0.711263134394
0.70900337519
0.708152767551
0.705938044505
0.704850466526
0.702635509068
0.701273457862
0.699157638816
0.697289073495
0.695463232947
0.693076297144
0.691080197333
0.688923990575
0.686343885206
0.683794274999
0.681352354869
0.678864517007
0.67636334411
0.674292910315
0.67460917982
0.683763039789
0.721067370653
0.673987800208
0.66179759602
0.697018074033
0.650108637519
0.680532536036
0.645300175434
0.667573960559
0.64129031569
0.657194083946
0.636169005298
0.649599816819
0.629764144657
0.643145828145
0.623680688493
0.636072285558
0.619673302089
0.625888393148
0.618814266328
0.614029247458
0.618597777221
0.607524074635
0.608748811443
0.608367099906
0.59993524776
0.598964401372
0.601011989017
0.596470549374
0.589936303441
0.585900337083
0.584386831481
0.586089654388
0.594880509519
0.619984014255
0.574409940532
0.583140199061
0.601873887649
0.569098170123
0.561962993844
0.583958416608
0.584706385331
0.559046326504
0.545906695096
0.551141685657
0.567545205103
0.582523647934
0.583511423636
0.56754203907
0.557852298446
0.565997043122
0.599004183399
0.519896757225
0.55265634549
0.517921038968
0.530757457311
0.519880916891
0.509548965406
0.524171919492
0.497552658779
0.512209477436
0.502866804518
0.49051239197
0.502649039052
0.494109623776
0.481717379208
0.486345027511
0.490751774452
0.481151998531
0.471741039501
0.469329733497
0.472904412723
0.482213558124
0.49659973339
0.513445956082
0.522144460593
0.517589440492
0.521660677169
0.533423511067
0.538597907712
0.532639346079
0.541928983354
0.557946264783
0.552945856463
0.570838955621
0.575642550707
0.55803597847
0.557435894732
0.620218992868
0.421930495421
0.581612616197
0.417403014507
0.535684406172
0.427922606442
0.489802959923
0.519874292685
0.418549265001
0.430572664461
0.48584336839
0.452643658883
0.394339177345
0.420407441846
0.466991332487
0.469795420021
0.427229169138
0.387891782021
0.393628080592
0.422656221545
0.439048609677
0.427396161592
0.398641754709
0.379360490728
0.384573246303
0.401153361225
0.411620046818
0.407237277528
0.391685045077
0.377434161589
0.37467426903
0.381977321526
0.389111592152
0.388230726997
0.380081607584
0.372509998689
0.371969715559
0.376527200337
0.379014715662
0.37601331138
0.370853340036
0.369067396452
0.371246900613
0.372934347087
0.371207398606
0.368014965108
0.367080027731
0.368425814525
0.36879313907
0.366990210853
0.365253865367
0.365409189772
0.365993375999
0.365146556971
0.363635128472
0.363254985301
0.363530996377
0.362895112303
0.361722141719
0.361364258969
0.361315255129
0.360496112878
0.359655249618
0.359445484208
0.358907444117
0.358010101309
0.357592005091
0.357055521365
0.356181740825
0.355668542939
0.354991286136
0.354144098158
0.353557130079
0.352688678208
0.351914443991
0.351123696862
0.350188557309
0.349376872242
0.348361296564
0.347463645154
0.346385723512
0.345390146324
0.344236301854
0.343138803348
0.341902054138
0.340681220883
0.339373780338
0.337998074579
0.336609303855
0.335112538361
0.333555646311
0.331963012146
0.330288679902
0.328521366756
0.326674207436
0.324751785415
0.32274912168
0.320660892634
0.318484870468
0.316234001299
0.314038485169
0.313185724136
0.328192129877
0.357902180338
0.304426177281
0.33513238617
0.300286248711
0.322070259737
0.29726956876
0.308699042576
0.299491921063
0.296742626867
0.298258352821
0.288897542699
0.294575687488
