2.614353871
2.60966660797
2.60045561471
2.58678498829
2.56862602535
2.54586072248
2.5182827131
2.485596242
2.4474139242
2.40325435048
2.35254116644
2.29460617524
2.22870042645
2.15401927717
2.06975005145
1.97515383523
1.86969497692
1.75323036021
1.62626064371
1.4902208641
1.34774379096
1.20277434862
1.06038130273
0.926161697048
0.805302062717
0.701586339282
0.616749730097
0.550433959541
0.50068525592
0.464697459364
0.439488944311
0.422348262605
0.411038475763
0.403830480237
0.399445963026
0.3969684339
0.395754610756
0.395359654609
0.395479298675
0.395907571925
0.39650645728
0.397184706493
0.397882986886
0.398563607638
0.399203471208
0.399789260515
0.400314161905
0.400775637947
0.401173916244
0.401510966297
0.401789809124
0.402014053895
0.40218758953
0.402314382086
0.40239834429
0.402443254181
0.402452707034
0.402430089697
0.402377012207
0.402294952849
0.402185267075
0.402049199763
0.401887900021
0.401702437981
0.401493823289
0.401263025094
0.401010993488
0.400738682364
0.400447073699
0.400137203241
0.399810187527
0.399467252049
0.399109760236
0.398739242688
0.39835742581
0.397966258617
0.397567935989
0.397164916104
0.396759929105
0.396355973377
0.395956295097
0.395564346193
0.395183715556
0.394818028649
0.394470811762
0.394145319493
0.393844327914
0.393569901543
0.393323149683
0.393103996351
0.392910996713
0.392741239488
0.392590376421
0.392452813312
0.392322079825
0.392191366759
0.39205418278
0.391905045026
0.391740090437
0.39155748858
0.391357560085
0.391142557079
0.390916132582
0.390682595899
0.390446099986
0.390209919891
0.389975955653
0.38974453785
0.389514546205
0.389283789319
0.389049549247
0.388809173299
0.388560595706
0.388302689238
0.388035377661
0.387759482546
0.387476331936
0.387187220375
0.386892868035
0.386593057921
0.386286604793
0.385971708687
0.385646586778
0.385310126221
0.384962252083
0.384603819713
0.384236084957
0.383860044333
0.383476017839
0.38308370742
0.382682681098
0.382272973441
0.381855413327
0.381431451458
0.381002591715
0.380569835331
0.380133581133
0.379694080301
0.379252038477
0.378808769482
0.378365711661
0.377923772558
0.377483154532
0.377043772257
0.376605687509
0.376168974597
0.375733169517
0.375297059177
0.374859154572
0.374418211875
0.373973096604
0.373522380314
0.373064552502
0.372598667949
0.372124432699
0.371641734536
0.371150642394
0.370651810324
0.370146202106
0.369634497175
0.369117226002
0.368594867086
0.368067360933
0.367534266673
0.366995185097
0.366449473977
0.365896469748
0.365335757598
0.364766782478
0.364189039146
0.363601789754
0.363003753045
0.362393249605
0.36176804928
0.361125913381
0.360464632151
0.359782386231
0.35907762685
0.358349172098
0.357595884524
0.356816709494
0.356010690734
0.355177222924
0.354316007758
0.353427015392
0.352510590905
0.351567259331
0.35059770379
0.349602566957
0.348581962685
0.347535712079
0.346462956748
0.345363412716
0.344238104849
