2.87612266914
2.87605686097
2.87592846164
2.87574012897
2.87549400842
2.87519177302
2.87483465741
2.87442348634
2.87395869839
2.87344036518
2.87286820655
2.87224160185
2.87155959772
2.87082091235
2.87002393648
2.86916673107
2.86824702173
2.86726218978
2.86620925991
2.86508488427
2.86388532274
2.86260641913
2.86124357298
2.85979170653
2.85824522632
2.85659797885
2.85484319952
2.85297345408
2.8509805714
2.84885556648
2.84658855222
2.84416863815
2.84158381423
2.83882081708
2.83586497596
2.83270003482
2.82930794634
2.82566863292
2.82175970845
2.8175561535
2.81302993498
2.80814955904
2.80287954387
2.79717979552
2.79100486609
2.78430306843
2.77701541512
2.76907434117
2.76040215938
2.75090918338
2.74049143623
2.72902783908
2.71637674577
2.70237165087
2.68681585133
2.66947578161
2.65007266981
2.62827207905
2.60367081445
2.57578061614
2.54400807945
2.50763046679
2.46576774338
2.41735274467
2.36110469772
2.29551773204
2.21888740019
2.129416167
2.02546163404
1.90600674811
1.77140550276
1.62433245215
1.47059887312
1.31918673586
1.18083485623
1.06520470618
0.977871321317
0.918914792543
0.883851345028
0.866055841778
0.859143634329
0.858272759436
0.860329596557
0.863547666609
0.86701676701
0.870311657299
0.873260041139
0.875813307323
0.8779792595
0.879788684286
0.881279388152
0.882488952545
0.883451735561
0.884197890506
0.884753305314
0.885139930148
0.885376238588
0.885477704567
0.885457244301
0.885319838481
0.885068705727
0.884705375322
0.884229728512
0.8836400064
0.882932783299
0.882102904774
0.881143389901
0.880045297751
0.878797559252
0.877386777904
0.875797007034
0.874009518757
0.872002592277
0.869751369497
0.867227858165
0.864401212591
0.861238496419
0.857706238289
0.853773233056
0.849415208071
0.844622119298
0.839408839231
0.83382956552
0.827994872466
0.822087076666
0.816363557338
0.811129250851
0.806654208568
0.803025650762
0.799978185429
0.796832954246
0.792705089537
0.786978313455
0.779745204067
0.771806842278
0.764160909257
0.757384118784
0.751383283324
0.745609770656
0.739492031181
0.732818514888
0.725911674844
0.719459219089
0.713943495633
0.709057324465
0.703946523675
0.698298406529
0.692768474641
0.687992939362
0.683723610041
0.679317364502
0.674702260127
0.670439751372
0.666752504051
0.66308303977
0.659199359422
0.655633328234
0.652466342414
0.649232486094
0.646008234239
0.643169742664
0.640451385132
0.637691899579
0.635250645777
0.632982643397
0.630718647931
0.628696806786
0.626728273112
0.6247189668
0.622815841901
0.620790536845
0.618731011199
0.616623090288
0.614400591611
0.612195019336
0.609901670979
0.607653309858
0.605350736825
0.603092193457
0.600792047625
0.598519572045
0.596189957886
0.593850122793
0.591460567871
0.589006398845
0.586518678511
0.583970143151
0.581353617234
0.578679691499
0.575932986822
0.573092177675
0.570151931538
0.567137746993
0.564171956605
0.562111566164
0.565931818337
0.613639159008
0.558616514467
0.72242793164
0.679681139799
0.776348362501
0.792231193657
0.765896779919
0.700587000031
0.647462542684
0.697672363845
0.742779140872
0.749238038027
0.715883050604
0.653517653766
0.611289447394
0.61543073297
0.631296446739
0.634895893119
0.620483808631
0.595131146699
0.602618108251
0.603615119374
0.55508486116
0.560322698806
0.553181519801
0.533490134369
0.55493910871
0.551286833381
0.533360804034
0.545519032469
0.542319579521
0.522056287083
0.531322222773
0.518054707445
0.514829708791
0.517965093418
0.505841962157
0.516811262007
0.504396357836
0.510779640334
0.50427137625
0.505687925925
0.500215449974
0.499984111183
0.49573347067
0.494206052011
0.488585096
0.489232406604
0.484473018854
0.486305108077
0.483918002837
0.480704683977
0.482023937123
0.478575687863
0.473934686599
0.475672325898
0.475690402655
0.46765976471
0.469719576101
0.476377644368
0.463413363918
0.45947817137
0.463182627898
0.466322222936
0.48145696296
0.455190440996
0.448848894716
0.452075136298
0.465498151851
0.535970435906
0.512315526066
0.502457756989
0.476649548073
0.472945780427
0.487627684596
0.487317271398
0.465185635401
0.596194168296
0.560154368132
0.648788036471
0.631401785259
0.553008343585
0.499110170663
0.599840910841
0.551837506433
0.481984754321
0.520979239411
0.557050653378
0.568688502016
0.547133226927
0.487644751351
0.446200990563
0.543797910532
0.499783281593
0.425480079514
0.465452457208
0.498681837529
0.510638850238
0.503106420498
0.478937418841
0.445345882068
0.42585617775
0.449538356355
0.486488010815
0.49418775432
0.465452454415
0.431985591846
0.421951202678
0.430796828207
0.442535508054
0.448113264491
0.444974690447
0.433662704424
0.41830586215
0.407818014014
0.41076605271
0.420786343987
0.420721200044
0.409391037105
0.402493408424
0.405492637699
0.410607350585
0.411150494038
0.406693671678
0.40172270452
0.401736891335
0.405222924104
0.404901224912
0.400432188556
0.398408136092
0.399896878355
0.400642239115
0.398755125457
0.396557814422
0.396925355808
0.398066097975
0.396919554697
0.395245706946
0.395394544508
0.395739792939
0.394658216256
0.393356982347
0.393382594816
0.393354908886
0.392233966468
0.391723492816
0.391837883761
0.391211086746
0.390424145823
0.390324405484
0.389782295113
0.388995359709
0.388751998674
0.388144675083
0.38749074531
0.38717414967
0.386436468543
0.385941287233
0.385341849185
0.384624826449
0.384078828703
0.383288075937
0.382695825498
0.38186953913
0.381193544283
0.380311348975
0.379546233496
0.378629467614
0.377761405608
0.376828287087
0.375809155901
0.374827287878
0.373748660195
0.372604776668
0.371465296297
0.370286670327
0.369035305341
0.367734841078
0.366414063343
0.365219514607
0.364787177429
0.370284910156
0.395392572866
0.418840633451
0.427575269978
0.359070899039
0.442445446098
0.36499320261
0.411656730235
0.404040488249
0.35571586293
0.399124160505
0.395798586928
0.350952735023
0.386285588108
0.401698973902
0.377795183226
0.345252512635
0.372085344695
0.395296100525
0.3689456212
0.342840977375
0.351873136053
0.368131470375
0.374629500481
0.36781388437
0.352292532692
0.340472103435
0.344404520961
0.356030438298
0.355197997889
0.343300994453
0.338612749598
0.343833983909
0.348335475686
0.346069724212
0.339748624724
0.337472685395
0.341466904997
0.342835587024
0.338571267221
0.336401917941
0.338578589333
0.339681226809
0.337450817684
0.335414562063
0.336594409624
0.337395350033
0.335503566328
0.33460495239
0.335580860707
0.3354174498
0.333997309892
0.333928532228
0.334402203826
0.333434971734
0.332931555369
0.333266842068
0.332700910084
0.332066982233
0.332241598301
0.331760345474
0.331233337954
0.331260286559
