1.10779544021
1.1077781525
1.10774444362
1.10769505241
1.10763060059
1.10755160231
1.10745847261
1.10735153495
1.10723102799
1.10709711147
1.10694987152
1.10678932526
1.10661542486
1.1064280611
1.10622706639
1.10601221744
1.1057832375
1.10553979823
1.1052815213
1.10500797961
1.10471869831
1.10441315556
1.10409078305
1.10375096634
1.10339304496
1.10301631243
1.10262001603
1.10220335651
1.10176548763
1.1013055156
1.10082249843
1.10031544522
1.09978331528
1.09922501734
1.09863940856
1.09802529363
1.09738142379
1.09670649584
1.09599915121
1.09525797499
1.09448149508
1.09366818133
1.09281644486
1.09192463738
1.09099105072
1.09001391653
1.0889914061
1.08792163049
1.08680264088
1.08563242917
1.08440892906
1.08313001738
1.08179351593
1.08039719382
1.07893877038
1.07741591862
1.07582626947
1.07416741679
1.07243692318
1.07063232678
1.0687511491
1.06679090401
1.06474910798
1.06262329166
1.060411013
1.05810987191
1.05571752678
1.05323171272
1.05065026195
1.04797112626
1.0451924017
1.04231235577
1.03932945696
1.03624240698
1.03305017561
1.02975203815
1.02634761564
1.0228369176
1.01922038723
1.0154989489
1.01167405745
1.00774774906
1.00372269293
0.999602243167
0.995390489739
0.991092307614
0.986713402478
0.982260351536
0.977740637491
0.973162673596
0.968535817428
0.963870370861
0.959177563582
0.954469517426
0.949759188935
0.945060287726
0.940387168678
0.935754696569
0.931178082589
0.926672693252
0.922253833433
0.917936506669
0.913735157394
0.909663401192
0.905733750589
0.90195734498
0.898343694031
0.894900444178
0.891633177483
0.888545251242
0.885637685168
0.882909101002
0.88035571701
0.877971397213
0.875747752675
0.873674289805
0.871738598684
0.869926573081
0.868222653057
0.866610081027
0.865071162775
0.863587526101
0.862140371491
0.860710711242
0.859279595774
0.85782832825
0.85633867103
0.854793049783
0.853174763121
0.851468207367
0.849659127135
0.847734902628
0.845684883309
0.843500774196
0.841177074385
0.838711556202
0.836105756208
0.83336542491
0.830500850444
0.827526935321
0.824462872088
0.821331248427
0.818156439194
0.814962243753
0.811768930661
0.808590161694
0.805430626631
0.802285480279
0.799142597893
0.7959880214
0.792813716232
0.789625262251
0.786446168095
0.783316026611
0.780282028477
0.777386581871
0.774656163845
0.772096420712
0.769695684554
0.767434891199
0.76529855596
0.763280727724
0.761382347561
0.759601541267
0.757923758713
0.756320315575
0.754758439553
0.753215603609
0.751685172127
0.750167411218
0.748654724478
0.747126592475
0.745559619469
0.743941626607
0.742273925903
0.740559245029
0.738790909263
0.73695872244
0.73506375894
0.733119335714
0.731136515125
0.729118590334
0.727073013442
0.725016417678
0.722960366091
0.720904353866
0.718849092054
0.716798232569
0.714743400747
0.712669507249
0.71056923015
0.708435700194
0.706263225871
0.704059466101
0.701832995288
0.699588875145
0.697332943577
0.695058649468
0.692755675073
0.690412705725
0.688017607371
0.685568602276
0.683065891322
0.680515765481
0.677917701907
0.67526558675
0.672545165136
0.669745658627
0.666859817379
0.663885868983
0.660817734521
0.657643271823
0.654347280918
0.650917572862
0.64734780732
0.643630649648
0.639754767849
0.635712099961
0.631505756112
0.627145840716
0.622640056323
0.617999402
0.613304081939
0.609210800767
0.613175698681
0.678484327934
0.794675494177
0.889417001632
0.912935351662
0.912859335098
0.89684434838
0.861786329286
0.80155630294
0.746562823548
0.771266371967
0.73447048933
0.615765269021
0.647324581639
0.610149190109
0.732542414495
0.683537946367
0.693226881153
0.73604681929
0.711694526466
0.643208606839
0.667600909443
0.642049910109
0.585533056894
0.601515833476
0.575811409022
0.565077993186
0.595956616627
0.590059242579
0.577715040187
0.587936224574
0.592809791429
0.579426153706
0.560617317897
0.561660793135
0.55304091891
0.5342100022
0.539039246878
0.532287636398
0.531602830016
0.536890245102
0.529308957925
0.532863210263
0.521977155029
0.522644329953
0.514045455413
0.514361236002
0.511896003658
0.511343520992
0.509741817297
0.507147577053
0.503566965401
0.501015715029
0.49661024975
0.496667858598
0.493135391085
0.491576045755
0.489409350897
0.484611909287
0.482285117108
0.481216226654
0.478170600372
0.474294157463
0.470350476825
0.466976601103
0.463913807922
0.460516909535
0.456992987996
0.456554845194
0.485746393545
0.468047164982
0.465929439457
0.450935379882
0.459660330447
0.468972726679
0.556207904332
0.47940933697
0.695096699385
0.423287886515
0.540324541348
0.521019645358
0.413473267051
0.544311958309
0.436540023846
0.442951364018
0.498633187934
0.458072917495
0.390958214737
0.458900553448
0.472267613781
0.391166769037
0.408886437194
0.459615326155
0.479271165685
0.469207700015
0.434643278714
0.393887575706
0.376974472559
0.396981669848
0.429127296091
0.448109802109
0.448621168459
0.431850044459
0.406368691734
0.383838437777
0.372449365111
0.373192211666
0.38125777567
0.390333444909
0.395789376018
0.395627912973
0.389978183883
0.38099989783
0.372249683539
0.367308149791
0.367765244164
0.371905274401
0.375833366506
0.376375401639
0.373201464624
0.368470981627
0.365140260345
0.364709360113
0.366390809919
0.368160978407
0.368438093799
0.366991263003
0.364763143147
0.363203144966
0.363125595483
0.364000864347
0.364517060033
0.363919373583
0.36260346547
0.36161890982
0.361519062017
0.361865459445
0.361865787499
0.36125154743
0.360428989005
0.359991409147
0.36001170812
0.359995504081
0.359556670169
0.358919326507
0.358538432671
0.358424058866
0.35818640285
0.357671588725
0.357173864641
0.356902866067
0.356622206944
0.356126449431
0.355630527197
0.355287037563
0.354880207786
0.35432943086
0.353844931224
0.353405889624
0.352837078564
0.352262380665
0.351741090976
0.351119852562
0.350478220309
0.349863994493
0.349156031334
0.34844788089
0.347719377413
0.346917628457
0.346125767337
0.345260635711
0.34437685381
0.343445128996
0.342466392689
0.34145120364
0.340376978184
0.339263123324
0.338087887631
0.336860830609
0.335575045886
0.334219901701
0.332808582713
0.331314044272
0.329748184012
0.328101082519
0.32635508902
0.324510189895
0.322557917447
0.320480601702
0.318263686568
0.315897638789
0.313385558391
0.310763412456
0.308205996665
0.306705365324
0.313588753003
0.383343883878
0.316774353923
0.29467958773
0.310291898608
0.293042885861
0.290898884515
0.300395458085
0.283847306211
0.28270537126
0.291881642533
0.281340480851
0.272492643833
0.271496857794
0.276087363129
0.285435430542
0.282908486703
0.291685923682
0.284842465858
0.30211818217
0.255206195827
0.3088506064
0.253371903904
0.283434601161
0.249934707764
0.26946225905
0.271471708169
0.242026042397
0.265008088547
0.266571968043
0.240836135864
0.245683981896
0.25789837357
0.245424080176
0.233716511175
0.24169756378
0.245919041978
0.236008383272
0.230939298902
0.237757530443
0.236192182294
0.228674333066
0.231308607832
0.233503500489
0.228142854958
0.227098073339
0.229978407458
0.226580121697
0.225024047541
0.227023009636
0.224673819393
0.22337210922
0.224669941071
0.222462323537
0.222108513204
0.222387605537
0.220490143428
0.220813899017
0.220033077881
0.218977466707
0.219144852478
