1.0, 0.600095214017
-1.0, -0.985211743689
-1.0, -0.832141275806
-1.0, -0.983201538016
-1.0, -0.86133169864
-1.0, -0.100187083879
-1.0, -0.783387485987
-1.0, -0.826753198905
1.0, -0.680883701319
-1.0, -0.971717817566
-1.0, -0.999949562841
-1.0, -0.92346522263
1.0, 0.640275286649
-1.0, -0.965669947256
-1.0, -0.825078318303
-1.0, -0.95941618871
-1.0, -0.977272293495
-1.0, -0.223909798105
-1.0, -0.563049835061
-1.0, -0.997674279658
-1.0, -0.998505576847
-1.0, -0.473210519658
1.0, 0.485477881411
-1.0, -0.875129222593
-1.0, -0.353465124727
-1.0, -0.984741294226
1.0, -0.975765209268
-1.0, -0.197423368958
1.0, 0.989974232269
-1.0, -0.998462272493
-1.0, -0.999891386075
-1.0, -0.76462515315
-1.0, -0.723053354024
1.0, 0.214971193503
-1.0, -0.801101173051
-1.0, -0.995607558483
1.0, 0.661970705721
-1.0, -0.99908149237
1.0, -0.415173418342
-1.0, -0.898719744883
-1.0, -0.752700454641
-1.0, -0.744138861678
-1.0, -0.939284060886
-1.0, -0.999728620869
1.0, 0.230150965109
-1.0, -0.933926665055
-1.0, -0.996101517827
-1.0, -0.99975518901
1.0, 0.709991708528
-1.0, -0.90262961529
1.0, 0.448425962647
-1.0, -0.990173891466
-1.0, -0.633271770635
-1.0, -0.839075341871
1.0, 0.321261674041
-1.0, -0.998900874289
-1.0, -0.683295710595
-1.0, -0.965193891389
-1.0, -0.919779250333
1.0, 0.498833719172
1.0, 0.252536710112
1.0, 0.262615221745
1.0, 0.755653397134
1.0, 0.93260350507
-1.0, -0.966160561072
-1.0, -0.814334108208
-1.0, -0.425642117859
1.0, 0.15103201609
1.0, 0.0943661615645
-1.0, -0.497422320038
1.0, 0.941815565534
-1.0, -0.891227380154
1.0, 0.55805472279
-1.0, -0.995780356066
-1.0, -0.921750070754
-1.0, -0.807309432239
-1.0, -0.852115261241
1.0, 0.606156123184
-1.0, -0.640756285534
-1.0, -0.280761855689
-1.0, -0.761867314129
-1.0, -0.330191238935
-1.0, -0.55439039029
1.0, 0.474521069598
-1.0, -0.999446434821
-1.0, -0.999962709739
-1.0, -0.992478983331
-1.0, -0.857266639831
-1.0, -0.999739209535
1.0, 0.555635903173
-1.0, -0.599110955851
-1.0, -0.840651010104
-1.0, -0.988093019978
-1.0, -0.709828368313
-1.0, -0.799653255835
-1.0, -0.662879292487
-1.0, -0.998896993471
-1.0, -0.998956251307
-1.0, -0.55866657887
-1.0, -0.642120817047
1.0, 0.206340046424
-1.0, -0.449608112051
-1.0, -0.767693029503
-1.0, -0.969305457611
-1.0, -0.839178538607
-1.0, -0.995142635662
-1.0, -0.827845259308
-1.0, -0.903184807565
-1.0, -0.915200680124
1.0, 0.5673553583
-1.0, -0.935429414552
-1.0, -0.852304139271
-1.0, -0.970207722241
-1.0, -0.923687406413
-1.0, -0.848314985583
1.0, 0.477710727039
-1.0, -0.371262097976
1.0, 0.457425047742
-1.0, -0.982270696414
-1.0, -0.955186010199
1.0, 0.700009272114
-1.0, -0.999497006178
-1.0, -0.999320871198
1.0, 0.0912412468018
1.0, 0.370953305507
-1.0, -0.603951091343
-1.0, -0.983247101198
1.0, 0.627005721546
-1.0, -0.993752734507
-1.0, -0.696841160007
1.0, 0.501365656422
-1.0, -0.997078961716
-1.0, -0.898632131614
1.0, -0.0235326958652
-1.0, -0.860432037837
1.0, 0.767232406756
-1.0, -0.933701265817
-1.0, -0.959582688374
-1.0, -0.943604159008
-1.0, -0.700450294423
-1.0, -0.496546483921
-1.0, -0.687865443459
1.0, 0.642251346226
-1.0, -0.746612131542
1.0, 0.861074241144
-1.0, -0.999250832962
-1.0, -0.999682260402
-1.0, -0.834588852903
1.0, 0.224863557016
-1.0, -0.958320530319
-1.0, -0.996410059491
-1.0, -0.998948843034
-1.0, -0.336379287036
-1.0, -0.653396559469
-1.0, -0.529078222753
-1.0, -0.781619835595
-1.0, -0.763651758501
1.0, 0.0957301960238
-1.0, -0.956432456193
-1.0, -0.999569647946
-1.0, -0.491182518524
-1.0, -0.804683362558
-1.0, -0.659053195636
-1.0, -0.706691291807
-1.0, -0.959531743733
-1.0, -0.827214027508
-1.0, -0.295699718996
-1.0, -0.959402920718
-1.0, -0.746208480929
-1.0, -0.718106817
-1.0, -0.995563600954
-1.0, -0.967025218084
1.0, 0.505538752854
-1.0, -0.15303571866
-1.0, -0.803934435781
-1.0, -0.945973721812
1.0, 0.715982777892
-1.0, -0.942508897953
-1.0, -0.816034026889
1.0, 0.793448632518
-1.0, -0.669545377264
1.0, 0.821504055618
-1.0, -0.89946853981
-1.0, -0.780681146706
1.0, 0.636878720961
-1.0, -0.991867961293
-1.0, -0.993254881238
-1.0, -0.884980746824
-1.0, -0.443441816716
-1.0, -0.901644374186
1.0, 0.580283722938
-1.0, -0.995170990292
1.0, 0.948200613782
-1.0, -0.994027698921
-1.0, -0.857187879847
-1.0, 0.191872822414
-1.0, -0.237085497059
1.0, 0.595071093974
-1.0, -0.851692269561
1.0, 0.895722717518
-1.0, -0.999870093898
-1.0, -0.999934528689
-1.0, -0.970358665521
-1.0, -0.975208502747
1.0, 0.254972872704
1.0, 0.82808855421
-1.0, -0.827355162931
-1.0, -0.997588650561
-1.0, -0.562235213169
-1.0, -0.824160067293
1.0, 0.31955911656
-1.0, -0.998003851793
-1.0, -0.990178698073
-1.0, -0.882906465779
1.0, 0.747789623065
-1.0, -0.996825542157
-1.0, -0.999202817176
-1.0, -0.956897018271
1.0, 0.42159083244
-1.0, -0.979472526419
-1.0, -0.659103263841
-1.0, -0.832230486253
-1.0, -0.533647256597
1.0, 0.800064715136
-1.0, -0.970938273427
1.0, 0.603437551009
-1.0, -0.985112288371
-1.0, -0.997904045086
-1.0, -0.774715367672
-1.0, -0.873736792914
-1.0, -0.995481582148
-1.0, -0.998692336263
1.0, -0.0119773922844
1.0, 0.874359475079
1.0, 0.691177677552
-1.0, -0.715231445616
-1.0, -0.975853470351
-1.0, -0.828498797839
1.0, 0.53556886902
1.0, -0.972318239466
-1.0, -0.773778942977
-1.0, -0.687394400289
-1.0, -0.995218154469
-1.0, -0.59842063541
-1.0, -0.26717516339
-1.0, -0.703579587075
-1.0, -0.481942554044
-1.0, -0.796561408586
-1.0, -0.950346922104
-1.0, -0.887274457165
1.0, 0.2354983817
1.0, 0.0562682765093
-1.0, -0.82905210645
-1.0, -0.993426968695
-1.0, -0.789440005665
-1.0, -0.901854202989
-1.0, -0.993849799851
-1.0, -0.892100575018
-1.0, -0.934976245336
-1.0, -0.984759538979
1.0, 0.761903881177
1.0, 0.764518231808
-1.0, -0.873024449197
-1.0, -0.976985509504
-1.0, -0.959461449486
-1.0, -0.980590742242
-1.0, -0.934917226463
-1.0, -0.969463826874
-1.0, -0.685069738507
-1.0, -0.752756503535
-1.0, -0.87606838987
-1.0, -0.780318981121
-1.0, -0.363137107831
1.0, 0.561978489377
-1.0, -0.993600130671
1.0, 0.0624662661054
-1.0, -0.985444627633
-1.0, -0.982631662742
-1.0, -0.77665526035
-1.0, -0.711773269623
-1.0, -0.914750375594
-1.0, -0.862642143933
-1.0, -0.763783887884
-1.0, -0.953657634262
1.0, 0.433235289355
-1.0, -0.189903619513
1.0, 0.0631246515569
-1.0, -0.858018830237
-1.0, -0.702056106008
-1.0, -0.801538049029
-1.0, -0.446572746664
-1.0, -0.945795077592
-1.0, -0.99825102093
-1.0, -0.587891035133
-1.0, -0.974717758814
-1.0, -0.803376301194
-1.0, -0.970964518779
-1.0, -0.357379914147
-1.0, -0.789537904607
1.0, -0.0804795525495
-1.0, -0.858193305477
-1.0, -0.944148524501
1.0, 0.53226099815
1.0, 0.997260270401
-1.0, -0.638403894143
1.0, -0.999720060977
-1.0, -0.981303328777
1.0, -0.997795233837
-1.0, -0.86042184785
-1.0, -0.868459414315
1.0, 0.741101036206
-1.0, -0.974286439382
-1.0, -0.840906842418
-1.0, -0.77390777664
1.0, 0.769113605821
1.0, 0.526731268439
-1.0, -0.846967608735
-1.0, -0.946981775026
1.0, 0.469689663854
-1.0, -0.938795475997
-1.0, -0.983758759216
-1.0, -0.816635810776
-1.0, -0.553687481871
1.0, -0.8793914938
-1.0, -0.969052449673
1.0, 0.501358174142
-1.0, -0.992704040504
-1.0, -0.948135020915
-1.0, -0.763611195601
-1.0, -0.96615706041
1.0, -0.985693141271
1.0, 0.858884721769
1.0, 0.520362107968
1.0, 0.633834392046
-1.0, -0.927476331792
-1.0, -0.990407817909
-1.0, -0.856307166417
-1.0, -0.841499483451
-1.0, -0.999280751154
-1.0, -0.994870924759
-1.0, -0.999780655944
-1.0, -0.904346295954
1.0, 0.609702784783
-1.0, -0.944189438084
1.0, 0.723712277633
-1.0, -0.999484413182
-1.0, -0.998267022612
-1.0, -0.445429027162
-1.0, -0.999994667222
-1.0, -0.734999454738
-1.0, -0.701567785696
-1.0, -0.914280469014
-1.0, -0.967216966259
-1.0, -0.895441823536
-1.0, -0.982485559712
-1.0, -0.583759861017
1.0, -0.822222874153
1.0, 0.624618298782
-1.0, -0.999113137276
-1.0, -0.999941147167
-1.0, -0.999018716362
-1.0, -0.976259823098
1.0, -0.902983159556
1.0, -0.438800754291
-1.0, -0.686348573036
