1.15231207608
1.15230911602
1.15230334398
1.15229488592
1.1522838475
1.15227031576
1.15225436054
1.1522360358
1.15221538075
1.15219242089
1.15216716885
1.15213962522
1.15210977918
1.15207760909
1.15204308302
1.15200615911
1.15196678597
1.15192490292
1.15188044025
1.15183331935
1.15178345285
1.15173074466
1.15167509004
1.1516163755
1.15155447883
1.15148926891
1.15142060566
1.15134833982
1.15127231276
1.15119235626
1.15110829224
1.15101993245
1.15092707821
1.15082951998
1.15072703705
1.15061939713
1.15050635588
1.15038765649
1.15026302922
1.15013219085
1.14999484417
1.14985067744
1.14969936379
1.14954056063
1.14937390903
1.14919903306
1.14901553914
1.14882301532
1.14862103063
1.14840913429
1.14818685502
1.14795370027
1.14770915546
1.14745268322
1.14718372259
1.14690168829
1.14660596993
1.14629593129
1.14597090953
1.14563021455
1.14527312831
1.14489890417
1.1445067664
1.14409590964
1.14366549856
1.14321466752
1.14274252047
1.14224813092
1.1417305421
1.1411887674
1.14062179092
1.14002856846
1.13940802865
1.13875907461
1.13808058587
1.13737142091
1.13663042007
1.13585640917
1.1350482037
1.1342046138
1.13332445
1.13240652981
1.13144968535
1.13045277188
1.12941467754
1.12833433413
1.12721072918
1.12604291912
1.12483004375
1.12357134177
1.12226616743
1.12091400797
1.11951450177
1.11806745663
1.11657286795
1.11503093592
1.11344208107
1.11180695714
1.11012645995
1.10840173087
1.10663415322
1.10482533938
1.1029771068
1.10109144026
1.09917043806
1.09721623987
1.09523093404
1.09321644282
1.09117438477
1.08910591464
1.08701154291
1.0848909389
1.08274272385
1.08056426331
1.07835147062
1.0760986363
1.0737983001
1.0714411838
1.06901620247
1.0665105697
1.06391000757
1.06119906488
1.05836153757
1.05538097335
1.05224123046
1.04892704868
1.0454245821
1.04172183975
1.03780898415
1.03367845071
1.02932487367
1.02474483488
1.01993648835
1.01489914984
1.00963297092
1.0041388322
0.998418583297
0.992475720849
0.986316526953
0.979951590877
0.973397516419
0.966678496973
0.95982735467
0.952885636281
0.945902485963
0.938932299817
0.932031574082
0.925255756314
0.918657078626
0.912284077877
0.906182739724
0.900398203602
0.89497528557
0.88995628155
0.88537576082
0.881253819847
0.877590500831
0.874363882681
0.871532672059
0.869041958844
0.866829592955
0.864831198703
0.862983630619
0.861228080057
0.859513649775
0.857800262459
0.85605842486
0.854264864682
0.852396825127
0.850429990703
0.84834241527
0.846121468714
0.843768610971
0.841300060791
0.838745083417
0.836142366518
0.833532288534
0.830945822458
0.828396254666
0.825878365881
0.823373202014
0.82085556787
0.818304066454
0.815710137515
0.813079085738
0.810422683118
0.807748791604
0.805052405342
0.802315949415
0.799522860741
0.79667200432
0.793780802432
0.790872929292
0.7879552131
0.785006798347
0.78199103121
0.778879939207
0.775671744293
0.772381427651
0.76901788213
0.765571178084
0.762024488528
0.75837119176
0.754613585537
0.75074813741
0.746764466115
0.742657689864
0.738431322094
0.734086593311
0.729619827145
0.725028876912
0.720310748185
0.71546054954
0.710479179672
0.705363814648
0.700096792148
0.694666516803
0.689067884409
0.683287348901
0.677355842142
0.671731142223
0.671900130025
0.737431505046
0.699603222934
0.702606963747
0.653091699255
0.634403599818
0.630490993861
0.64315388933
0.749755483774
0.620254542077
0.792161000322
0.638411480839
0.704231624747
0.608621603511
0.681347944656
0.657183921083
0.601064684472
0.668795460492
0.642200482003
0.576979452974
0.626818954063
0.649868641294
0.577391697466
0.580440689462
0.618670701238
0.620387608177
0.584341009358
0.558234191961
0.580350577136
0.59177595828
0.561785393175
0.552181417541
0.569613101813
0.570921882346
0.552645641317
0.547698665953
0.559436925937
0.551370660805
0.540960738035
0.548464790808
0.548597836494
0.538699126013
0.539837942719
0.542501316439
0.53455578376
0.534633010992
0.53699040589
0.53153348478
0.530039254596
0.531466790041
0.52665784638
0.52665536331
0.526269881545
0.522548080256
0.523207775469
0.520498952594
0.519240018925
0.518501606813
0.515783006231
0.515535460341
0.512748002329
0.512288797817
0.509641929683
0.508862878069
0.506332926945
0.505172371387
0.502949647946
0.501016047365
0.499434986732
0.496890685528
0.494942738067
0.493064107659
0.490492346473
0.487845243241
0.485444452162
0.483181312857
0.481255096264
0.480768876719
0.489368095829
0.519679108205
0.511167491617
0.467323511199
0.524391125262
0.48294994737
0.484475433664
0.490981516642
0.45245473005
0.473339656599
0.449384781319
0.466688181561
0.442698140929
0.456317728873
0.438523565204
0.452046328869
0.435797845514
0.441131945523
0.433642606022
0.431087602851
0.434097913861
0.424412842992
0.430204053474
0.426000162111
0.419064886731
0.425008582278
0.422595609559
0.412743714997
0.41578693881
0.421483407415
0.41069328207
0.404448461379
0.404896957263
0.407720438778
0.411868966023
0.405044057222
0.402282846314
0.399531281728
0.408403003016
0.425499024384
0.402497371017
0.385020803359
0.417830665106
0.38291903771
0.394463851989
0.384059007668
0.373733237294
0.385293617659
0.368026414261
0.375768462277
0.378759389739
0.361879871382
0.375730787361
0.380440562951
0.356453218097
0.375006773141
0.357100657888
0.361869437881
0.356425738537
0.349394524016
0.356306596709
0.344423552653
0.350759512151
0.349073266738
0.339655780025
0.347410893505
0.348376497099
0.33486014329
0.341712366699
0.349304560652
0.331967580387
0.331884155053
0.34484617325
0.339076886011
0.334600575283
0.326751983585
0.32366880517
0.323185976256
0.334162263645
0.372102298077
0.368338687143
0.315304133376
0.386665162195
0.336358308596
0.34381930071
0.345064236126
0.30513661882
0.332638252214
0.30959868892
0.322405710165
0.322931494499
0.300986869174
0.323644515749
0.309474500877
0.295717266435
0.314207295674
0.305812092915
0.291356003215
0.301928396728
0.303267321315
0.290843382515
0.292783802324
0.298390007067
0.288722893995
0.289119938023
0.293636711116
0.287545232108
0.286082145074
0.28966768534
0.284489454922
0.284885683913
0.28644397243
0.282514733476
0.283461360975
0.283467596521
0.280670131233
0.282170173404
0.280656520375
0.279609482977
0.28026592996
0.278251630329
0.278821101144
0.277739504391
0.277118479408
0.276966736638
0.275810459286
0.275876378935
0.2746479514
0.27467525798
0.273526604615
0.273411239251
0.272358187025
0.272134758047
0.271149812055
0.270726158302
0.26994619687
0.269174104776
0.268652697022
0.2677085952
0.26696348776
0.266317566503
0.265401372331
0.264427539597
0.26354784184
0.262724910163
0.261969473
0.261470407826
0.26246536592
0.267561307505
0.292303819026
0.258360992
0.273973840925
0.26223422561
0.263461838491
0.263120892454
0.252052165098
0.260953722254
0.24993680581
0.256037064884
0.25509595194
0.247090707806
0.25550852374
0.254997802818
0.244389224075
0.251002560161
0.25785148667
0.243464821851
0.243107235514
0.254002133832
0.238907136035
0.25233138863
0.237073468358
0.246654633421
0.240605098508
0.23751108735
0.24162573293
0.23371254879
0.239387649335
0.23280882427
0.236148516696
0.232378874219
0.233185151848
0.232200927177
0.230805279276
0.230682818658
0.22974974476
0.228955134111
0.228942856447
0.226771515087
0.22798470925
0.225466530506
0.226299501877
0.225151730601
0.223885342087
0.224583824552
0.222982427742
0.221970234135
0.222433349036
0.221519806655
0.219867173875
0.219458241824
0.219772831526
0.219326601357
0.218857277089
0.218307476561
0.219729433713
0.222809507624
0.236864712628
0.213244178142
0.232610034311
0.214959423808
0.223177662894
0.21354268814
0.214893561632
0.216620906558
0.210232923224
0.218198945021
0.207095844144
0.211362793546
0.208754698801
0.204533929541
0.208021947042
0.204263940394
0.202846932542
0.204964297544
0.202617106613
0.200330894144
0.200266830727
0.201236158372
0.202227680284
0.200281280271
0.19905014381
0.197979818955
0.199150548441
0.202725843965
0.220310951561
0.193506923212
0.215804197474
0.196958778336
0.204899229229
0.190021891629
0.203016509663
0.193609894196
0.19127699272
0.197603912376
0.188038678772
0.192286287439
0.190350884484
0.186905091538
0.190794850735
0.184623058195
