1.5152319379
1.51522076672
1.51519898229
1.51516705822
1.51512539079
1.51507430525
1.51501406129
1.514944858
1.51486683814
1.51478009194
1.5146846604
1.51458053818
1.51446767603
1.51434598294
1.5142153279
1.51407554137
1.51392641647
1.51376770987
1.51359914254
1.51342040014
1.51323113327
1.51303095753
1.51281945336
1.51259616566
1.51236060333
1.51211223852
1.51185050585
1.5115748013
1.51128448108
1.51097886028
1.51065721134
1.51031876237
1.50996269533
1.50958814397
1.50919419169
1.50877986911
1.50834415154
1.50788595618
1.50740413919
1.50689749248
1.50636474027
1.5058045355
1.50521545584
1.50459599959
1.50394458115
1.50325952629
1.50253906708
1.50178133641
1.50098436226
1.50014606145
1.49926423314
1.49833655172
1.49736055936
1.49633365803
1.49525310091
1.4941159834
1.4929192334
1.49165960099
1.4903336475
1.4889377338
1.48746800793
1.48592039191
1.48429056773
1.48257396261
1.48076573328
1.47886074951
1.4768535767
1.47473845767
1.47250929358
1.47015962418
1.46768260729
1.46507099785
1.46231712658
1.45941287859
1.45634967227
1.45311843893
1.44970960374
1.44611306883
1.44231819949
1.43831381461
1.43408818313
1.42962902831
1.42492354231
1.41995841405
1.41471987416
1.40919376148
1.40336561656
1.39722080896
1.39074470594
1.38392289211
1.37674145045
1.369187317
1.36124872258
1.35291573543
1.34418091904
1.33504011721
1.32549337509
1.31554599706
1.30520973069
1.29450404735
1.28345746396
1.2721088157
1.26050834635
1.24871843482
1.23681372994
1.22488043263
1.21301446257
1.20131829592
1.18989637903
1.17884921848
1.16826650406
1.15821989583
1.14875632881
1.13989278175
1.1316133637
1.12386928974
1.11658190403
1.10964847193
1.10295011341
1.09636106132
1.08975840811
1.08303160315
1.0760911023
1.06887568033
1.06135795397
1.05354763211
1.04549194673
1.03727269841
1.02899946639
1.02079888878
1.01280058504
1.00512125566
0.997849571364
0.991035272693
0.984685912551
0.978773431934
0.973250189837
0.968070737263
0.963212719522
0.958689252816
0.954547018138
0.950849171209
0.947648532572
0.944961653211
0.942755292165
0.940952183283
0.93945420523
0.938172327872
0.937048696327
0.93605965918
0.935198540471
0.934448780112
0.933764804008
0.933074209147
0.932301214862
0.931396194988
0.930350855358
0.929188766276
0.927940071161
0.926621941956
0.925240533799
0.923809211848
0.922360818709
0.92093688118
0.919561168236
0.918223950256
0.91689385383
0.915544041027
0.914163684948
0.912746013291
0.911276106715
0.909740752615
0.908147130745
0.906519301673
0.9048740677
0.90321237748
0.901536396424
0.899856155892
0.898172463772
0.896473974573
0.894756312489
0.893021079134
0.891260170991
0.889467303868
0.887650058844
0.885814008649
0.883961915793
0.882101675842
0.880230139409
0.878336885375
0.876418186447
0.874469103267
0.872491883218
0.870490954205
0.868462271779
0.866402289045
0.864301870204
0.86215689819
0.859964074978
0.857722489621
0.855430838047
0.853086624619
0.850684136074
0.848217497679
0.845682898689
0.843081328392
0.840409913605
0.837662367063
0.834832617135
0.831916783936
0.828911139553
0.82580944901
0.822602905137
0.81928251925
0.815840916598
0.812269572997
0.808558162072
0.804716503852
0.80089839356
0.798691272417
0.816089112371
1.00475154047
0.98464781329
0.799724156481
0.933552867704
0.806169067088
0.863826681392
0.784709056829
0.838818535623
0.781694116262
0.791217759404
0.800035070666
0.759385231461
0.794768017425
0.755274465147
0.76937984798
0.770251817728
0.740525969503
0.760693866957
0.737813382215
0.744476482863
0.744687427269
0.729215644774
0.740525751019
0.726461276758
0.731210869127
0.724249153076
0.720632868385
0.7207435861
0.715316297832
0.716282776213
0.710589364531
0.711233637051
0.706735004864
0.704777250874
0.703039481833
0.699061768047
0.699337170688
0.693944633294
0.693973987872
0.690482783946
0.686757452125
0.686225198105
0.682903215443
0.67873135159
0.676371773426
0.674875621984
0.673741961423
0.67391273168
0.676233168903
0.682783162995
0.693717837936
0.708802131157
0.712930565236
0.703484512529
0.696488179142
0.717281398165
0.760602990156
0.635109231091
0.71988493051
0.6267052261
0.690293735169
0.621881853219
0.66603427298
0.662400549232
0.61235584887
0.660095876808
0.640188348389
0.60268255027
0.637407252664
0.641863560235
0.602543166935
0.6036874768
0.626074304199
0.607257861124
0.589476861985
0.606829229312
0.603411269706
0.584601655214
0.594749217723
0.595139729965
0.580487656576
0.587302401785
0.587068541107
0.576306646249
0.582585681351
0.578957420359
0.573246769171
0.577894244663
0.57111101566
0.571555354721
0.571364969459
0.566359843554
0.568798159216
0.563838199606
0.564707379181
0.5620034224
0.560584447007
0.559481934284
0.557197920258
0.556281314944
0.554113610601
0.552620878236
0.551135847387
0.548597487657
0.547868879669
0.544895271505
0.54336558658
0.541789098709
0.538874918734
0.536681014854
0.535082853926
0.533076428477
0.530635355619
0.528262814316
0.52674364226
0.529168779329
0.545385533955
0.606030455775
0.527630099403
0.528456301214
0.575285720689
0.510566723669
0.57366548257
0.525084111029
0.539996861981
0.533847590653
0.515567019015
0.524400418526
0.50441752739
0.51173986531
0.498142382241
0.497453381169
0.499994604007
0.483220199842
0.501446462022
0.473218770466
0.492795948283
0.470429305238
0.484256850763
0.467366901816
0.477490737797
0.463294068468
0.472514152773
0.458639871367
0.467715001937
0.454724059043
0.461783152543
0.452679809179
0.453824505531
0.45215484101
0.446239258546
0.449631612661
0.443826936564
0.44140788447
0.443262803322
0.438572358425
0.434791485621
0.435413821296
0.434720306033
0.431292714124
0.427570905581
0.424586507693
0.422106450498
0.419758329026
0.417446932825
0.41549342349
0.416907657286
0.444046234389
0.45474083017
0.428029785472
0.405354898988
0.401536499516
0.415277575439
0.456029516386
0.400664573071
0.407884223878
0.432485402075
0.39640086977
0.428903090055
0.415266137203
0.396401703907
0.417593183729
0.377889868423
0.398175640343
0.412047705817
0.376889603259
0.382574315989
0.397942178012
0.382359848519
0.367592058428
0.379441369882
0.382992233897
0.367742140662
0.366034803328
0.374882835403
0.368058831117
0.361326825887
0.367791455118
0.365375401719
0.35894283203
0.363295090518
0.36182607306
0.356886122294
0.360198289246
0.357957611703
0.355358627519
0.357597400192
0.354234718993
0.354272534888
