1.2224508732
1.22242462198
1.22237343334
1.22229842528
1.22220053633
1.22208054009
1.22193905818
1.22177657173
1.22159343156
1.22138986718
1.22116599466
1.22092182361
1.22065726315
1.22037212716
1.22006613874
1.21973893402
1.21939006532
1.21901900378
1.21862514144
1.21820779287
1.21776619632
1.21729951453
1.21680683513
1.21628717066
1.21573945833
1.2151625595
1.21455525877
1.21391626298
1.21324419982
1.21253761637
1.21179497732
1.21101466308
1.21019496772
1.20933409674
1.20843016477
1.20748119312
1.2064851073
1.20543973443
1.20434280067
1.20319192869
1.20198463513
1.20071832815
1.19939030522
1.19799775095
1.19653773535
1.19500721228
1.1934030184
1.19172187268
1.18996037642
1.18811501418
1.1861821555
1.18415805787
1.18203887083
1.17982064172
1.17749932319
1.17507078281
1.17253081513
1.16987515656
1.16709950365
1.16419953509
1.16117093815
1.15800944026
1.15471084629
1.15127108261
1.14768624867
1.14395267724
1.14006700438
1.13602625041
1.13182791317
1.12747007496
1.12295152441
1.11827189494
1.11343182068
1.10843311117
1.10327894524
1.09797408423
1.09252510359
1.08694064082
1.08123165577
1.07541169753
1.06949716861
1.06350757427
1.05746573978
1.0513979741
1.04533415229
1.03930768388
1.03335532867
1.02751681807
1.02183423859
1.01635113729
1.01111131805
1.00615731466
1.00152855273
0.997259248804
0.99337613921
0.989896181282
0.986824418241
0.984152239021
0.981856284985
0.979898247518
0.978225756418
0.976774476197
0.975471409693
0.974239266254
0.973001601505
0.971688297117
0.970240842479
0.968616824914
0.966793046745
0.964766778036
0.962554828362
0.96019037528
0.957717801539
0.955186128209
0.952641927569
0.950122786868
0.947652407178
0.945238224289
0.942872041535
0.940533629066
0.938196669384
0.93583592621
0.933434183356
0.930987419973
0.928506913683
0.926017524156
0.923552288474
0.921144537773
0.918819749152
0.916589855668
0.914452312899
0.912394679142
0.91040316182
0.908471476112
0.906605681939
0.904822202549
0.90313962643
0.90156849154
0.900104817786
0.898731309463
0.897425561115
0.896169968709
0.894956608312
0.893783654993
0.892646281872
0.891529812205
0.890411645207
0.889270971877
0.888097646511
0.886891752513
0.885654628606
0.884381395156
0.883063484411
0.881697846184
0.880290984139
0.878852278558
0.877385492517
0.875890327953
0.874371137882
0.872838286665
0.871299135132
0.869753302149
0.868199410906
0.866639309681
0.865071106945
0.863486092119
0.861877591537
0.860244355159
0.85858432993
0.856897108026
0.855189498827
0.853468405696
0.851737338265
0.85000141383
0.848262536674
0.846518290384
0.844768482808
0.843011461048
0.84124627953
0.839475036408
0.837698289223
0.835919098944
0.834139165447
0.832360026766
0.830581906171
0.828803210034
0.827022386928
0.82523820789
0.823451231177
0.821662026956
0.819869600362
0.81807137077
0.816263300508
0.814442407294
0.812606224249
0.810752035318
0.808876201709
0.806973862851
0.805039232533
0.803066194255
0.801049233122
0.798982793812
0.79686075342
0.794677038842
0.792432909856
0.790180399476
0.788466799845
0.793544920712
0.865397586842
0.956251093089
0.878905512012
0.918450904983
0.984026587342
0.842689310723
0.869807769092
0.936498661031
0.913552746377
0.815403839092
0.815278373698
0.879353789987
0.826827466943
0.769715435681
0.828611765453
0.859092994515
0.80643721412
0.762114811541
0.805683971698
0.838267173122
0.820051839549
0.778950122576
0.765322659437
0.783396298949
0.802043005307
0.800246137074
0.77970430694
0.760858379873
0.76251733854
0.775110037746
0.773967565567
0.758577026208
0.752708134538
0.761992186639
0.767178737376
0.759614161843
0.752058365301
0.755486599464
0.758805263698
0.753144666494
0.748565855889
0.751638993152
0.753710216759
0.750125411678
0.747452052484
0.749449386831
0.749320610012
0.745842713316
0.745923846613
0.747330905117
0.745351426765
0.744053653581
0.74501531388
0.74366902854
0.742245756016
0.742877131249
0.742076074696
0.740919385422
0.741160832585
0.74013790022
0.739224348166
0.739229468238
0.738156986631
0.737755220286
0.737223821272
0.736233025958
0.735929445015
0.734938995389
0.734523610594
0.733589658176
0.732966027528
0.732072671771
0.731401296546
0.730442388386
0.729704416695
0.728649848283
0.727848919231
0.726807117208
0.725754149622
0.724790242356
0.723632245328
0.722432412532
0.721292984922
0.720114002814
0.718829196883
0.717491001987
0.716176637958
0.715144372242
0.715675587625
0.724188568857
0.759026685291
0.743642548805
0.709170038405
0.747456083078
0.713550708899
0.719658963228
0.726606939342
0.699627419059
0.715247040829
0.704194984453
0.6976162433
0.708030753425
0.698548857615
0.691894143542
0.695982466908
0.697522466453
0.692530067615
0.686890321671
0.686470822084
0.691011444591
0.699742077279
0.721146321469
0.714826036841
0.720983439247
0.70066856539
0.70260923057
0.713263341803
0.780212163893
0.68130574708
0.807235630743
0.675991266545
0.75948775403
0.710478446137
0.705659725572
0.711250112281
0.688024492017
0.710659914672
0.667144142065
0.706835239446
0.665455087597
0.682627107809
0.681790199718
0.661718903361
0.68269549823
0.656608028472
0.675170412118
0.65690802451
0.668984112324
0.656279949584
0.662924558011
0.656090443528
0.660020721384
