0.945759667267
0.945712914747
0.94562176689
0.945488247676
0.9453140755
0.945100688154
0.94484926537
0.944560749149
0.944235862061
0.943875123703
0.943478865487
0.943047243903
0.942580252428
0.942077732195
0.941539381558
0.940964764673
0.9403533192
0.939704363236
0.939017101556
0.938290631284
0.937523947038
0.936715945673
0.935865430658
0.934971116193
0.934031631115
0.933045522677
0.93201126025
0.930927239044
0.929791783875
0.928603153081
0.927359542629
0.926059090489
0.924699881342
0.923279951689
0.921797295431
0.920249869991
0.918635603049
0.916952399957
0.915198151919
0.913370744997
0.911468070023
0.909488033478
0.907428569424
0.905287652536
0.903063312307
0.900753648477
0.898356847731
0.895871201704
0.893295126314
0.890627182432
0.887866097874
0.885010790683
0.882060393641
0.879014279919
0.875872089738
0.872633757885
0.869299541868
0.865870050466
0.86234627237
0.858729604556
0.85502187998
0.851225394129
0.847342929911
0.843377780288
0.839333768054
0.835215262063
0.831027189226
0.826775041557
0.822464877528
0.818103317062
0.813697529465
0.809255213728
0.804784570678
0.800294266608
0.795793388157
0.791291388399
0.786798024314
0.782323286031
0.777877318496
0.773470336462
0.769112533958
0.76481398962
0.760584569489
0.756433829054
0.752370916437
0.748404478685
0.744542573148
0.740792585819
0.737161158403
0.733654125644
0.730276464183
0.727032253898
0.723924652303
0.720955882226
0.718127232609
0.715439071892
0.71289087315
0.710481249833
0.708208000772
0.70606816292
0.704058070238
0.702173417065
0.70040932439
0.698760407476
0.697220843464
0.695784437695
0.694444687706
0.693194844025
0.692027967102
0.690936979888
0.689914715756
0.688953961638
0.688047496382
0.687188124465
0.686368705329
0.68558217868
0.684821586201
0.684080090184
0.683350989666
0.682627734706
0.681903939503
0.681173395095
0.68043008244
0.679668186715
0.678882113668
0.678066508916
0.677216280988
0.67632662887
0.675393074643
0.674411501522
0.673378197208
0.672289901878
0.671143859298
0.669937868486
0.668670331964
0.667340295053
0.665947468876
0.664492228036
0.66297557262
0.661399043848
0.659764584038
0.658074335479
0.656330380158
0.654534433577
0.652687520819
0.650789679964
0.648839753461
0.646835336917
0.644772950869
0.64264847955
0.640457880551
0.638198116862
0.635868211674
0.63347029466
0.631010510458
0.628499696276
0.62595378575
0.623393923577
0.620846244062
0.61834117105
0.61591198934
0.613592433867
0.611413273024
0.609398359991
0.607561196161
0.605903260304
0.604414799657
0.603077549093
0.601867755296
0.600757943353
0.599717256663
0.598711842591
0.597707142988
0.596672574246
0.595586957928
0.594441883818
0.59324103249
0.591996028113
0.590721849349
0.589434828543
0.588153056817
0.586895526834
0.585677274895
0.584503152653
0.583365910438
0.582250129738
0.581137424487
0.580008977117
0.5788477238
0.577643738548
0.576399316173
0.575126996794
0.573841794662
0.572554902185
0.571270348686
0.569982538921
0.568678201271
0.567343320225
0.56596644938
0.564538529736
0.563057277238
0.561529336344
0.559963084342
0.558362844007
0.556727943831
0.555053209969
0.553333845641
0.551566477669
0.549749841639
0.547887367759
0.545979291933
0.54401940719
0.541998144226
0.539907242939
0.537740111762
0.535492846499
0.533158645487
0.530725620105
0.528182434532
0.52552208065
0.522740713965
0.51983244746
0.516787053656
0.513597171225
0.51025897322
0.506768524189
0.503117275657
0.49930026968
0.495317303571
0.491179693547
0.487040001333
0.484893287947
0.512002621581
0.607500649685
0.641532578312
0.619034683429
0.633069786806
0.646097649819
0.615009997399
0.57643931375
0.560341484452
0.499186225414
0.609581332966
0.504271304717
0.535710636188
0.577178698377
0.57582242448
0.528976144061
0.461521732822
0.510737547999
0.549929053369
0.499321725485
0.469895384247
0.477912800088
0.495058269757
0.501517700119
0.487808580096
0.459327584281
0.451616942076
0.472889087328
0.470124938033
0.447477044914
0.442485491664
0.448376034747
0.452001919037
0.446112395211
0.431697698639
0.425292048538
0.437253325324
0.433985149663
0.420610109621
0.422994848062
0.427564435659
0.42428553076
0.417261285486
0.416888097546
0.41955317938
0.414600061381
0.413553639737
0.414620246018
0.410780581764
0.408663151771
0.409899571404
0.406044248527
0.404866058339
0.405490030227
0.402325610869
0.401816496394
0.400833786238
0.39867826542
0.398042141758
0.395646345012
0.395069352843
0.392507159882
0.391838077994
0.389472166864
0.388519820911
0.386141043714
0.384700407418
0.382541719726
0.380470160407
0.378777064956
0.376181099867
0.374051262551
0.37189032975
0.369415912835
0.366684984496
0.363862683586
0.361110617353
0.358501938394
0.358147018653
0.369335082448
0.461174112169
0.418582724225
0.45991899128
0.351654895351
0.42156016531
0.403044073447
0.342873082109
0.392120828801
0.354731779815
0.361399545604
0.356262612138
0.344839280892
0.339447101187
0.334558513876
0.349426688043
0.334505979038
0.31466206657
0.340247947014
0.321928876354
0.315595999091
0.323063439824
0.316609907042
0.31248345426
0.312296436133
0.305969571727
0.311226480442
0.304427108933
0.300847245398
0.305636502359
0.296288060155
0.300262767156
0.296582213921
0.295298012197
0.293528212803
0.293080416564
0.289724719772
0.291159565732
0.286349210275
0.287576649363
0.284288426256
0.284359906223
0.282076461027
0.280433834596
0.279935537534
0.276914029784
0.27652536717
0.274675663546
0.272990606651
0.270863666537
0.269779659732
0.269182128721
0.267689634152
0.269229350692
0.271675111149
0.289296541247
0.260617970013
0.30808009346
0.269253634726
0.284934153426
0.255332699056
0.276542255618
0.267298557481
0.252859613839
0.271061921633
0.262408919332
0.245082610859
0.257070640636
0.264836288144
0.244236436805
0.243203620471
0.253973202835
0.254086763812
0.243057570366
0.236348890647
0.242825293038
0.245663797383
0.237285009984
0.234219342776
0.238605791648
0.238869889843
0.233671426505
0.232152983173
0.23518020542
0.233275428031
0.230213521394
0.231595483801
0.23183075281
0.229152056726
