1.69264502566
1.69257093376
1.69242645478
1.69221473802
1.6919384236
1.69159968367
1.691200259
1.69074149148
1.69022435276
1.68964946952
1.68901714567
1.68832738159
1.68757989102
1.68677411534
1.68590923596
1.68498418459
1.68399765176
1.6829480937
1.68183373768
1.68065258596
1.67940241838
1.67808079381
1.67668505037
1.67521230469
1.67365945007
1.67202315375
1.67029985325
1.66848575188
1.66657681341
1.66456875601
1.66245704536
1.66023688712
1.65790321868
1.65545070024
1.6528737053
1.65016631046
1.64732228477
1.64433507842
1.64119781102
1.63790325938
1.63444384486
1.63081162045
1.62699825751
1.62299503234
1.61879281261
1.61438204393
1.60975273644
1.6048944518
1.59979629065
1.59444688088
1.58883436678
1.5829463996
1.57677012971
1.57029220087
1.56349874704
1.55637539232
1.54890725463
1.54107895394
1.53287462575
1.52427794097
1.51527213311
1.50584003417
1.4959641205
1.48562657023
1.47480933405
1.46349422112
1.45166300231
1.43929753293
1.42637989747
1.41289257873
1.3988186541
1.38414202156
1.36884765801
1.35292191226
1.3363528348
1.31913054582
1.30124764228
1.28269964364
1.26348547462
1.24360798149
1.22307447621
1.20189730002
1.18009439526
1.15768987029
1.1347145391
1.11120641298
1.08721111774
1.06278220706
1.03798133938
1.01287828498
0.987550730277
0.962083849515
0.936569619476
0.911105862139
0.885795011882
0.860742618791
0.836055616488
0.81184040071
0.788200782083
0.765235891305
0.743038125502
0.721691229176
0.701268600845
0.681831906749
0.663430066377
0.646098652439
0.629859722311
0.614722071559
0.60068187541
0.587723663419
0.575821557663
0.564940696574
0.555038764916
0.546067554771
0.537974491442
0.530704070274
0.524199164064
0.518402174392
0.513256012876
0.508704909184
0.504695051245
0.501175069418
0.49809638052
0.495413409852
0.493083710116
0.491067995662
0.489330109326
0.487836937385
0.486558286225
0.485466732262
0.484537454745
0.483748059213
0.48307839779
0.482510391081
0.482027855246
0.481616336821
0.481262957073
0.480956266992
0.48068611354
0.480443517349
0.480220561775
0.480010292957
0.479806630359
0.479604287138
0.479398699532
0.479185964424
0.478962784067
0.478726416957
0.478474633665
0.478205676415
0.477918221075
0.477611340147
0.4772844653
0.476937347954
0.476570016503
0.47618272888
0.475775919462
0.475350139764
0.474905993015
0.474444063554
0.473964843064
0.473468656848
0.472955594611
0.472425451282
0.471877684147
0.471311392582
0.470725325722
0.470117921269
0.469487375249
0.468831738065
0.468149027291
0.467437343094
0.466694969275
0.465920442621
0.465112576606
0.464270432354
0.463393239609
0.462480281217
0.461530763969
0.460543704037
0.459517854488
0.458451695011
0.457343490626
0.456191409432
0.454993672977
0.453748700978
0.452455209227
0.451112228613
0.449719035084
0.448275011345
0.446779492252
0.44523166277
0.443630565686
0.441975229904
0.44026486279
0.438498996851
0.436677484571
0.434800312978
0.432867326504
0.43087802139
0.428831534377
0.426726798426
0.424562689128
0.422337983455
0.420051142576
0.417700156899
0.415282686693
0.412796414168
0.4102392178
0.407608931369
0.404902965312
0.402118244149
0.399251410169
0.39629879866
0.393256114382
0.390118385447
0.386880351431
0.383536577179
0.380081085772
0.376507316471
0.372808507567
0.368977787336
0.365008425203
0.360894823334
0.35663320628
0.352221814895
0.347661100721
0.342952737503
0.338097649528
0.333093930597
0.32793518583
0.322612777367
0.317122026033
0.311468011703
0.305664607519
0.29972363002
0.293641084425
0.287390957284
0.280931858373
0.27422111205
0.267226294394
0.259924763698
0.252293614587
0.244309141155
0.235972376867
0.22733814432
0.218506641982
0.209584202416
0.200660489002
0.191817209414
0.183120861127
0.174601486909
0.166256509058
0.15809896849
0.150224745122
0.143434722799
0.14566363912
0.225112689253
0.34713621284
0.432994792249
0.446974925412
0.437368009001
0.398569954465
0.316555459279
0.255347073628
0.335436582692
0.310519833331
0.139966896762
0.148403788012
0.176963036222
0.194550917444
0.238260032617
0.294688544167
0.338591392558
0.361705949131
0.368762311763
0.363295159649
0.350291450495
0.335435240539
0.323914010957
0.319192622522
0.321473311918
0.327107740559
0.330885054705
0.329442212567
0.322058052543
0.310449969763
0.297771244837
0.287073183608
0.279813113995
0.27553076663
0.272574396553
0.269046773826
0.263532629099
0.255503547409
0.245375392449
0.234106406122
0.222419204358
0.210210819783
0.196838011888
0.182246225097
0.16755958967
0.153751220111
0.141037841957
0.130833215595
0.124362596662
0.119467835012
0.113981453702
0.108675095733
0.105036873592
0.103386304033
0.102766431089
0.101491321409
0.098559328709
0.0945166550566
0.0907735384249
0.0883252297581
0.0869033083601
0.0858338167543
0.0854807212652
0.0863181859376
0.0874172149861
0.0874659324885
0.0864623319321
0.0851430895005
0.0836713742661
0.0818940475604
0.0803762427082
0.0796790835776
0.0794218479916
0.0790810089094
0.0786919959389
0.078219570411
0.0774448526291
0.0766863061494
0.0763039906955
0.0761253548226
0.0760181337307
0.0759379230675
0.0756318188387
0.0751581386872
0.0747382223186
0.0743648087913
0.0741159779271
0.0739260684796
0.0736477637346
0.0733504023192
0.073035592774
0.0727845276167
0.072609313592
