1.80644365519
1.80641508687
1.80635937622
1.80627773283
1.80617116792
1.80604051037
1.80588642085
1.80570940443
1.8055098215
1.8052878975
1.80504373127
1.80477730238
1.80448847739
1.80417701514
1.8038425712
1.80348470156
1.80310286552
1.80269642792
1.80226466077
1.8018067442
1.80132176691
1.80080872607
1.80026652668
1.79969398048
1.7990898043
1.79845261804
1.79778094213
1.79707319451
1.79632768724
1.7955426225
1.79471608829
1.79384605353
1.79293036268
1.79196672992
1.79095273271
1.78988580485
1.78876322893
1.78758212819
1.78633945771
1.78503199488
1.78365632921
1.7822088513
1.78068574093
1.77908295438
1.77739621064
1.77562097665
1.77375245142
1.77178554891
1.76971487964
1.76753473084
1.76523904513
1.7628213975
1.76027497052
1.75759252763
1.75476638431
1.75178837698
1.74864982945
1.74534151673
1.74185362593
1.73817571405
1.73429666251
1.73020462798
1.72588698945
1.72133029105
1.71652018066
1.71144134371
1.70607743219
1.70041098859
1.69442336458
1.68809463438
1.68140350296
1.67432720915
1.66684142417
1.65892014636
1.65053559304
1.64165809144
1.63225597075
1.62229545862
1.61174058642
1.6005531089
1.58869244581
1.57611565514
1.56277745042
1.54863027785
1.533624473
1.51770852186
1.50082945669
1.4829334242
1.4639664722
1.44387561107
1.42261021991
1.40012388387
1.37637677184
1.35133869298
1.32499300699
1.2973416042
1.26841120426
1.23826121836
1.20699332354
1.17476261773
1.14178964818
1.10837164043
1.07488994402
1.04180938839
1.00966466181
0.979030036775
0.950472536747
0.924494518756
0.901477363738
0.881640193417
0.865024120587
0.851504565417
0.840825608115
0.832645290726
0.826580726084
0.822245386783
0.819275413513
0.817345245564
0.81617469539
0.815530056113
0.815221536812
0.815098754344
0.815045449492
0.814974147696
0.814821166511
0.814542162511
0.814108281573
0.813502903852
0.812718940293
0.811756628345
0.810621781552
0.809324463225
0.807878070766
0.806298824899
0.804605644953
0.802820343825
0.800967983176
0.799077091751
0.797179295507
0.795307809348
0.793494317793
0.79176416516
0.790130550381
0.78858942096
0.787117491
0.785675538998
0.784217372353
0.782701992055
0.781104157405
0.77941870775
0.777657243419
0.775840177654
0.773989382696
0.772124799172
0.770264120335
0.768421924059
0.766605955343
0.764812381645
0.763024737727
0.761219772217
0.759378125416
0.757493042012
0.755570848616
0.753623271798
0.751658519552
0.749678258917
0.747680243725
0.745660085434
0.743609704372
0.74151903105
0.739385008387
0.737217967552
0.735034571709
0.73284552634
0.730653506172
0.728458770707
0.726260914623
0.724059648556
0.721860098241
0.719671945677
0.717499089027
0.715337655564
0.713184078791
0.711037597418
0.708900940513
0.706779874848
0.704675089539
0.702583172545
0.700504089783
0.698439444738
0.696390615046
0.694354328855
0.692323257404
0.690293371083
0.688261254671
0.686221944557
0.684167576644
0.682093122767
0.679995644151
0.677870816746
0.675712843603
0.673518533527
0.671284237521
0.669004014409
0.666672286595
0.664284772221
0.661834855811
0.65931572665
0.656721284382
0.654043492091
0.651275598305
0.648411615954
0.645445750176
0.642375291051
0.639198539291
0.635917479966
0.63253861319
0.629098167856
0.625886589258
0.626130706144
0.661090515139
0.730819577789
0.684776318582
0.676793248714
0.666712379613
0.697413918281
0.698687411329
0.646610233316
0.653972652694
0.652731334091
0.671507399878
0.609533716765
0.685611522865
0.60488339684
0.640511961817
0.643774833215
0.606339008052
0.625882257653
0.627029359444
0.58191962767
0.627459015496
0.614619791632
0.577600776843
0.604238722987
0.608129951877
0.587716768782
0.584930379
0.592326300698
0.584324093511
0.570290030328
0.583572868641
0.580404384393
0.563899800061
0.571996915772
0.573343387468
0.564338996962
0.564208971131
0.564051936664
0.559355601376
0.563362038079
0.556533215176
0.556496623976
0.557988893005
0.552248696567
0.553720745523
0.551276109418
0.550682142543
0.548457437919
0.547574920238
0.546746924265
0.543973809507
0.543943504363
0.541903074214
0.540220759673
0.539594235618
0.53674033016
0.536508410985
0.534149099733
0.532139285315
0.531013007797
0.529152448814
0.52681457927
0.524613715207
0.522578822856
0.520878595888
0.519792171883
0.523310215631
0.541693847969
0.625208258619
0.536845685612
0.610935098007
0.516216134789
0.581405959003
0.517842698161
0.556989508394
0.551349523083
0.522311765498
0.551071090732
0.549107503233
0.503738929167
0.517855472296
0.53491324255
0.491783252386
0.509276615092
0.513958696075
0.498213260296
0.50125049753
0.497673822124
0.492220584796
0.498018097797
0.483066470827
0.490315152744
0.489389379668
0.480278672602
0.483898698754
0.481581101312
0.480664058109
0.477294089039
0.479524226563
0.47435859282
0.474913857676
0.473912554149
0.471276593014
0.471082293562
0.469811298058
0.467605671834
0.468007680738
0.465264519908
0.465033094901
0.462988070979
0.462257980334
0.459924720862
0.45982806043
0.457691582719
0.456780470422
0.454574082031
0.453490303164
0.451845244405
0.450587502609
0.451234567903
0.457567781354
0.498012140312
0.473997568333
0.449899549847
0.484885189928
0.446750689689
0.457863878311
0.455875959706
0.44398216977
0.463844910899
0.437707062055
0.449281043065
0.44385559072
0.443260453198
0.433646174086
0.439574455846
0.432059344492
0.433603611828
0.42776628715
0.430701553013
0.423881924487
0.427373152191
0.421219738865
0.423493492937
0.419882563181
0.420240712698
0.41654706065
0.418384889253
0.415879575095
0.417942154757
0.410489877208
0.412719409937
0.411369692354
0.416226598104
0.412441028956
0.414346164092
0.421833894964
0.422271852235
0.420637540577
0.434236698369
0.459800854963
0.403876623853
0.470368634132
0.39620544162
0.443013918927
0.407150425396
0.417706935471
0.414805613565
0.400136841237
0.413259394341
0.391878454976
0.410345449773
0.393444257815
0.393225478651
0.398352990719
0.386770014878
0.394254776696
0.3848168479
0.389726053416
0.385046964339
