1.54945801336
1.54898323717
1.54805752848
1.54670126497
1.54493164873
1.54276296787
1.54020683192
1.5372723834
1.53396648782
1.53029390428
1.52625743871
1.52185808151
1.51709513141
1.51196630721
1.50646784893
1.50059460986
1.49434014093
1.48769676879
1.4806556689
1.47320693506
1.46533964655
1.45704193429
1.44830104746
1.43910342173
1.42943475077
1.41928006235
1.40862380063
1.3974499163
1.38574196605
1.37348322329
1.3606568018
1.34724579417
1.33323342673
1.318603233
1.30333924722
1.28742621966
1.27084985523
1.25359707642
1.23565631156
1.21701780851
1.19767397368
1.17761973513
1.1568529278
1.13537469779
1.11318992115
1.09030763147
1.06674144882
1.04251000101
1.01763732641
0.992153245775
0.96609368934
0.93950096359
0.912423941611
0.884918160146
0.85704580672
0.828875581045
0.800482416606
0.771947051035
0.743355437479
0.714797993821
0.68636869214
0.658163997125
0.630281669056
0.602819454122
0.575873691955
0.549537876756
0.523901213859
0.499047217489
0.475052397166
0.451985079508
0.42990440854
0.408859561222
0.388889205815
0.370021219585
0.352272669886
0.335650049964
0.320149748917
0.305758725114
0.292455344932
0.280210344258
0.268987869049
0.25874655304
0.249440594897
0.241020802944
0.233435582353
0.226631846488
0.220555840479
0.21515387055
0.210372937085
0.206161272702
0.202468788984
0.199247437045
0.19645148811
0.194037740778
0.191965662007
0.190197468922
0.18869815861
0.187435493014
0.18637994587
0.185504618438
0.184785130443
0.184199492239
0.183727963705
0.183352904831
0.183058622324
0.182831215946
0.18265842766
0.182529496036
0.182435017817
0.182366818006
0.182317829394
0.182281982008
0.182254102655
0.182229824404
0.182205505624
0.182178157966
0.182145382491
0.182105313004
0.182056565467
0.181998192249
0.181929639853
0.181850708619
0.18176151286
0.181662439858
0.181554106179
0.181437309977
0.181312978252
0.18118210857
0.181045705501
0.180904713041
0.180759945465
0.180612020446
0.180461299541
0.180307842251
0.180151380287
0.179991318269
0.179826765358
0.17965659924
0.179479559436
0.179294361661
0.179099819691
0.178894957316
0.178679091595
0.178451871143
0.178213259714
0.177963465398
0.177702827419
0.177431683139
0.177150244426
0.176858512857
0.176556256198
0.17624305523
0.175918412815
0.175581900028
0.175233301623
0.174872719168
0.174500597997
0.174117664522
0.173724790538
0.173322832937
0.172912517432
0.172494428506
0.172069126926
0.17163735046
0.171200194926
0.170759163561
0.170316035724
0.169872615348
0.169430503327
0.168991024084
0.168555317127
0.168124461829
0.167699462705
0.167281046497
0.166869427701
0.166464281517
0.16606498415
0.16567088229
0.165281298548
0.164895308815
0.164511652219
0.164128969266
0.163746081534
0.163361948045
0.162975452417
0.162585477995
0.162191221348
0.161792237086
0.161388242158
0.160979230548
0.160565798871
0.160149097063
0.159730634858
0.159312398079
0.158896746425
0.158485940481
0.158082011382
0.157686691813
0.15730116404
0.156926265644
