1.4051315341
1.40510968329
1.40506707662
1.4050046473
1.40492318031
1.40482332437
1.4047056027
1.40457042259
1.40441808388
1.40424878648
1.404062637
1.40385965458
1.40363977605
1.40340286034
1.40314869232
1.40287698619
1.40258738821
1.40227947909
1.40195277597
1.40160673395
1.40124074737
1.40085415069
1.40044621916
1.4000161692
1.39956315856
1.39908628622
1.39858459219
1.39805705705
1.39750260139
1.3969200851
1.39630830656
1.39566600172
1.3949918431
1.39428443874
1.39354233113
1.39276399608
1.39194784164
1.39109220703
1.39019536165
1.38925550412
1.38827076153
1.38723918875
1.38615876801
1.38502740868
1.38384294732
1.38260314809
1.38130570359
1.37994823608
1.37852829926
1.37704338072
1.37549090503
1.37386823759
1.37217268946
1.37040152313
1.36855195946
1.36662118585
1.36460636587
1.36250465037
1.36031319039
1.35802915191
1.35564973265
1.35317218115
1.35059381826
1.3479120612
1.3451244504
1.34222867923
1.3392226268
1.33610439388
1.33287234193
1.32952513541
1.32606178695
1.32248170559
1.31878474735
1.31497126797
1.31104217699
1.3069989924
1.30284389466
1.29857977891
1.2942103035
1.28973993297
1.28517397328
1.28051859652
1.2757808523
1.27096866258
1.26609079673
1.2611568233
1.25617703514
1.25116234497
1.24612414866
1.24107415442
1.23602417736
1.23098589975
1.2259705996
1.22098885168
1.21605020767
1.21116286424
1.20633333038
1.20156610746
1.19686339744
1.19222485602
1.18764740819
1.18312514344
1.17864930675
1.17420839893
1.16978839658
1.16537309735
1.1609445903
1.15648384477
1.1519714038
1.14738816008
1.1427161843
1.13793956735
1.13304523
1.12802364702
1.12286942767
1.11758169337
1.11216419627
1.1066251329
1.100976625
1.09523386777
1.08941398252
1.08353465572
1.0776126929
1.07166265818
1.06569579605
1.05971943106
1.05373700245
1.04774880903
1.041753419
1.03574955433
1.02973811902
1.02372394317
1.01771679958
1.01173135023
1.00578590099
0.999900155164
0.994092484822
0.988377473013
0.98276450556
0.977257936458
0.971858839475
0.966567738967
0.961387234945
0.956323365168
0.95138502242
0.946581659098
0.941920465114
0.937404640212
0.933033885357
0.928806894549
0.924724165299
0.920788929808
0.917005110908
0.913373454518
0.909888717711
0.906540252914
0.903315467281
0.900202849158
0.897191633866
0.8942690383
0.891419348767
0.888627413824
0.885883372307
0.883183062114
0.880523923133
0.877902597703
0.875317662455
0.872772282189
0.870271714242
0.867820478247
0.865425229693
0.863097767712
0.860851185262
0.858695463187
0.856637921194
0.854680475909
0.852813626747
0.851018211522
0.849270064577
0.847541158446
0.845805906164
0.844046414354
0.842250641114
0.840414033638
0.838538136023
0.836627687512
0.834691521783
0.832737955088
0.830773308672
0.828798899631
0.826811217056
0.824805136441
0.822776754875
0.820725217992
0.818650549704
0.816551809069
0.814426611294
0.8122715738
0.810082273542
0.807851195982
0.805568607921
0.80322548447
0.800816145459
0.798339019587
0.795796313285
0.793192598038
0.790530654911
0.787808474419
0.785022389071
0.782170914148
0.779256267424
0.776293661295
0.773424106758
0.772082506261
0.789346603323
0.977036132426
0.868487647544
0.776987434909
0.819008599494
0.775629294428
0.774056919865
0.810229532733
0.755274274095
0.815643613377
0.780338047176
0.780241465371
0.784239887498
0.74851338186
0.774033724657
0.740582042526
0.76506900481
0.733144189131
0.754900396953
0.728364779703
0.744988123801
0.723605267366
0.736788098073
0.72570437949
0.723755111923
0.728168015584
0.714063670397
0.72321152524
0.714703881894
0.711871891643
0.717358716799
0.708347280447
0.705048418687
0.709958478328
0.708504566942
0.702606835227
0.697913064008
0.695912795967
0.695843139945
0.699576565904
0.716851208662
0.767463291823
0.70134329039
0.701865779187
0.738387942865
0.68766707296
0.734380011017
0.708627308326
0.700225104411
0.710645637602
0.683487274509
0.704863620436
0.673818687036
0.696227557607
0.671523724495
0.685423125807
0.669702054006
0.675815729275
0.669834389926
0.666230490151
0.672090420679
0.658596876532
0.668094384467
0.658541552285
0.657529992647
0.662508213617
0.652894399246
0.65249239244
0.657307740728
0.651677372571
0.645602014231
0.64574144452
0.64854529405
0.648884799083
0.644179191614
0.639388545936
0.636188662979
0.634034733952
0.633383514597
0.639603815629
0.67926895759
0.661057736028
0.625078143572
0.63291147462
0.662943314505
0.616216804941
0.652789033824
0.613134830037
0.641860516002
0.624554521296
0.616481093921
0.628535389506
0.604674051483
0.623256129934
0.601622290735
0.615258698431
0.601136333815
0.607751908507
0.599834334208
0.602800710874
0.59664986272
0.599468344112
0.592991877272
0.597008069254
0.588744622747
0.594508482823
0.585452345731
0.590649268361
0.584018975066
0.584652590694
0.583835780566
0.579103645011
0.581353019333
0.57804761688
0.575160277137
0.576367727904
0.574249278739
0.57074990287
0.569698006136
0.570113097343
0.569663729385
0.568492104392
0.568366267054
0.572532301252
0.587400661903
0.621191874992
0.56047364747
0.581121149588
0.59920333474
0.556121943535
0.560757920385
0.585656141155
0.547716337675
0.582354809142
0.552728701819
0.56670940914
0.554303228944
0.555942984245
0.553090936006
0.54913797049
0.546009731801
0.548592662338
0.538115363034
0.549011376541
0.531091678856
0.546071439899
0.529239658195
0.536750848101
0.533306933162
0.525666416675
0.534075924114
0.525868719885
0.522455946279
0.528651004383
0.524380531189
0.517642059468
0.518502017029
0.521946985135
0.520008353416
0.515550487905
0.511862375134
0.50951189002
0.507738494897
0.506162145534
0.504712637066
0.50449169644
0.515583264607
0.614495163136
0.603535285929
0.526195996203
0.498650014586
0.542913285338
0.519091807621
0.491837824811
0.51947619695
0.488248057851
0.505847013422
0.492320780121
0.487237532249
0.497760512098
0.480036469204
0.489873370677
0.486253215944
0.474598308842
0.482505993975
0.482825882214
0.471390503122
0.471559346101
0.476983619241
0.473298234438
0.465893892427
0.463550109696
0.465735391743
0.471766126917
0.479464448472
0.487123359359
0.491247175156
0.489773804726
0.489293338664
0.504553899606
0.541024436234
0.451348809506
0.49572307152
0.449882934727
0.475666720401
0.44235029764
0.46661961505
0.45460224419
0.442539419053
0.459122350213
0.437828353411
0.447832901121
0.443762926987
0.436315009346
0.444132853089
0.431653838719
