1.67477550169
1.67473796112
1.6746647577
1.67455748823
1.67441749198
1.67424587154
1.6740435114
1.67381109432
1.67354911595
1.67325789756
1.67293759737
1.67258822032
1.67220962664
1.67180153918
1.67136354972
1.67089512422
1.67039560726
1.66986422556
1.66930009079
1.66870220167
1.66806944543
1.66740059859
1.66669432728
1.66594918697
1.66516362171
1.66433596292
1.66346442773
1.66254711694
1.6615820125
1.66056697474
1.65949973912
1.65837791274
1.65719897047
1.65596025079
1.65465895137
1.65329212428
1.6518566711
1.65034933763
1.64876670852
1.64710520161
1.64536106214
1.64353035688
1.64160896807
1.63959258738
1.63747670983
1.63525662775
1.63292742494
1.6304839709
1.62792091548
1.6252326838
1.62241347183
1.61945724244
1.61635772247
1.61310840064
1.60970252677
1.60613311244
1.60239293337
1.5984745339
1.59437023381
1.59007213808
1.58557214974
1.58086198667
1.57593320261
1.57077721316
1.56538532739
1.5597487858
1.55385880541
1.54770663282
1.54128360611
1.53458122653
1.52759124068
1.52030573441
1.51271723888
1.50481884971
1.49660435979
1.48806840586
1.47920662911
1.47001584922
1.46049425099
1.45064158212
1.44045935967
1.42995108243
1.41912244481
1.40798154757
1.39653909917
1.38480860079
1.3728065072
1.36055235495
1.34806884899
1.33538189913
1.32252059804
1.30951713394
1.29640663298
1.28322692857
1.27001825807
1.25682289041
1.24368469152
1.23064863766
1.21776028884
1.20506523643
1.19260853892
1.1804341592
1.16858441422
1.15709944477
1.14601670961
1.13537050441
1.12519150327
1.11550631904
1.10633707909
1.09770101532
1.08961007167
1.08207053772
1.07508272325
1.0686406944
1.06273209638
1.05733808931
1.05243342253
1.04798666798
1.04396062528
1.04031290114
1.03699665503
1.03396149201
1.03115447618
1.02852123208
1.02600710088
1.02355832
1.0211232005
1.01865328373
1.01610446554
1.01343808152
1.010621947
1.00763134017
1.00444990235
1.00107040704
0.997495317283
0.993737013492
0.989817536544
0.985767665316
0.981625151308
0.977431987023
0.973230711189
0.969059964793
0.964949794959
0.960917507169
0.956965090011
0.953079243434
0.949234699243
0.945400776241
0.941550065764
0.93766710343
0.933754312744
0.929832851552
0.925937420797
0.922106273414
0.918369752038
0.914741668555
0.911217055364
0.907777395292
0.904401296781
0.901076015023
0.897804360105
0.894603028151
0.891492212145
0.88848140288
0.885559966022
0.882699858639
0.879870172707
0.877053157999
0.874248075568
0.871458540729
0.868674625551
0.865867531587
0.863003566484
0.86006491343
0.857056815759
0.85399447245
0.850886135761
0.847734446422
0.844553712697
0.841375747255
0.838231299214
0.835131759745
0.832076058772
0.829066460428
0.826103815977
0.823173621337
0.820254861162
0.817338599322
0.814421043268
0.811489829509
0.808535308428
0.805557601831
0.802551451853
0.799508925157
0.796431845146
0.793318236061
0.790159965814
0.786952360047
0.783682387532
0.780334763141
0.776900885098
0.773371510099
0.769746494427
0.766024951557
0.762202245657
0.758270686952
0.754216838301
0.750030765502
0.745700678685
0.741217495217
0.736570717122
0.731754276677
0.726761911913
0.721586401062
0.716220377497
0.710658115815
0.704899285785
0.698946124475
0.692798707357
0.686455373305
0.679915544932
0.673176533929
0.666232442051
0.65907432111
0.651688996791
0.644064163304
0.636213807219
0.628366302466
0.622870032872
0.647180524648
0.86836781491
1.00273144958
1.17874947551
1.21272354039
1.21381852933
1.20193203276
1.1834455618
1.1631539478
1.14343557424
1.12369385676
1.10827788887
1.10367181468
1.11535305761
1.12087672286
1.1042253728
1.0758270904
1.06413118614
1.0668296297
1.06768732378
1.06168070792
1.04831599636
1.02954309026
1.01046085882
0.998436912187
0.986739607666
0.960006763806
0.922222150109
0.899144012057
0.899849228553
0.906939088043
0.901785793872
0.876588776167
0.846547860317
0.796942603778
0.697343518679
0.670544320681
0.80758532407
0.742436559497
0.808434250419
0.688901853124
0.732274624734
0.838420428322
0.841960623931
0.810368387912
0.823964546693
0.848660011768
0.832062812793
0.792254372577
0.752608367835
0.703065297068
0.620204614133
0.571396437341
0.588569098505
0.545311566714
0.590374710076
0.603885205561
0.570602338227
0.573851556156
0.533400734517
0.494620628007
0.498064118188
0.492171927923
0.507132162729
0.497519908692
0.478017054169
0.465628791819
0.447284591526
0.452279695586
0.440676958258
0.445351452416
0.432425050832
0.428054080419
0.411521950589
0.412020241331
0.407489291274
0.40360875474
0.395100227093
0.38572731515
0.384895779423
0.381980835904
0.373457213725
0.366088627979
0.359488031415
0.352671276412
0.347107762723
0.341804840205
0.337137526602
0.349190232871
0.484653735962
0.344782987388
0.327963428267
0.416690721995
0.305479990283
0.431265610334
0.298097634412
0.367247967822
0.313869166095
0.312558344925
0.324334922805
0.283625910554
0.315582179958
0.286732284512
0.276848433252
0.295013623457
0.267491960763
0.263711142362
0.276409808877
0.267662022074
0.251998395131
0.256930799624
0.258665059026
0.244466194903
0.243824405342
0.249181408657
0.241618466379
0.237232262796
0.240412911257
0.233487983311
0.23112055127
0.233400684716
