1.84133635224
1.84123624959
1.84104104769
1.8407549976
1.84038166086
1.83992396531
1.83938425464
1.83876433237
1.83806550065
1.83728859439
1.83643401125
1.83550173776
1.83449137199
1.83340214301
1.8322329275
1.83098226372
1.82964836308
1.82822911941
1.82672211637
1.82512463279
1.82343364646
1.82164583623
1.81975758271
1.81776496756
1.81566377158
1.81344947162
1.81111723645
1.80866192164
1.8060780636
1.80335987279
1.80050122624
1.79749565952
1.79433635816
1.79101614872
1.78752748965
1.78386246201
1.78001276024
1.77596968328
1.77172412607
1.76726657187
1.7625870855
1.75767530807
1.75252045336
1.74711130645
1.74143622503
1.73548314409
1.72923958453
1.72269266658
1.71582912885
1.70863535399
1.70109740217
1.69320105354
1.68493186104
1.67627521521
1.6672164225
1.657740799
1.64783378147
1.63748105751
1.62666871716
1.61538342767
1.60361263356
1.59134478346
1.57856958531
1.56527829061
1.55146400795
1.53712204498
1.52225027687
1.50684953779
1.49092403005
1.47448174371
1.4575348769
1.44010024468
1.42219966189
1.40386028265
1.38511487738
1.36600202645
1.34656620897
1.32685776585
1.30693271787
1.28685242346
1.26668306589
1.24649496652
1.22636172916
1.20635922958
1.1865644736
1.16705435625
1.14790436172
1.12918724951
1.11097177492
1.09332149173
1.07629368186
1.05993845043
1.04429801661
1.02940622035
1.01528825435
1.00196061993
0.989431295031
0.97770009427
0.966759193745
0.956593788827
0.947182850478
0.938499945297
0.930514085978
0.923190581827
0.916491863167
0.910378258273
0.904808706618
0.899741397328
0.895134326525
0.890945771484
0.887134683157
0.883661001536
0.880485900477
0.877571970173
0.874883346322
0.872385795446
0.870046765788
0.867835412822
0.865722607828
0.863680937209
0.861684699277
0.859709904284
0.857734282268
0.85573730209
0.853700203507
0.851606042463
0.849439747738
0.847188184738
0.844840219557
0.842386773546
0.839820855819
0.837137558773
0.834334000442
0.831409198117
0.828363861095
0.825200097446
0.821921040898
0.818530419215
0.815032103848
0.811429700013
0.80772625346
0.803924161089
0.800025372588
0.796031955432
0.791947062211
0.787776285347
0.78352930955
0.779221680545
0.774876409697
0.770525048518
0.766207826989
0.761972495662
0.75787167785
0.753958828354
0.750283257717
0.746885006238
0.743790506877
0.741009872139
0.73853629383
0.736347582696
0.734409463584
0.732679990941
0.731114363383
0.729669432841
0.728307278946
0.726997371859
0.725717114543
0.724450909926
0.72318821776
0.721921216343
0.720642635248
0.719344173527
0.718015782044
0.716645981956
0.715223219941
0.713737967167
0.712184963382
0.710564898576
0.708884985434
0.707158139411
0.705400691525
0.703628880024
0.701855066984
0.700085326611
0.698319715944
0.696554947079
0.69478779847
0.693017523827
0.691245916938
0.689474564899
0.687701399244
0.685920315395
0.684124666851
0.682311669562
0.680484587689
0.678650476273
0.676814287238
0.6749751178
0.67312805701
0.671269025603
0.669397735907
0.667514553352
0.665615399593
0.66369129334
0.661732750727
0.659733841916
0.65769043287
0.655596934234
0.653446735184
0.651235039777
0.648956885766
0.646602647093
0.644159281481
0.641616162009
0.638965719686
0.636199644369
0.633309181158
0.630286835195
0.627124120905
0.62381186208
0.620344586021
0.616717500004
0.612925004954
0.608962883739
0.604826191966
0.600515650101
0.596158333335
0.593851772526
0.629710390642
0.678799285544
0.631911346324
0.606179849169
0.677707580188
0.568772088103
0.637626231146
0.609087987206
0.591765553418
0.577267291484
0.579344191886
0.585341343928
0.562140831807
0.572329799771
0.545653114992
0.559357966551
0.551358812026
0.530875621016
0.541612929823
0.53611771761
0.530443019336
0.522669130085
0.527129800256
0.517941484055
0.515167084406
0.516168162097
0.507710476772
0.507341366315
0.50437153404
0.498564200097
0.499427389099
0.491695693219
0.49304851607
0.487450719418
0.4936184016
0.51281210898
0.556428297879
0.514872914799
0.479663172664
0.544484215925
0.468959604859
0.504833852344
0.460849789931
0.494852566082
0.473419661359
0.462781342552
0.481575978936
0.459494425407
0.450833492044
0.46736991318
0.446438271644
0.449949348244
0.454760062815
0.439003063489
0.446226262323
0.443237199775
0.434967828364
0.441825195057
0.432563154075
0.434659700882
0.432652026455
0.428326429456
0.430858540016
0.424292223781
0.427275782082
0.421680848388
0.423219865523
0.419182659334
0.419458356672
0.416244308134
0.415939677866
0.412833022285
0.412797257103
0.409123844686
0.409066262845
0.406019045343
0.404319405873
0.40332133864
0.400177485884
0.398166773953
0.397015794761
0.394930829437
0.392258729108
0.389501289961
0.38692257605
0.384602405049
0.38341343918
0.388829912578
0.432064309876
0.392350471958
0.370590308554
0.389175512654
0.368957169722
0.369251850341
0.373483181263
0.357589522056
0.36826116725
0.364750401852
0.350731594756
0.357048890147
0.360427042475
0.345664455597
0.342617928164
0.34963497518
0.349418465912
0.347133594271
0.342329699633
0.343947688744
0.34865317548
0.371001596429
0.322722917423
0.361035109175
0.320165183435
0.341145274817
0.313581159045
0.330743506196
0.326726519598
0.308071845974
0.32492840953
0.318525313384
0.30220682757
0.313883372635
0.309443225931
0.298647928368
0.307461396824
0.301489553306
0.29557763953
0.302154105899
0.293503007257
0.295156329449
0.295394767642
0.289486891171
0.293083123307
0.288348179703
0.288610048628
0.288123890243
0.284805682293
0.286401506995
0.282519664975
0.283805303292
0.280759063239
0.281226185132
0.278886330358
0.278781139766
0.276796569924
0.27658693106
0.274434659625
0.274341733057
0.272211516372
0.271672629504
0.270424618704
0.268617119678
0.268008300049
0.266720887701
0.264803511802
0.263460352862
0.262547510877
0.261622937112
0.261021218457
0.26170943466
0.266609547222
0.277190639033
0.309339775157
0.251580347589
0.29710791422
0.251552163198
0.277383294305
0.247146229626
0.265841140031
0.26609234769
0.241763740887
0.261273309679
0.262693493686
0.240777392432
0.245678372914
0.255583685265
0.245429355841
0.235416760746
0.241851139841
0.245778761729
0.237524748956
0.233237931326
0.238913978129
0.2379154331
0.231576469701
0.233473618367
0.235650351459
0.231285071487
0.230082132935
0.23263599735
0.230090151444
0.228415534407
0.230202951116
0.228488132451
0.227114343186
0.228306026592
0.226629034003
0.226062496208
0.226512119332
0.224914564247
0.225062164377
0.224632853833
0.223574367795
0.223815448542
0.222705499143
0.222557384158
0.221963688226
0.221352259198
0.22104280703
0.220249474479
0.219970452866
0.219168699945
0.218795417267
0.218053750792
0.217515995036
0.216901971704
0.21613928732
0.21562541195
0.214787276184
0.214077688274
0.213426741843
0.212558812846
0.211689083782
0.210915953316
0.210130669113
0.209279814579
0.20842866374
0.207720336831
0.207780774312
0.210185251939
0.221248414676
0.206247918193
0.204514468273
0.214755450855
0.200159030468
0.212150283597
0.199503438831
0.206072528288
0.19967562631
0.201517491509
0.198247624441
0.198639581806
0.196719239515
0.196461979803
0.193726095802
0.195562376322
0.191279715749
0.194516384654
0.189300045309
0.19214698359
0.188555429855
0.18899604403
0.188596774454
0.186123872572
0.187573285403
0.185503168327
0.184312540969
0.185186883289
0.183463624302
0.181893022902
0.182258726794
0.181875049415
0.180122917376
0.178689177819
0.178002514011
0.177884514862
0.178906274116
0.181969929126
0.191217359558
0.173910613246
0.180297060269
0.185880026866
