1.71889769593
1.71882320842
1.71867793879
1.71846501686
1.71818704503
1.71784614076
1.71744397393
1.71698179966
1.71646048697
1.71588054368
1.71524213792
1.71454511654
1.71378902067
1.71297309875
1.71209631706
1.71115736818
1.71015467729
1.70908640661
1.70795045808
1.70674447426
1.70546583775
1.70411166901
1.70267882272
1.70116388281
1.69956315607
1.6978726645
1.69608813636
1.69420499603
1.69221835264
1.69012298755
1.6879133408
1.68558349642
1.68312716679
1.68053767617
1.67780794341
1.67493046402
1.67189729186
1.66870002056
1.66532976509
1.66177714381
1.65803226139
1.65408469337
1.64992347288
1.64553708059
1.64091343884
1.63603991134
1.63090331003
1.62548991102
1.6197854819
1.61377532306
1.60744432634
1.60077705452
1.59375784599
1.58637094939
1.57860069346
1.57043169794
1.56184913159
1.55283902344
1.54338863308
1.53348688495
1.52312486964
1.51229641269
1.5009987071
1.4892329997
1.47700531416
1.464327183
1.45121634944
1.43769738611
1.42380216377
1.40957009017
1.39504802969
1.38028981224
1.36535524777
1.35030858543
1.33521639609
1.32014491376
1.30515694315
1.29030851948
1.27564558146
1.26120097526
1.24699213303
1.23301975293
1.21926774814
1.20570463347
1.19228639476
1.1789607546
1.16567262282
1.15237041008
1.13901278792
1.12557539193
1.11205687731
1.0984836502
1.08491252956
1.0714305842
1.0581514998
1.04520812503
1.03274136331
1.02088628434
1.00975709818
0.999433240757
0.989949014391
0.981288842418
0.97338924478
0.966147343082
0.95943441183
0.953112054472
0.947048213545
0.941130454928
0.935274673263
0.929428341165
0.923568447429
0.917695153496
0.911822818162
0.905970342597
0.900152777744
0.894375860585
0.888634657316
0.882916817822
0.877210082789
0.871512633717
0.865843727907
0.86025110024
0.854811376747
0.849620913039
0.844777480377
0.840357596284
0.836398083866
0.832890618753
0.829792525563
0.827047672118
0.824604299529
0.822418890559
0.820447097534
0.818635103847
0.816925392953
0.815277015498
0.813684056888
0.812173755793
0.810781932228
0.809523791873
0.808382662898
0.807322557966
0.806309194193
0.805319808182
0.804337990241
0.803347265837
0.802336388878
0.801311264677
0.800295311125
0.799311093036
0.79836093631
0.797428820354
0.796498223901
0.795560113696
0.7946074169
0.793637914676
0.792664516676
0.791706332446
0.790768021327
0.789842938658
0.788930869803
0.788036817899
0.787166013248
0.7863309777
0.785541353603
0.784789042806
0.784062579153
0.783354832555
0.782660166821
0.781980844282
0.781313680982
0.780650717303
0.779990853609
0.77933573437
0.778692658513
0.778060597013
0.777435414147
0.776813725242
0.776196300476
0.775580829856
0.77496186485
0.774334783527
0.773699938637
0.773054534568
0.772394462302
0.771718050131
0.771025986208
0.770316921195
0.769588719255
0.768840811582
0.768070080021
0.767272437486
0.766446967787
0.765592657862
0.764708902936
0.763796502381
0.762853755739
0.761882809705
0.760922194532
0.760452586864
0.767283631612
0.865435870822
0.942152182043
0.81656082451
0.898168528769
0.962250335876
0.875480191857
0.80219186252
0.888397322738
0.919003720807
0.819982882354
0.806870768052
0.88207358462
0.881004004893
0.805387209014
0.787805999414
0.835280835915
0.851930591516
0.812559138817
0.7773151666
0.790624968608
0.812753107751
0.796999440341
0.758215655995
0.765223914723
0.788559889936
0.763615629174
0.754596260215
0.774667490503
0.757362410289
0.748811867093
0.765386608125
0.756033857785
0.750939336912
0.759504303424
0.749118844914
0.748661556651
0.753949468102
0.745379964116
0.750085083335
0.745476963514
0.74437883702
0.74739058298
0.742958708214
0.745493846214
0.742438055159
0.743337759873
0.74325176418
0.741706980687
0.741792440961
0.740113018532
0.741124828671
0.73925517585
0.739747170577
0.738366412521
0.73901059508
0.737828757033
0.737512105174
0.737157958952
0.736344709876
0.736288767386
0.735250953363
0.735018431156
0.734798194383
0.733899666328
0.733250341471
0.732892462338
0.732625026218
0.732375732886
0.732388791695
0.733265557138
0.735077690899
0.739363537058
0.746797021785
0.760754265773
0.766739689153
0.762860541066
0.744544671921
0.737842740144
0.743904673152
0.781145928068
0.734893964423
0.73749342832
0.767334380317
0.723901029783
0.776163148282
0.728870251574
0.758191468308
0.771286446325
0.721430133919
0.760131827476
0.769012257712
0.721126243395
0.737958119486
0.756043390061
0.721424525055
0.728990130719
0.744375696037
0.717158126581
0.726025439395
0.734175070577
0.714775803045
0.723888592541
0.725311523972
0.712191249889
0.723344574671
0.716723708362
0.713923998624
0.719699238181
0.710939536457
0.716882393357
0.712705237748
0.712402591406
0.713542054023
0.70994630657
0.712941160588
0.708816225336
0.711737163355
0.708347865131
0.710399362362
0.707807545067
0.709325727844
0.707110878016
0.70835619284
0.706343389578
0.707493006621
0.705601693292
0.706441274538
0.70503102283
0.705143663136
0.704624997483
0.703809114605
0.704068885306
0.702978239372
0.702730653499
0.702648598567
0.701728197605
0.701105709519
0.7009930513
0.700854288269
0.700570168353
0.700536939687
0.701666757469
0.705985709075
0.717332386731
0.74462657677
0.768300894486
0.76887372052
0.709695888677
0.704812475801
0.776363273407
0.7329149027
0.707118581874
0.732054202042
0.721462635617
0.712285003469
0.702196270354
0.707609259271
0.694659699657
0.698964094339
0.702381800418
0.735328520668
0.696097082861
0.721434224411
0.734407806317
0.689583820639
0.696739033608
0.719202547289
0.691661242556
0.683581653396
0.707379469769
0.738179841819
0.686425954776
0.72481069987
0.685136380072
0.717406299554
0.71149935553
0.68939860881
0.710999843925
0.680593625758
0.706305892292
0.686503432638
0.689283784362
0.689675779682
0.683084487813
0.687610880032
0.677944180517
0.68544345706
0.675939887318
0.681863186482
0.674745275887
0.678368387263
0.675050513796
0.673862123606
0.676257251287
0.670952139373
0.675869201076
0.670426566422
0.671760459747
0.671896134061
0.66871473946
0.671120205995
0.668976633471
0.667236400008
0.668894583476
0.667923287911
0.665617832832
0.665826394821
0.666840211078
0.666192696798
0.664734178479
0.663243574745
0.66247364511
0.661751395321
0.66122723726
0.660800367694
0.661937477938
0.673716046127
0.751636098567
0.703343657985
0.6691848036
0.701316503989
0.666554294974
0.681320591475
0.686338372883
0.661925393954
0.690364730283
0.653772522097
0.687004522166
0.660253655562
0.672349207542
0.664682210792
0.662661169867
0.666795738225
0.652949276425
0.664730019235
0.653191510047
0.659040668095
0.651466643117
0.656929822785
0.650329001929
0.652517439732
0.651744687639
0.648532711507
0.651821553994
0.647029720157
0.650099593032
0.647450050656
0.645916202132
0.648490016696
