1.71652010563
1.71647640007
1.71639116787
1.71626625449
1.71610319975
1.71590326249
1.71566744231
1.71539649877
1.71509096818
1.7147511783
1.7143772611
1.71396916371
1.71352665784
1.71304934767
1.71253667634
1.71198793128
1.71140224829
1.7107786146
1.71011587078
1.70941271187
1.70866768742
1.70787920071
1.70704550719
1.70616471195
1.7052347665
1.70425346466
1.70321843775
1.70212714884
1.70097688631
1.6997647565
1.69848767556
1.69714236039
1.69572531864
1.69423283787
1.69266097356
1.69100553619
1.68926207718
1.68742587365
1.68549191198
1.68345487005
1.68130909812
1.67904859824
1.67666700211
1.67415754741
1.67151305232
1.66872588837
1.66578795141
1.66269063072
1.65942477625
1.6559806639
1.65234795907
1.64851567836
1.64447214988
1.64020497222
1.63570097281
1.63094616601
1.62592571213
1.62062387836
1.61502400333
1.60910846747
1.60285867193
1.59625502971
1.5892769737
1.5819029877
1.57411066791
1.56587682461
1.5571776359
1.54798886826
1.53828618194
1.52804554285
1.51724376634
1.50585922235
1.49387273462
1.48126870858
1.46803652236
1.45417221016
1.43968045585
1.42457689323
1.40889067433
1.39266721474
1.37597095314
1.35888786938
1.34152739917
1.32402327586
1.30653274779
1.28923360047
1.27231850268
1.25598643602
1.24043137431
1.22582892157
1.21232219475
1.20000869557
1.18893008589
1.17906654746
1.1703367808
1.16260382437
1.15568599411
1.14937158593
1.14343568345
1.13765746539
1.13183669312
1.12580841012
1.11945514589
1.11271599016
1.10559177493
1.0981453533
1.09049577854
1.08280533245
1.07525911409
1.06803843111
1.06129137116
1.05510604629
1.04949312086
1.0443834216
1.03964336618
1.03510627087
1.03061273654
1.02604988895
1.02137848204
1.01663929517
1.01193570137
1.00739676213
1.00313263859
0.999198431538
0.99558088969
0.992214039575
0.989017459824
0.985940023465
0.98298782331
0.98022059892
0.97771560537
0.975516403246
0.973596683215
0.971864842963
0.970210486086
0.968562787551
0.966917967618
0.965314867295
0.96378074533
0.962296692059
0.960814839782
0.959309779818
0.957811054769
0.956380086258
0.955052107003
0.953804212489
0.952584375098
0.951364823682
0.950153110167
0.948951541556
0.947728426882
0.946447575972
0.945113307071
0.943759864659
0.942400447896
0.941019746923
0.939617821708
0.938217117037
0.936819776416
0.935408832481
0.933991893511
0.932588032305
0.931189502276
0.929789277813
0.928399977732
0.927017803516
0.925635154603
0.924263618207
0.922898164018
0.921527966394
0.920154729134
0.918767899587
0.91737062665
0.915969968666
0.914562810105
0.913152360801
0.911728291911
0.910290935585
0.908837108985
0.907369539167
0.905886427525
0.904388445628
0.902873016834
0.901340478992
0.89978615627
0.898210964329
0.896615068349
0.894999758834
0.893365285263
0.891710370486
0.890035493845
0.888339786818
0.886620077293
0.884874250312
0.883101479627
0.881300986698
0.879474383826
0.877637515172
0.875925427721
0.875467455839
0.887394786236
0.992469782245
1.03291842717
0.996935323311
1.01147747007
0.93777926638
1.03542306691
1.07943319788
0.894412702214
0.995012818379
1.11056989853
0.994747842674
0.863373340677
0.944295108854
1.04067160192
1.07159494122
1.03465234184
0.953175438574
0.887223191415
0.897661206872
0.951599739573
0.987797204895
0.973286396873
0.915222491478
0.861044103919
0.8579373282
0.891715531435
0.91469235231
0.904946028813
0.873939258854
0.855709972774
0.868123487731
0.884579666986
0.877158727877
0.855341843292
0.848308773244
0.859614424859
0.867928837452
0.862141820773
0.851371813566
0.850295690352
0.856214618202
0.854958466615
0.846742084369
0.845180834552
0.850347667353
0.850439516715
0.845325714131
0.844208742817
0.846359664443
0.844332153416
0.841366122988
0.842791012535
0.843694548013
0.841202919378
0.840032318988
0.840810888117
0.839455594426
0.838247384525
0.839070011951
0.83822912767
0.83681225294
0.837036598116
0.836224797002
0.835424362091
0.835583947803
0.834537455441
0.833918099974
0.833679359156
0.832758300257
0.832594672254
0.83170460432
0.831188848177
0.830584307144
0.829935379664
0.829324703961
0.828535965323
0.827906850797
0.827165775628
0.826348705634
0.825620116134
0.824688106924
0.823923127588
0.822943655829
0.821964556326
0.821050910247
0.819982245751
0.818831195569
0.817675192606
0.816519524979
0.81535377596
0.814223377581
0.813546606251
0.815205625919
0.827791085908
0.874292008178
0.839182989656
0.807492415703
0.852767851275
0.807683957475
0.82464788642
0.818462003591
0.798805682957
0.818492519338
0.80044170455
0.796938267844
0.810837925604
0.79831393174
0.789398754325
0.794754360614
0.798949578017
0.794838869076
0.786581190445
0.782207833193
0.78047196223
0.780853381851
0.786346580829
0.804298883773
0.862808133093
0.774131861603
0.851134124176
0.773849958071
0.81885926613
0.7698299767
0.804068747177
0.799930234905
0.765835952441
0.80057407854
0.790811279012
0.759692640657
0.783893079069
0.778319775853
0.757433998997
0.777164511839
0.766146614141
0.756760246351
0.770505060235
0.754766535265
0.760181959861
0.760877458775
0.750987136702
0.759724140417
0.750730229126
0.753606919217
0.752806447129
0.748479019244
0.752111565823
0.746070732562
0.749844809208
0.744831477519
0.74744654188
0.743617220329
0.7452024364
0.742327380236
0.743284171921
0.74063023994
0.741550124243
0.738888151688
0.739846225506
0.737170148222
0.737786519614
0.735678568244
0.735418144351
0.734621589599
0.732864665626
0.73284932544
0.73169006843
0.729957995457
0.72932323117
0.728955912381
0.72801642518
0.726925055726
0.726075058108
0.726788539297
0.730825545946
0.746492419098
0.774242667971
0.844560790925
0.730775114131
0.900823782973
0.722311736756
0.858611077971
0.843532736921
0.723562228
0.849158462313
0.755722190016
0.7442966883
0.806534168832
0.756115467121
0.710239817143
0.772405626079
0.773700383077
0.711981218209
0.722062873059
0.757032930558
0.752282970512
0.71570176958
0.70478991819
0.730422908787
0.732632015151
0.706897594584
0.703656162592
0.719962043968
0.717026953164
0.70061679693
0.704098661031
0.713464347493
0.703749201167
0.698026994288
0.705872707162
0.704144939929
0.696344441435
0.70056255555
0.70168400122
0.695369176784
0.697575890138
0.698979464516
0.694362138349
0.695451143568
0.696555774805
0.692979546081
0.694008573827
0.694296356038
0.69166597399
0.692689412315
0.692149111566
0.690490737541
0.691442603702
0.690026649425
0.689631080058
0.689677632124
0.688331645229
0.688668107276
0.68757459841
0.687357824579
0.686794993768
0.686149929657
0.685809872934
0.685028028728
0.684659487691
0.683919596433
0.683377203403
0.682771081314
0.681970923284
0.681501887284
0.680574279542
0.67991617415
0.679232972917
0.678260809303
0.677406368788
0.676651539024
0.675786994164
0.674814890114
0.673812266571
0.672922668445
0.672586326645
0.675474188679
0.691886583599
0.769088356466
0.673220910367
0.71237354596
0.687237859655
0.682430557528
0.704925703345
0.662446379202
0.68901058621
0.65910087969
0.684239549233
0.656686049655
0.675385840273
0.655011045423
0.670285691229
0.654836679282
0.661232580874
0.656532452495
0.651754092004
0.658193669795
0.647986669489
0.653129326392
0.652044346644
0.644862933135
0.649416379366
0.649289620481
0.642520088201
0.641884210163
0.645913331568
0.646515501714
0.643007835589
0.638574969483
0.635913521467
0.634281635752
0.633306435496
0.634514102074
0.646612117289
0.699739070239
0.67376334401
0.626541784715
0.670568162251
0.637093889226
0.636761486336
