1.51237255071
1.51234480789
1.51229070849
1.5122114299
1.51210795806
1.51198110294
1.5118315123
1.51165968384
1.51146597589
1.51125061694
1.51101371379
1.5107552588
1.51047513608
1.5101731268
1.50984891373
1.50950208496
1.50913213699
1.50873847717
1.50832042557
1.50787721625
1.50740799812
1.50691183524
1.50638770669
1.50583450609
1.50525104061
1.5046360297
1.50398810341
1.50330580035
1.50258756535
1.50183174681
1.50103659365
1.50020025205
1.49932076184
1.49839605264
1.49742393968
1.49640211935
1.49532816454
1.49419951968
1.49301349554
1.49176726385
1.49045785169
1.48908213568
1.48763683611
1.48611851084
1.4845235492
1.48284816589
1.4810883949
1.47924008353
1.47729888674
1.47526026168
1.47311946286
1.47087153785
1.46851132383
1.46603344525
1.46343231276
1.46070212386
1.45783686551
1.45483031934
1.45167606969
1.4483675154
1.44489788584
1.44126026207
1.43744760402
1.43345278487
1.4292686337
1.42488798792
1.42030375701
1.41550899921
1.41049701328
1.40526144717
1.39979642601
1.39409670162
1.38815782604
1.38197635114
1.37555005662
1.36887820777
1.36196184417
1.35480409892
1.34741054692
1.3397895783
1.33195279064
1.32391538964
1.31569658429
1.30731995659
1.29881378073
1.29021125998
1.28155064343
1.27287517914
1.26423285666
1.25567589093
1.24725990325
1.23904276434
1.23108308062
1.22343832849
1.21616267171
1.20930453292
1.20290402821
1.19699041033
1.19157969572
1.18667266954
1.18225346612
1.17828890803
1.17472875425
1.17150695843
1.16854397543
1.16575008283
1.1630296096
1.16028589092
1.15742669937
1.15436983942
1.15104853298
1.14741616765
1.14344992845
1.13915279848
1.13455341539
1.12970334677
1.12467154353
1.11953608989
1.11437390466
1.10924971009
1.10420622966
1.09925796824
1.09439078668
1.08956858874
1.08474676626
1.07988987528
1.07498894015
1.07007263866
1.06520726112
1.06048328667
1.05599138163
1.05179603509
1.04791815294
1.04433593023
1.04100540411
1.03789112555
1.0349895467
1.03232936695
1.02994608961
1.02784622032
1.02598692398
1.02428845795
1.0226718431
1.02109201134
1.01953866904
1.01800606302
1.01646421159
1.01486461282
1.01317646989
1.01141215478
1.00960961006
1.00779121848
1.00595019368
1.00407901088
1.00219401755
1.00031593886
0.998436941419
0.996530407507
0.994589238541
0.992628328217
0.990652864746
0.988658395312
0.986660674077
0.984686528684
0.982740210674
0.980815441423
0.978916509886
0.977034947893
0.975148775474
0.973253644283
0.971349274445
0.969431900803
0.967515759073
0.965610467678
0.963717377021
0.961841762277
0.959972389881
0.958100448567
0.956216782533
0.954313435925
0.952392353001
0.950451729361
0.948494943388
0.946516083395
0.944511833277
0.942474565123
0.940402682315
0.938292110686
0.93613826145
0.933935122734
0.93167691349
0.929362456039
0.926989387262
0.924550632854
0.922035712296
0.919435442954
0.916743845135
0.913955613928
0.911062866731
0.908055981848
0.904933857956
0.901743600741
0.898906541056
0.900440470713
0.939901065553
0.964205662854
0.918828247442
0.886993933969
0.877229191998
0.882405634438
0.911095171775
0.978041893887
0.868434985538
0.913024171745
0.86413873741
0.888579652761
0.866706643805
0.864193614893
0.875752104297
0.845759481518
0.869938444502
0.846833486426
0.846894243658
0.855297598267
0.834874894045
0.843563918888
0.843210072158
0.828539318309
0.83170549132
0.836370676538
0.825809835394
0.819385656976
0.82250327462
0.826463560137
0.82333925463
0.817066996633
0.812649467423
0.811175064076
0.816897776753
0.843873834632
0.926483051548
0.801865095211
0.852869456913
0.805524791439
0.819782698189
0.815759938696
0.79053852038
0.822574858273
0.791591431106
0.811267112142
0.787571725209
0.804441272861
0.781641161938
0.800961380531
0.773995120289
0.796689404863
0.768932328933
0.789106681616
0.769120401222
0.774557985342
0.774066538754
0.761475630615
0.772013184798
0.763011122983
0.757395628274
0.76474049179
0.759670825213
0.75155897939
0.752189006862
0.755672967848
0.753326303993
0.747823424502
0.743540817476
0.740664113958
0.738424230414
0.736395711908
0.734945215489
0.737934132815
0.772490403918
0.775322758607
0.742317632737
0.72330684423
0.727324455359
0.749369040601
0.778725081357
0.797728856166
0.772756216355
0.757486370294
0.765273788375
0.808398495166
0.705401400682
0.769591265616
0.705815658662
0.74218835204
0.697855417453
0.729999114939
0.7188251807
0.696463378022
0.722326104213
0.694121651344
0.704723665398
0.703429622054
0.68932899071
0.70316808598
0.684315719905
0.697237317091
0.684007186168
0.690409313259
0.683954179649
0.685202679041
0.682321624911
0.681688116015
0.678945687527
0.680041716809
0.675063993301
0.678476925457
0.671717278039
0.675968582237
0.669782083309
0.671347314562
0.669470693256
0.666212958146
0.66806744442
0.664511981448
0.662728195857
0.663742580297
0.661203285863
0.658306244636
0.657811221116
0.658209589327
0.657476454325
0.656059493311
0.655604749005
0.658914108093
0.672226919046
0.706555433076
0.650338224353
0.660165020892
0.687602515092
0.645588154126
0.68671513521
0.662814182537
0.658167234804
0.664121052396
0.642878561934
0.658711816049
0.634580402137
0.650693598746
0.631233588565
0.641865429448
0.629514605062
0.63295158755
0.629640941283
0.624442291583
0.630999882713
0.618457495637
0.626910486449
0.618840074567
0.61727048131
0.621929288438
0.613454352003
0.613314912357
0.617309494307
0.611819167127
0.607081277094
0.608400132888
0.61058680405
0.608483535686
0.604481114498
0.601354906438
0.599255073533
0.597972305299
0.598733076882
0.608000753691
0.650670063737
0.61490421029
0.588950766352
0.616045073312
0.589455171084
0.59688726117
0.598198017835
0.581599505812
0.59691185345
0.583291601903
0.579786009273
0.59019175547
0.57941632193
0.573137066538
0.58036685859
0.581803388937
0.572600460893
0.567151215448
0.569090954021
0.574510917957
0.577537425171
0.575690216087
0.573635644442
0.577989672942
0.590496759446
0.61830565695
0.554834988067
0.59318550729
0.55385004774
0.577832861727
0.549495482404
0.56831236388
0.550992597732
0.558721875084
0.552006622786
0.551810644297
0.549057173626
0.549111541427
0.545202905913
0.547626069069
0.540694147991
0.546542235912
0.536914566035
0.544306199017
0.53522958615
0.539025079509
0.536117998265
0.532727701145
0.536332941169
0.531048190297
0.53038535411
0.532671099988
0.528655566104
0.526182701178
0.527717783911
0.527806851707
0.524520675979
0.521792650129
0.521052539723
0.521955119605
0.52442730996
0.528927899552
0.535090011901
0.543686623986
0.550492149931
0.556414738666
0.553611891019
0.564566377413
0.580203069594
0.603403905181
0.600115228274
0.62101771216
0.62269786213
0.62400759593
0.591747462268
0.602101924503
0.621294571741
0.656071961321
0.50576286006
