2.31240934641
2.30943688985
2.30355203842
2.29471029783
2.28276553093
2.26746753323
2.24845497308
2.2252445154
2.19721744095
2.16360616876
2.12348511056
2.07577365702
2.01926423547
1.95269551034
1.87489963267
1.78506160918
1.68313327864
1.57042594455
1.45031843091
1.32880379748
1.21430903178
1.11620088666
1.04212006401
0.995469587304
0.974593134427
0.973928334339
0.986198954748
1.00456515846
1.02389078612
1.04098265476
1.05420556861
1.06294295109
1.0671559669
1.06710458896
1.06301291345
1.05523749839
1.04429287469
1.03090388278
1.01605183555
1.00097051114
0.987045244879
0.975591511423
0.967546232407
0.963173224255
0.961914220361
0.96247457187
0.963237634756
0.96269743919
0.959708126007
0.953891166049
0.945797165975
0.936783959643
0.928553787713
0.922455619646
0.918879317363
0.917121238506
0.915830223129
0.91375862292
0.910399102094
0.906207825263
0.902281330843
0.899554017554
0.897968860989
0.896397193764
0.89363378784
0.889605615378
0.885436706076
0.882214283318
0.87989595875
0.877591264159
0.874723342104
0.871664611449
0.869148128423
0.867179842898
0.86498526044
0.862219679578
0.859510016522
0.857340822067
0.855289362221
0.85297073134
0.850803115941
0.849050652539
0.847171384525
0.845037814911
0.843145834999
0.84134666734
0.839375852358
0.837601335526
0.835953065139
0.834111771689
0.832347208044
0.830546604366
0.828593832689
0.826758703693
0.82482609365
0.822898428171
0.820967006134
0.818948197839
0.816996061378
0.814980592497
0.813042789838
0.811039930008
0.80908432737
0.807077933009
0.805114188813
0.803108568114
0.801087935939
0.799054465023
0.796985672915
0.794918900034
0.792818907661
0.790684296322
0.788549651221
0.786412563449
0.784260126742
0.782095519237
0.779918572087
0.777754813361
0.775732062172
0.77466152263
0.779623899557
0.823572893545
0.776374698723
0.768436723881
0.797244572327
0.792772420797
0.799333898994
0.769163301403
0.757755841318
0.753088301401
0.752241323246
0.756195191458
0.782789405812
0.913049679127
0.787915049657
1.06332560474
0.766740795742
0.935451045937
0.998127408401
0.886943510066
0.754578066768
0.92552895766
0.921692459852
0.748858135576
0.823668698281
0.921636576046
0.947384001905
0.899127640982
0.797058199064
0.736416094964
0.808121761048
0.891633522203
0.899668844129
0.831236668289
0.754053954652
0.73751472559
0.772181109045
0.814117597017
0.844065836564
0.854685491608
0.845677006098
0.819592708254
0.783211880018
0.748847305335
0.731589799876
0.738742191318
0.760428848762
0.776974843357
0.775653925916
0.758162802605
0.738248444325
0.729538532706
0.734317663768
0.744391064739
0.750473553496
0.748445331816
0.739875754933
0.730885355869
0.727936154403
0.731960054827
0.737059186943
0.737102706474
0.732165021382
0.72729128155
0.726671314559
0.729286115273
0.731097298317
0.729834153269
0.726706065495
0.724895925068
0.725774210456
0.727180834833
0.726605874548
0.724533248727
0.723460837627
0.724069650968
0.724574760995
0.723719824302
0.722374267831
0.722057255502
0.72246109718
0.722136870577
0.721104728536
0.720647027134
0.720782421839
0.720446865604
0.719636364791
0.719282620125
0.719234126784
0.718689407865
0.718090596699
0.717918863628
0.717529596971
0.716915967885
0.716631514059
0.716223622302
0.715638093171
0.715305722923
0.714793444865
0.71425926497
0.71384948667
0.713239074726
0.712769792885
0.712180047816
0.71161268789
0.71102382629
0.710386491869
0.709759139107
0.709071222365
0.70837847562
0.707649601808
0.706871677417
0.706098885635
0.70523756319
0.704380928048
0.703473786737
0.7024975588
0.70150093025
0.700466351389
0.699367260582
0.698204895253
0.696987736561
0.695719959855
0.694425377237
0.693254603118
0.693332877047
0.701246977264
0.76015226567
0.698052253474
0.693300836336
0.741435640789
0.683243201228
0.749929216658
0.680367927941
0.723200009632
0.696957917683
0.691060895091
0.701934275339
0.677866501399
0.698582508925
0.672071197883
0.693828929956
0.669466101546
0.685213710007
0.670084518326
0.681043053081
0.666047683889
0.676485125938
0.664443197642
0.674058489359
0.662494892018
0.668025524334
0.662139275978
0.661721698672
0.663762638211
0.657238489835
0.661453274582
0.658817851344
0.654315857479
0.657999123981
0.65703366932
0.651099449437
0.650564421199
0.654189061355
0.654274630919
0.651656840254
0.647483940576
0.645570733694
0.645331916617
0.652723930742
0.67823659609
0.786802291584
0.660931247642
0.917864874062
0.641069352955
0.79978900493
0.788051990226
0.637024763647
0.807304521056
0.689121572347
0.679897718376
0.757214646185
0.706196274226
0.628769307476
0.712378770222
0.729126008733
0.635562264131
0.652479080674
0.700648565187
0.697931150378
0.649030834121
0.624706873656
0.661998771
0.68775766712
0.658913998785
0.624115129238
0.632110103458
0.655253862673
0.655982083349
0.634290944005
0.619483427826
0.631586207457
0.642204237887
0.629081947566
0.617546921342
0.62533578589
0.63176377266
0.62394868468
0.615928894674
0.621330724112
0.624604331918
0.617187765074
0.615037517305
0.619655841959
0.618191252714
0.613275562409
0.615194749148
0.616543209146
0.612546896066
0.612599235511
0.614299030507
0.611750998495
0.61072930556
0.612169072391
0.610265862512
0.609523400301
0.610312107883
0.608649991778
0.60840195628
0.608494174113
0.607062822417
0.607313787436
0.606568131469
0.605824684703
0.605818063411
0.604726316951
0.604702855362
0.603755621529
0.603505465602
0.602682938312
0.602302578688
0.601483755056
0.601070449545
0.600170362912
0.59971141775
0.59882903765
0.598137852745
0.597455119144
0.596494188769
0.595702242572
