-1.0, -0.522574911569
1.0, 0.237671046035
-1.0, -0.917386335813
-1.0, -0.664412815484
-1.0, -0.664843840702
1.0, 0.0407924217153
1.0, 0.494193113508
1.0, 0.535177999145
1.0, 0.668363296734
1.0, 0.740846705836
1.0, 0.477827858812
-1.0, 0.403267664834
-1.0, -0.205223924906
-1.0, -0.499970217141
-1.0, -0.535628273499
1.0, 0.746501418798
-1.0, -0.330071040522
-1.0, -0.222504233079
1.0, 0.612409414593
-1.0, -0.38642060004
1.0, 0.0997625825558
-1.0, -0.493085421292
-1.0, -0.525385783103
-1.0, -0.690456974984
-1.0, -0.595205245097
-1.0, -0.676304673068
-1.0, -0.709887475679
-1.0, -0.980840481621
1.0, -0.793505299497
-1.0, -0.222986068902
-1.0, -0.548515043675
-1.0, -0.751686156085
-1.0, -0.819526566996
1.0, 0.775177157143
1.0, 0.809034274955
1.0, 0.724199299673
1.0, 0.503392264565
1.0, 0.247798291418
1.0, 0.722176012473
1.0, 0.61034502434
1.0, 0.459163642957
-1.0, 0.606283813677
-1.0, -0.308937682977
-1.0, -0.509864804839
-1.0, -0.628392376514
-1.0, -0.670989233631
1.0, -0.186984365746
-1.0, -0.380548636696
-1.0, -0.0147616596944
-1.0, -0.188319360947
-1.0, -0.413292025277
1.0, -0.190061968449
1.0, -0.465521460648
-1.0, -0.594246565236
-1.0, -0.873973673586
-1.0, -0.678966522309
-1.0, -0.554370848178
-1.0, -0.990189204986
-1.0, -0.983233634635
1.0, 0.794685743632
1.0, 0.752437094249
1.0, 0.721152722381
-1.0, 0.714791307883
1.0, 0.403697936488
1.0, 0.345930026873
1.0, 0.388926691321
-1.0, -0.707623437263
1.0, -0.522710841411
-1.0, -0.0327336603481
-1.0, -0.28060647694
1.0, -0.396679935831
-1.0, -0.600818578654
1.0, 0.289142701533
1.0, -0.476098754927
1.0, 0.137054612812
-1.0, -0.728241357831
-1.0, -0.644445678858
-1.0, -0.706055827655
-1.0, -0.538668658981
-1.0, -0.514088031885
-1.0, -0.864301806332
-1.0, -0.854585677761
-1.0, -0.668242065387
-1.0, -0.860934620492
-1.0, -0.833287847812
-1.0, -0.458234107173
-1.0, -0.453188372884
1.0, 0.215207994801
-1.0, 0.139082964867
1.0, 0.506425228531
1.0, 0.111169539484
1.0, 0.234835058757
-1.0, 0.115130188176
-1.0, -0.391583810864
-1.0, -0.399946914138
1.0, 0.768763305383
1.0, 0.253702482653
-1.0, 0.0490195478704
-1.0, 0.260836829294
-1.0, -0.868841809061
-1.0, -0.249251453755
1.0, 0.472731966045
-1.0, -0.773623348922
-1.0, -0.884051136468
-1.0, -0.275811814321
-1.0, -0.473995050221
-1.0, -0.0514738343279
-1.0, -0.739064745691
-1.0, -0.684751815081
1.0, 0.131905926015
-1.0, -0.913618388757
1.0, -0.0382382645872
-1.0, 0.562081406055
-1.0, 0.278887685549
-1.0, -0.604816034531
1.0, 0.82063432221
1.0, 0.185387496048
-1.0, 0.0118587365236
1.0, 0.875183205273
1.0, 0.473001130661
1.0, 0.790432705197
1.0, -0.151721418595
1.0, 0.807894595091
1.0, 0.352973034121
1.0, -0.365978673828
-1.0, -0.379377716918
-1.0, -0.516612702396
1.0, -0.392316032114
-1.0, -0.37828784843
-1.0, -0.36857930025
1.0, 0.201863144555
-1.0, -0.392021568771
-1.0, -0.170850951161
-1.0, -0.738002241323
-1.0, 0.18057879437
1.0, 0.184655822564
-1.0, -0.521586139579
1.0, 0.43606599447
-1.0, -0.763224490735
1.0, 0.725845818826
1.0, 0.453514904872
1.0, 0.398459708623
1.0, 0.48099533084
1.0, 0.341727662564
1.0, 0.107338340883
1.0, 0.326348838182
-1.0, -0.138704215447
1.0, -0.351436391901
1.0, 0.229259646461
-1.0, -0.246781994568
1.0, 0.550276631395
1.0, -0.387636302204
1.0, -0.737656578211
1.0, -0.466428514976
-1.0, -0.860877276504
1.0, 0.0512932118286
-1.0, -0.174228641405
-1.0, -0.574864943196
-1.0, -0.314003310994
1.0, 0.0631894319388
-1.0, -0.543377315655
-1.0, -0.0770714020549
-1.0, -0.859739221494
-1.0, -0.34551258486
1.0, 0.48892320746
1.0, 0.545582421796
1.0, 0.901033236437
1.0, 0.675633576599
1.0, 0.281124077769
-1.0, -0.112347645762
-1.0, -0.143295629227
1.0, 0.23328177159
1.0, -0.155680311669
1.0, 0.0844896532199
-1.0, -0.678319339805
-1.0, -0.452218083906
-1.0, -0.410543531422
1.0, 0.248269262066
1.0, 0.755605907411
-1.0, -0.458515937812
-1.0, -0.693190187393
1.0, -0.994076378925
1.0, 0.590957430792
-1.0, 0.482766769621
1.0, -0.148445842958
1.0, 0.149406070445
1.0, 0.767013540738
-1.0, -0.553042201863
1.0, -0.212837863054
1.0, 0.105938465866
-1.0, -0.381681780385
-1.0, -0.558326044632
1.0, -0.268762283082
1.0, 0.808746973704
1.0, 0.279703477895
-1.0, -0.321024509329
1.0, 0.52858850516
-1.0, -0.566893794122
-1.0, -0.940161747256
-1.0, -0.908619216617
1.0, -0.554503480693
-1.0, -0.472197177852
1.0, 0.502799346581
1.0, -0.170358983832
-1.0, -0.487914039526
1.0, 0.0184470816363
-1.0, -0.946590160183
-1.0, -0.948731658099
1.0, 0.709793818124
1.0, 0.779172703759
1.0, 0.662034178981
1.0, 0.819589823323
-1.0, 0.740950174598
-1.0, -0.124285228199
1.0, 0.586274009573
-1.0, -0.264624129656
-1.0, -0.745379096339
-1.0, -0.150995115445
1.0, -0.292333382929
1.0, 0.536148558211
1.0, 0.383966421707
-1.0, -0.176088816987
-1.0, -0.543694470707
-1.0, -0.801680610174
-1.0, -0.419731542155
-1.0, -0.751939746895
-1.0, -0.829755389342
-1.0, -0.89823896654
-1.0, -0.719170051159
-1.0, -0.948157141549
1.0, -0.918551154044
1.0, -0.0501024108504
1.0, 0.751494241039
-1.0, 0.765582112225
1.0, -0.0258531302408
-1.0, 0.505455268622
-1.0, -0.648170240644
-1.0, -0.468845918325
1.0, 0.47219694974
-1.0, -0.294174944784
1.0, -0.398403418012
-1.0, 0.0877520627699
-1.0, -0.582779025117
1.0, 0.38982350595
1.0, -0.078917592054
-1.0, 0.418539621993
1.0, 0.14996864588
-1.0, -0.297328677495
-1.0, -0.726417852399
-1.0, -0.658345550421
-1.0, -0.417963973063
-1.0, -0.324921301414
-1.0, -0.916401523342
-1.0, -0.996185378788
-1.0, -0.655572214161
-1.0, -0.963143292774
1.0, 0.889320275473
-1.0, -0.213744720321
-1.0, -0.778342558656
1.0, 0.887103123571
-1.0, 0.0660936949651
1.0, -0.947628771959
-1.0, -0.645067299426
-1.0, -0.942916327596
-1.0, -0.775297638013
1.0, -0.0239414742915
-1.0, -0.879241807383
-1.0, -0.724135051612
-1.0, -0.651640935471
-1.0, -0.501853297435
-1.0, -0.896975896024
1.0, -0.985434930531
-1.0, -0.606557758081
-1.0, -0.733259766223
1.0, -0.814671226281
-1.0, -0.626904566029
-1.0, -0.754189064192
-1.0, -0.794191299772
1.0, -0.422705414511
-1.0, -0.564675638706
1.0, 0.0197004480499
-1.0, -0.27978981943
1.0, 0.833940560351
-1.0, -0.0131653370916
1.0, 0.0845824765982
-1.0, -0.260418612489
1.0, 0.854832328032
-1.0, -0.374047216746
1.0, 0.253724546843
1.0, 0.0206542918977
1.0, 0.979428998915
1.0, 0.504589605572
-1.0, 0.661468594877
-1.0, 0.470053895365
-1.0, -0.340976567556
1.0, 0.0956865220854
-1.0, -0.350757835864
1.0, -0.45010852448
1.0, 0.411533132474
1.0, 0.621381988242
1.0, 0.229714453222
1.0, 0.395973526051
1.0, -0.126916783075
-1.0, -0.426827623546
-1.0, -0.487358700018
-1.0, -0.951066308091
-1.0, -0.659890827416
-1.0, -0.876236227426
1.0, 0.378691508211
1.0, 0.724671594481
1.0, 0.70762515052
1.0, 0.610685775474
1.0, 0.318671062339
1.0, 0.642669258231
1.0, 0.564440756116
1.0, 0.773810821643
-1.0, 0.596403795773
-1.0, -0.595785014016
-1.0, -0.342319472852
-1.0, -0.500509347482
1.0, -0.0157223119742
1.0, 0.0564264176895
1.0, 0.540597772896
-1.0, -0.122868992163
1.0, -0.00589161735562
-1.0, -0.192328820987
-1.0, -0.823182066744
1.0, -0.345663058377
1.0, -0.451276509582
1.0, 0.402523341369
1.0, 0.476756249901
-1.0, -0.588323817402
-1.0, -0.428719915166
-1.0, -0.67741810677
1.0, 0.395671732107
-1.0, -0.676534163768
1.0, 0.608896926775
1.0, 0.781120304403
1.0, 0.285360468838
-1.0, -0.577211695659
1.0, 0.800357922478
1.0, 0.772944541683
1.0, 0.777197328335
-1.0, -0.540917439982
1.0, 0.688110758772
1.0, -0.0752467589563
-1.0, -0.367037373979
-1.0, -0.468184339248
-1.0, -0.715550154827
-1.0, -0.608964933357
1.0, 0.862947358216
1.0, 0.834069618503
1.0, 0.803841014973
1.0, 0.772821305237
1.0, 0.741695727784
1.0, 0.711793422755
1.0, 0.685426566984
1.0, 0.665739208901
1.0, 0.656011439691
1.0, 0.658653496472
1.0, 0.674285970013
1.0, 0.701285818643
1.0, 0.73603493145
1.0, 0.77385841562
1.0, 0.81030167817
1.0, 0.843935717002
1.0, 0.870416717596
1.0, 0.899317891256
1.0, 0.90773468409
1.0, 0.916655876874
1.0, 0.924887715678
1.0, 0.911076138043
1.0, 0.906919292119
1.0, 0.901904272226
1.0, 0.834329685589
1.0, 0.804137342918
1.0, 0.773148596703
1.0, 0.742047376082
1.0, 0.712161816844
1.0, 0.68580291301
1.0, 0.666113446945
1.0, 0.65637266467
1.0, 0.658990885304
1.0, 0.674589990883
1.0, 0.701549492568
1.0, 0.736254883362
1.0, 0.779691891234
1.0, 0.818733417383
1.0, 0.871241092578
1.0, 0.891472941607
1.0, 0.901063381981
1.0, 0.909948395459
1.0, 0.914912164947
1.0, 0.916683528843
1.0, 0.915826684029
1.0, 0.912779984125
1.0, 0.906317876837
1.0, 0.89890759748
1.0, 0.895532227336
1.0, 0.844125002253
1.0, 0.814315494196
1.0, 0.783532679916
1.0, 0.752363574512
1.0, 0.721867013065
1.0, 0.694014883144
1.0, 0.671725402913
1.0, 0.658336123315
1.0, 0.673779382421
1.0, 0.685236804004
1.0, 0.767561055583
1.0, 0.799236171962
1.0, 0.821669564796
1.0, 0.851558825909
1.0, 0.875131671845
1.0, 0.89253033497
1.0, 0.904512715705
1.0, 0.911999103846
1.0, 0.915826333297
1.0, 0.916666198268
1.0, 0.915035401042
1.0, 0.911342000407
1.0, 0.905937311328
1.0, 0.899158409759
1.0, 0.47730592143
1.0, 0.786659974014
1.0, 0.722103221248
-1.0, -0.167199079148
1.0, 0.285526945894
1.0, 0.341635428248
-1.0, -0.0144534801313
1.0, -0.661966335254
-1.0, 0.103453532071
1.0, 0.164874691275
1.0, 0.21522313036
1.0, -0.192511234782
-1.0, -0.818009195842
1.0, 0.275130747689
-1.0, -0.178797535039
1.0, -0.00112541839969
-1.0, -0.405729451305
-1.0, -0.864436994092
-1.0, -0.906677453934
1.0, 0.270408570863
-1.0, -0.606698487862
-1.0, -0.552226930892
-1.0, -0.565308042772
-1.0, -0.801108565213
1.0, 0.720583909158
-1.0, -0.454403756399
1.0, 0.764480522554
1.0, 0.484743799053
1.0, 0.555976985725
1.0, 0.452888317862
-1.0, 0.191973391325
1.0, 0.32588750935
1.0, 0.123041940807
1.0, -0.100813979108
1.0, -0.101856126035
1.0, -0.117233639523
1.0, -0.050591706843
1.0, -0.0109701892649
-1.0, -0.323119714383
1.0, 0.151869752409
1.0, 0.48377917893
-1.0, -0.436099737866
-1.0, -0.176585311942
1.0, -0.216393915518
-1.0, -0.342061899852
1.0, 0.0688314843052
-1.0, 0.156583807614
-1.0, -0.650201602917
-1.0, -0.0210167162972
1.0, 0.156330049932
-1.0, -0.427259529487
-1.0, -0.484648289516
-1.0, -0.938839789018
1.0, 0.506344013675
1.0, 0.677267291998
1.0, 0.689541926354
1.0, 0.289115391418
1.0, -0.169044486383
-1.0, 0.526011014302
-1.0, -0.332318160506
-1.0, -0.106721100189
-1.0, 0.208531470768
-1.0, -0.271857576663
-1.0, -0.457696952915
-1.0, -0.405653717556
1.0, -0.808259056765
-1.0, -0.553186381919
1.0, 0.0759669127947
-1.0, -0.498000910004
-1.0, -0.796404745252
1.0, -0.582899007532
1.0, -0.227476531215
-1.0, 0.0351908500799
1.0, 0.564398758897
-1.0, -0.894511415126
1.0, 0.30461765781
-1.0, -0.050440176785
1.0, -0.0625841900201
1.0, 0.223338705272
-1.0, 0.511573066822
1.0, 0.901409101418
-1.0, -0.715849625096
-1.0, -0.689078104338
1.0, -0.136687557022
1.0, -0.157520461275
1.0, 0.355633403338
1.0, -0.308037818804
-1.0, -0.765514246455
1.0, 0.208184589358
1.0, -0.0318778022014
-1.0, -0.666162303219
-1.0, -0.880985811348
1.0, -0.1713367973
-1.0, -0.711212649804
1.0, 0.145696191891
1.0, -0.470039323592
-1.0, -0.424318145731
1.0, 0.421176075132
1.0, -0.357243162569
-1.0, -0.415242644266
1.0, 0.543195371508
1.0, -0.239484781213
-1.0, -0.762220722816
-1.0, -0.695634885303
1.0, -0.0107214004209
-1.0, -0.379055214786
-1.0, -0.478656067826
1.0, 0.526137504243
1.0, 0.0945431594427
1.0, 0.133232627954
1.0, 0.571053994288
-1.0, -0.600970656708
1.0, 0.981676705292
-1.0, -0.5857328293
-1.0, -0.746637039554
1.0, -0.288645448192
1.0, -0.408112419654
1.0, -0.067405495149
1.0, 0.26483852339
1.0, 0.365786809516
-1.0, -0.600546533337
1.0, -0.177907050575
-1.0, -0.0457618775591
-1.0, -0.529777600778
1.0, -0.490244753893
-1.0, -0.516054194929
-1.0, -0.749390998216
-1.0, -0.677157032268
-1.0, -0.906589292009
-1.0, -0.795509022456
-1.0, -0.904852002044
1.0, 0.789721123339
-1.0, 0.748345122958
1.0, 0.501522517593
1.0, 0.440887853118
1.0, 0.298756995748
-1.0, -0.181845468004
1.0, 0.249236548903
1.0, 0.279899659443
-1.0, -0.468609787637
-1.0, -0.884879095436
1.0, 0.366115887282
-1.0, -0.321025252707
1.0, 0.527907790574
-1.0, -0.248231094936
1.0, 0.479257925698
1.0, -0.0930306863503
-1.0, -0.858759226202
-1.0, -0.276807343756
-1.0, -0.564198740086
-1.0, -0.377193040702
-1.0, -0.591714778161
-1.0, -0.843318038501
-1.0, -0.950291932651
-1.0, -0.959561502396
-1.0, -0.991857658542
-1.0, -0.933834313378
-1.0, -0.932865801006
1.0, 0.762037096319
1.0, 0.803252201185
1.0, 0.732609393497
-1.0, 0.672411589165
-1.0, 0.430980724583
1.0, 0.471803415427
1.0, -0.267161438878
1.0, 0.393253429056
1.0, -0.248803289815
1.0, -0.329418043916
1.0, -0.182985917937
1.0, -0.377282627283
-1.0, -0.225724815033
1.0, 0.358726013711
1.0, 0.232803173344
-1.0, -0.474284738973
-1.0, -0.591428070644
-1.0, -0.923647733402
1.0, -0.765652009072
1.0, -0.232797291103
-1.0, -0.8175173155
1.0, 0.213580978941
-1.0, -0.59196325185
1.0, 0.342549639214
1.0, 0.0936443506356
-1.0, -0.665270511073
1.0, 0.685580012309
1.0, 0.59375668171
1.0, 0.738678274988
1.0, 0.777898597762
1.0, 0.707554789797
-1.0, -0.0256963903339
1.0, 0.372197839129
-1.0, -0.107364243355
-1.0, -0.0896779097851
-1.0, -0.838506083458
1.0, 0.32092518467
1.0, 0.041462452602
1.0, 0.257618997173
-1.0, -0.486233739066
1.0, 0.300458886831
-1.0, -0.724174553973
1.0, -0.0695915276257
1.0, -0.464306491884
1.0, -0.217435101571
1.0, -0.598780392941
-1.0, -0.742559674464
1.0, -0.583345425548
-1.0, -0.659990130007
-1.0, -0.92615948683
-1.0, -0.946042072871
-1.0, -0.395660702788
1.0, 0.614695111901
1.0, 0.570764833133
1.0, 0.729019198095
1.0, 0.779549126958
1.0, 0.615125473053
1.0, 0.38928647476
-1.0, 0.171633641344
1.0, 0.701259782314
1.0, 0.14689412369
1.0, 0.311761550868
-1.0, -0.61672391829
-1.0, -0.739538285133
-1.0, -0.727527499944
-1.0, -0.788327430699
-1.0, -0.494989110885
1.0, -0.517527719912
-1.0, -0.58363478378
-1.0, -0.56613415426
-1.0, -0.449261009853
-1.0, -0.866948997088
-1.0, -0.731579434105
-1.0, -0.845174392517
1.0, -0.702350810904
1.0, -0.482993967465
1.0, 0.0353392791199
-1.0, -0.316479406131
1.0, 0.830287842246
1.0, 0.695161940018
1.0, 0.335951375971
-1.0, -0.265619641491
1.0, 0.21290265571
1.0, 0.42785020697
-1.0, 0.159787828357
1.0, 0.939387321186
-1.0, -0.637095405942
1.0, 0.592539504811
1.0, 0.784170515953
1.0, 0.759918907351
1.0, 0.497984653123
1.0, 0.191998537071
-1.0, -0.211963472226
-1.0, -0.370387248297
-1.0, -0.798422712361
1.0, -0.315438817714
-1.0, -0.550784863909
1.0, 0.599403131179
-1.0, -0.306403456757
-1.0, -0.649361762137
-1.0, -0.499962703879
-1.0, -0.487997067809
-1.0, -0.923366392239
-1.0, -0.886016019151
-1.0, -0.910173451083
1.0, 0.749288580701
1.0, 0.651795508883
1.0, 0.686427545351
-1.0, 0.384369002561
-1.0, 0.263588994278
1.0, 0.791105073906
-1.0, -0.723553426148
-1.0, -0.291257855371
-1.0, -0.489335592335
1.0, 0.556284631355
-1.0, -0.245658161654
-1.0, -0.0981665392467
-1.0, -0.321104985076
1.0, 0.247447728137
-1.0, -0.611267299274
-1.0, -0.0789289541278
1.0, 0.49439587462
-1.0, -0.712010852503
-1.0, -0.75130426085
-1.0, -0.482452345868
1.0, -0.332048507669
1.0, 0.822888039684
1.0, 0.138152094306
-1.0, -0.954646466877
-1.0, -0.698922372557
-1.0, -0.763253886194
1.0, 0.772216369205
1.0, 0.792224865359
1.0, 0.747155250233
1.0, 0.462308967236
1.0, 0.469624846278
1.0, 0.409575134846
1.0, 0.634479548136
1.0, 0.513806937581
-1.0, 0.587969704485
1.0, 0.176492723232
1.0, 0.13032306284
1.0, -0.177483694551
-1.0, -0.267205091365
-1.0, 0.342427520348
-1.0, -0.196808260959
-1.0, -0.162249346864
-1.0, -0.69214699475
1.0, 0.15736877693
1.0, -0.0640012325764
1.0, 0.639641702626
-1.0, -0.150007277898
-1.0, -0.355110826788
1.0, -0.674192885249
-1.0, -0.877468449709
-1.0, -0.500118278266
1.0, 0.0905283453422
1.0, 0.841239128465
1.0, 0.664369003751
-1.0, 0.686979705746
1.0, 0.651362834526
1.0, 0.535189939236
1.0, 0.570949080223
-1.0, -0.869695899173
-1.0, -0.804853282805
1.0, -0.159244472782
-1.0, -0.766669969718
-1.0, -0.00332378006357
1.0, 0.55959445439
-1.0, -0.436672393109
-1.0, -0.848526148932
-1.0, -0.548432005747
1.0, 0.461816465685
-1.0, 0.0888615029075
1.0, -0.664104951056
-1.0, -0.169041830675
-1.0, -0.763395936143
-1.0, -0.907483919965
-1.0, -0.604620055763
-1.0, -0.807985199826
-1.0, -0.870594453404
-1.0, -0.931375050566
-1.0, -0.84451590967
1.0, 0.205052890424
1.0, 0.624968037844
1.0, 0.622975976663
-1.0, 0.327485617218
-1.0, -0.116484125518
1.0, 0.677886246797
1.0, -0.170176801349
-1.0, -0.196152682029
1.0, 0.431472273453
-1.0, 0.145491215624
-1.0, -0.608827553627
-1.0, -0.0672712428079
-1.0, 0.422287701486
-1.0, -0.700345742812
1.0, -0.00317317904242
1.0, -0.0387720813637
-1.0, -0.347220636294
1.0, 0.73517833446
-1.0, -0.787281929933
-1.0, -0.842585052935
-1.0, -0.669939116606
1.0, -0.00723494771295
1.0, -0.428561211915
-1.0, -0.802002843397
-1.0, -0.632438362587
-1.0, -0.953764229909
-1.0, -0.454459406551
1.0, 0.786980648955
1.0, 0.768820633863
1.0, 0.74873077041
1.0, 0.694755649322
1.0, 0.457384900666
1.0, 0.391101732985
-1.0, 0.559672617158
-1.0, 0.34961983443
-1.0, -0.0469935639046
1.0, 0.132156737423
1.0, -0.105402659541
-1.0, -0.222255622105
1.0, 0.00814199182954
1.0, -0.11490254698
-1.0, -0.53493218636
1.0, 0.016964039536
-1.0, -0.471630737811
-1.0, -0.927278731642
-1.0, -0.959887575459
-1.0, -0.0799802218684
-1.0, -0.870952674821
-1.0, -0.813711175019
-1.0, -0.79427200879
-1.0, -0.877873912164
-1.0, -0.982368860529
-1.0, -0.843085560423
1.0, 0.618508658014
1.0, 0.611035302012
1.0, 0.654483522894
1.0, 0.707183056016
-1.0, 0.706394545925
1.0, 0.298769237517
-1.0, 0.0671145391702
1.0, 0.133242918897
-1.0, -0.0299036432163
-1.0, -0.440595530498
-1.0, -0.522374101044
-1.0, 0.0520150333923
-1.0, -0.603510975847
-1.0, -0.636319843709
-1.0, -0.336702787856
-1.0, -0.0216328071789
-1.0, -0.604955227428
1.0, -0.586986904766
-1.0, -0.43324552474
1.0, 0.698423805983
-1.0, -0.137829440709
-1.0, -0.45378081186
1.0, -0.611812723323
-1.0, -0.879898105406
1.0, -0.50635771177
1.0, 0.0923549394699
1.0, 0.75088296473
-1.0, 0.693184594942
1.0, 0.575349055332
-1.0, 0.106487629974
-1.0, -0.777851537265
1.0, 0.51301622556
1.0, 0.0840240443751
1.0, 0.108371646558
1.0, -0.130889258987
1.0, 0.158773906228
-1.0, -0.376635264507
