1.52554782911
1.52550279534
1.52541497732
1.52528628487
1.52511831643
1.52491238429
1.52466953686
1.52439057842
1.52407608654
1.52372642739
1.52334176907
1.52292209325
1.52246720518
1.52197674229
1.52145018141
1.52088684479
1.52028590501
1.51964638881
1.51896717998
1.51824702141
1.51748451618
1.51667812799
1.51582618077
1.51492685765
1.51397819918
1.51297810103
1.51192431095
1.51081442528
1.50964588474
1.50841596979
1.50712179538
1.50576030519
1.50432826534
1.50282225762
1.50123867219
1.4995736998
1.49782332358
1.49598331029
1.49404920123
1.49201630266
1.48987967592
1.48763412708
1.48527419649
1.4827941479
1.48018795762
1.47744930347
1.4745715539
1.47154775733
1.46837063184
1.46503255549
1.46152555761
1.45784131125
1.45397112723
1.44990595038
1.44563635838
1.44115256394
1.43644442127
1.4315014376
1.42631279106
1.42086735623
1.41515373909
1.409160323
1.40287532832
1.39628688787
1.38938314149
1.38215235294
1.37458305312
1.3666642139
1.35838545724
1.34973730496
1.34071147433
1.33130122503
1.32150176241
1.31131070155
1.30072859436
1.28975952028
1.27841173645
1.26669837841
1.25463819462
1.24225628894
1.22958483354
1.21666370146
1.20354095424
1.19027310672
1.17692508138
1.1635697613
1.15028705839
1.13716243431
1.12428485009
1.1117441744
1.09962814768
1.08801907124
1.07699045381
1.06660389029
1.05690645473
1.04792885551
1.0396845264
1.03216972414
1.0253645888
1.01923501964
1.01373514286
1.00881011069
1.00439897401
1.00043740637
0.996860114211
0.993602832708
0.990603867285
0.987805190969
0.985153142716
0.982598792682
0.980098048889
0.97761157929
0.975104617152
0.972546708844
0.969911453512
0.967176275072
0.964322259008
0.961334079456
0.958200035572
0.954912209083
0.951466745833
0.947864251441
0.944110272811
0.940215811833
0.93619778438
0.932079298607
0.927889587665
0.923663405769
0.919439703684
0.915259466557
0.91116274844
0.907185179802
0.903354520307
0.899688080474
0.896191889476
0.892862193126
0.889689188419
0.886662016835
0.883773343554
0.881021783963
0.878411190282
0.875947099465
0.873631811286
0.871459993818
0.869416264462
0.867475285301
0.865604135371
0.863766373038
0.861927138705
0.860058555944
0.858144415674
0.856182820533
0.854185501841
0.852173311744
0.850169038374
0.848190510254
0.846247409899
0.844343037669
0.842478438399
0.840654347225
0.838868941114
0.837114167168
0.835375185454
0.833634472056
0.831878265028
0.830102102397
0.828313234935
0.82652831715
0.824766236271
0.823039996846
0.821353674751
0.819705012706
0.818087910843
0.816492620782
0.814907823567
0.813325552824
0.811744965949
0.810172653327
0.808617988568
0.80708489516
0.805569016878
0.804062700183
0.802559156364
0.801054416106
0.799548594235
0.798045328496
0.796549059233
0.79505861169
0.793566532464
0.792065921786
0.790554975865
0.789035401719
0.787508609386
0.785973826238
0.784426410763
0.78286147763
0.78127862258
0.779678936813
0.778060251483
0.776418094299
0.774748784614
0.773052057253
0.771329112903
0.769577254597
0.767792132869
0.765971211095
0.764112413656
0.762211342129
0.76026218678
0.758264078312
0.756231859397
0.75435287481
0.755045857259
0.787249831275
0.844964076047
0.760614809972
0.835753947793
0.757797829703
0.820829852343
0.807703842564
0.75900165931
0.811351279568
0.755746874009
0.762505801524
0.789255365321
0.744993748051
0.754507296641
0.768729685803
0.733069957594
0.759547584265
0.740642800442
0.73856587203
0.749172944111
0.727663551613
0.743464680917
0.728740589254
0.736692144913
0.729438311715
0.730142918067
0.730601842413
0.724879212734
0.728516875429
0.722323327996
0.72575355517
0.720605036509
0.722407427628
0.719408804926
0.719231013313
0.71876397103
0.71568628281
0.717778291964
0.713916182009
0.714512943306
0.713638253216
0.710927369607
0.711545159748
0.710643530013
0.70812804884
0.707340932469
0.707879717975
0.707291796318
0.705972500932
0.704492625781
0.704001748014
0.707501895743
0.723981359637
0.772030113875
0.706769637909
0.731427940157
0.756828680844
0.704323639706
0.69974906251
0.733671243721
0.688767810758
0.723347956744
0.68706436488
0.714000723612
0.685682415106
0.706644599184
0.683036285879
0.701795191396
0.679405304808
0.696723786481
0.678621689003
0.687991423366
0.680325699807
0.677553167428
0.684746998471
0.672562402397
0.676971426326
0.677365050246
0.668690016531
0.673384586561
0.673792490535
0.66581945024
0.666883824079
0.670092761807
0.665043340137
0.660514114722
0.660546562766
0.662879413515
0.66401993
0.661274636477
0.657662514977
0.655580664765
0.657129283168
0.666686276807
0.696824870634
0.65203173427
0.665642489929
0.693952067665
0.648782866487
0.692395995652
0.668306169513
0.660671239028
0.673545605358
0.642992865468
0.667541508595
0.639216666942
0.656469160071
0.636834488601
0.648330928958
0.635128983212
0.637911138301
0.638025191026
0.628649576183
0.637991796981
0.62378549877
0.63441912957
0.627685382872
0.621989174248
0.629739678331
0.622025081798
0.617891022831
0.624156091071
0.623517821927
0.615668944926
0.612819619664
0.617333132169
0.624939174706
0.631315901953
0.621616405237
0.613711603638
0.613257425772
0.628463811112
0.666039738367
0.608564094421
0.623985209532
0.669831303522
0.600745913556
0.655688399548
0.625369151745
0.618727704424
0.630392621252
0.60286059424
0.621034195382
0.597050177011
0.612293121247
0.591249373759
0.602352543273
0.594107782612
0.586755889516
0.596937937907
0.581742423114
0.594891192448
0.584307290273
0.578670859128
0.588719184787
0.57877145353
0.57498026841
0.584771044007
0.583228820814
0.573168468062
0.569872052305
0.579550721455
0.59266084016
0.602182783356
0.576110314097
0.564587230529
0.570524282133
0.606763345983
0.573065698537
0.578414809513
0.613684396631
0.55463126977
0.591206071885
0.574177066519
0.56780419575
0.573026112685
0.557709872323
0.570836897417
0.549854153643
0.563999309157
0.5481896248
0.556058335725
0.546356820129
0.549224846995
0.546653599516
0.545569947211
0.54553567283
