0.845057737897
0.844884575389
0.844547082746
0.844052948883
0.843408813038
0.842620351607
0.841692358368
0.840628818514
0.839432976925
0.838107401145
0.836654039517
0.835074274923
0.833368974602
0.83153853646
0.829582932309
0.827501748429
0.825294223854
0.822959286751
0.820495589241
0.817901541002
0.815175341977
0.812315014487
0.809318435035
0.806183366061
0.802907487913
0.799488431243
0.795923810062
0.792211255608
0.788348451222
0.784333168343
0.780163303729
0.775836917989
0.771352275427
0.766707885215
0.761902543807
0.756935378501
0.751805891954
0.746514007427
0.741060114435
0.735445114436
0.72967046608
0.723738229479
0.717651108885
0.711412493047
0.705026492486
0.698497972812
0.691832583191
0.685036778981
0.678117837563
0.671083866369
0.663943802145
0.656707400529
0.649385215131
0.64198856543
0.634529492956
0.627020705468
0.619475509062
0.611907728447
0.604331615929
0.596761749981
0.589212924616
0.581700031114
0.574237933969
0.56684134319
0.559524685319
0.552301975693
0.545186694534
0.538191669443
0.531328966788
0.524609794252
0.518044416517
0.511642085734
0.505410987947
0.499358206225
0.493489700721
0.487810305432
0.482323740937
0.477032641998
0.471938598533
0.46704220822
0.462343138762
0.457840197747
0.453531408029
0.449414086562
0.445484924791
0.441740068824
0.438175197865
0.434785599601
0.431566241497
0.428511837208
0.425616907553
0.422875835717
0.420282916562
0.417832400077
0.415518529143
0.413335571914
0.411277849169
0.409339757067
0.407515785764
0.40580053434
0.404188722523
0.402675199628
0.401254951143
0.399923103333
0.398674926212
0.397505835167
0.396411391514
0.395387302184
0.394429418727
0.393533735773
0.392696389054
0.391913653083
0.391181938517
0.390497789267
0.389857879347
0.389259009474
0.388698103415
0.388172204046
0.387678469126
0.387214166733
0.38677667036
0.386363453625
0.385972084581
0.38560021958
0.385245596689
0.384906028606
0.384579395056
0.38426363465
0.383956736142
0.383656729089
0.383361673839
0.383069650828
0.382778749139
0.382487054276
0.382192635122
0.381893530052
0.381587732211
0.38127317398
0.380947710735
0.380609104094
0.380255004989
0.379882937098
0.379490281499
0.379074263795
0.378631945609
0.378160223112
0.377655836374
0.377115394727
0.376535425085
0.375912452122
0.375243121201
0.374524376109
0.373753702865
0.372929445482
0.372051185831
0.371120152163
0.370139573703
0.369114830575
0.368053172223
0.366962738293
0.365850707268
0.364720748425
0.363570623959
0.362391552357
0.361171082228
0.359899809421
0.35857930576
0.357226207145
0.355868615737
0.354536168478
0.353250125004
0.352019891535
0.350847546767
0.349736389025
0.34869691964
0.347745022999
0.346892275624
0.346135917022
0.345459810137
0.344848698822
0.344300753279
0.343822133474
0.343410415919
0.34304908625
0.342719670233
0.342414938144
0.342136207554
0.341879679423
0.341633942773
0.341393812743
0.341165005494
0.340950102534
0.340743320409
0.340542579914
0.340351807098
0.34016832743
0.339983833874
0.339796527249
0.339605330623
0.339403294877
0.339188322146
0.338963103168
0.338726266377
0.338479703644
0.338227838162
0.337969702142
0.337706505458
0.337437824133
0.337160802795
0.336876704488
