2.03772281669
2.02967437789
2.01387010679
1.99045131129
1.95943564119
1.9207489798
1.87426495901
1.81985654067
1.75746469455
1.6871887321
1.60940025648
1.52487641983
1.43493670219
1.34155060577
1.24736535509
1.1555935716
1.06971778326
0.993024874852
0.928069781125
0.876238393511
0.837573648693
0.810925933009
0.794347289595
0.785562599103
0.782364350229
0.782855859518
0.785550645258
0.789368055181
0.793572921143
0.797694283449
0.801449433007
0.804683092729
0.807322807969
0.809348039094
0.810769610828
0.811616497539
0.811927590687
0.811746749818
0.811096789251
0.810002774453
0.808492033732
0.80659473073
0.804344861859
0.801781564428
0.798950612448
0.795905937937
0.792710945678
0.78943929193
0.786174684295
0.783009158364
0.780039247453
0.777359561422
0.775053622088
0.773182442464
0.771772282184
0.770804099586
0.770208074046
0.769866637701
0.769628208915
0.769331108244
0.768833510637
0.768042049786
0.766930483711
0.765541808365
0.763972198866
0.762341395389
0.76075892605
0.759296652752
0.757975139995
0.756765949324
0.755606780933
0.754423386822
0.753151759186
0.751755352499
0.750233821569
0.748621321236
0.746974069584
0.745349414622
0.743782444017
0.742269949782
0.740771829711
0.739233112985
0.737616686044
0.735926240779
0.734202354668
0.732493351907
0.730822363677
0.729175008537
0.72751554368
0.725817593922
0.724085208559
0.722347355318
0.720629781923
0.718929636908
0.717220123395
0.715483153765
0.713732627531
0.711998412793
0.710291827562
0.708599106428
0.706910183431
0.705240120964
0.70361091775
0.70202160201
0.700456174167
0.698915536612
0.697413485613
0.695945148677
0.694491638611
0.693049426765
0.691621447648
0.690192542982
0.688748305964
0.687290837916
0.685812871625
0.684300584621
0.682754968579
0.681171264222
0.679538992144
0.67786092574
0.676132119272
0.674348291078
0.672511777434
0.670615432905
0.668660703124
0.666643661237
0.664561411886
0.662410329668
0.660184256206
0.657880014
0.655491079654
0.653012562651
0.650439130701
0.647767188843
0.644993710005
0.64211269454
0.639120933175
0.636012174245
0.632777740998
0.629410756231
0.625901886015
0.622240014562
0.61841496751
0.614413114014
0.610224926429
0.605839896658
0.601312361633
0.597178360196
0.599146354928
0.660077917364
0.581025399106
0.711462577462
0.751461152856
0.880780919305
0.921559823801
0.938020800751
0.944897420724
0.946931284744
0.945617446543
0.940877168832
0.931532529748
0.915370118685
0.890687703492
0.862670203295
0.847082948337
0.850031783317
0.858939558944
0.863228304101
0.860600782507
0.850848223062
0.832845567562
0.804349497116
0.763502851809
0.710926797384
0.650051851224
0.59163382672
0.599441392526
0.592017684442
0.616995167209
0.635408639588
0.622947847651
0.631021583299
0.602579292575
0.586394016319
0.567824020509
0.555701665597
0.555281964194
0.542106024213
0.542532049243
0.532252980577
0.532173269113
0.515768165716
0.513211897486
0.511644886626
0.501353796688
0.497607466647
0.497444527909
0.491611407527
0.482956813817
0.47931975554
0.479383604672
0.481274292458
0.502730052198
0.461576182329
0.526695433212
0.47805665786
0.496172394236
0.447231886061
0.482976633541
0.439529100498
0.465695866741
0.446723264715
0.439084278766
0.448433283384
0.423609606466
0.435543149014
0.417468318794
0.425535779732
0.416110344336
0.41683546551
0.414581577861
0.404755528891
0.407358244218
0.400524930842
0.401716921838
0.395948846497
0.394209373624
0.392368129174
0.386353720657
0.389833687955
0.382854374796
0.381000839302
0.380861780985
0.375173646066
0.370762060008
0.371564443106
0.371823061178
0.363901657719
0.359008536863
0.357515393671
0.358386822245
0.365909510247
0.365833324806
0.396690221426
0.345711556666
0.442982806241
0.354804880928
0.391761047854
0.336999812538
0.376546757813
0.366987542646
0.330818117531
0.370530070362
0.360175481725
0.318410518934
0.343491256549
0.366087882573
0.334689982831
0.310846638693
0.325997188853
0.345810014184
0.353126924774
0.344144669821
0.324275110736
0.307181339002
0.306826202198
0.319795096042
0.330093159052
0.326435098301
0.312558006059
0.301878397975
0.301838831547
0.30812875078
0.312527394446
0.310821585919
0.304320242294
0.298572774798
0.298480877725
0.302376920078
0.303738604908
0.300303719082
0.29640148903
0.296205945706
0.298234169425
0.298664012158
0.296547004569
0.2942849627
0.294324626335
0.29549019191
0.295029636861
0.293170290024
0.29240333289
0.292966970959
0.292923148895
0.291688562091
0.290829275314
0.291039409141
0.29085363497
0.289802435276
0.289277070229
0.289298276313
0.28873187938
0.287891094007
0.287645619247
0.287296147486
0.28648578706
0.286064280559
0.285664620226
0.284889820534
0.284407345063
0.283862306494
0.283093582831
0.282579110121
0.281830072926
0.281125274378
0.28044225347
0.279600387862
0.278882362779
0.277971676167
0.277168558793
0.276197019472
0.275300182501
0.274255627259
0.273261729188
0.272138783442
0.271022653195
0.269836661935
0.26857311177
0.267301732105
0.265938209593
0.264502461263
0.263032399284
0.26150162043
0.259890481221
0.25820292881
0.25645392461
0.254678191271
0.253075828462
0.2528119962
0.263399949475
0.257027001976
0.250970111704
0.244227105084
0.24065202961
0.238163884227
0.235970491178
0.23382525679
0.231969430467
0.233202718296
0.259850964277
0.30504807179
0.258431932972
0.347324962025
0.230438955896
0.29786916942
0.333929382359
0.265703945093
0.219933726345
0.299749909898
0.273607705768
0.210176826615
0.249020326899
0.287569657867
0.288483884416
0.253673710518
0.212567954468
0.212241708951
0.244964687292
0.260526603385
0.248634510277
0.221453299848
0.203553040941
0.205829127791
0.218781914454
0.230625932336
0.237051420342
0.236206959716
0.228633887055
0.21711764265
0.206014563898
0.199704062892
0.200199899253
0.205537956345
0.211021982319
0.212571798034
0.209328388487
0.203525398253
0.198794176947
0.197470916694
0.199200348211
0.201748861537
0.202934909558
0.201941125367
0.199414881925
0.197007392969
0.19618277449
0.197045218114
0.19827773648
0.198455665487
0.197347222178
0.195887345283
0.195207665202
0.195528880786
0.196103818997
0.196118578597
0.195450097197
0.194630174049
0.194291888823
0.194487779878
0.194674686082
0.194416315095
0.193856840051
0.193487344512
0.193487413951
0.19354512584
0.19334012303
0.19293457704
0.192651570815
0.192598256149
0.192522223322
0.192237907874
0.191922831297
0.191771974442
0.191653224775
0.191388181625
0.191091278915
0.19090926207
0.190713557461
0.190407852895
0.190137991131
0.189920195141
0.189620144614
0.189303597564
0.189037887406
0.188711802309
0.188365024851
0.188049617201
0.18767585629
0.187300952963
0.186925512853
0.186500578994
0.186089925648
0.185637125654
0.185175209556
0.184691515158
0.184179877025
0.183654461838
0.183094533674
0.182518950381
0.181909175404
0.181276474185
0.180614122417
0.179918073014
0.179197918948
0.178436953524
0.177646906893
0.176823023734
0.175957383853
0.175055421315
0.174117243867
0.17313803581
0.172115613295
0.171050269229
0.169945406271
0.168818471728
0.16777653438
0.167523372259
0.173976959236
0.22247612314
0.274835552216
0.24363179132
0.268032051974
0.232325421758
0.237161358001
0.287738074528
0.191208224626
0.205748354056
0.303446026078
0.222635239267
0.15685563866
0.215082481416
0.266549485711
0.272606678458
0.233756599621
0.176364762299
0.154534050478
0.187656648751
0.230035495768
0.245521972842
0.233799443005
0.202982598868
0.171055762103
0.15339493556
0.154111123094
0.16650171123
0.181686622627
0.194699108486
0.204040218048
0.209906196521
0.212042632351
