1.78350529524
1.78346170423
1.78337669925
1.7832521282
1.78308953724
1.78289019521
1.78265511523
1.78238507379
1.78208062757
1.78174212824
1.78136973534
1.78096342748
1.78052301199
1.78004813315
1.77953827911
1.77899278762
1.77841085065
1.77779151801
1.7771337
1.77643616914
1.77569756115
1.77491637504
1.77409097255
1.77321957677
1.77230027016
1.77133099185
1.77030953428
1.76923353929
1.76810049341
1.76690772269
1.76565238676
1.76433147236
1.76294178614
1.76147994681
1.75994237666
1.75832529231
1.75662469478
1.75483635878
1.75295582125
1.75097836901
1.74889902561
1.74671253725
1.74441335775
1.74199563252
1.73945318148
1.73677948083
1.73396764369
1.73101039951
1.72790007211
1.72462855638
1.72118729359
1.71756724511
1.71375886455
1.70975206836
1.70553620458
1.70110001999
1.69643162538
1.69151845909
1.68634724878
1.68090397154
1.67517381241
1.66914112162
1.66278937069
1.65610110811
1.64905791497
1.64164036162
1.63382796649
1.62559915871
1.61693124672
1.60780039571
1.59818161778
1.58804877971
1.57737463489
1.56613088786
1.55428830237
1.54181686689
1.52868603543
1.51486506617
1.5003234859
1.48503171486
1.46896189378
1.45208896235
1.43439204523
1.41585620658
1.3964746339
1.37625130329
1.35520415581
1.33336876984
1.31080244065
1.28758846551
1.26384027683
1.23970487049
1.21536476255
1.19103752079
1.16697183574
1.1434392185
1.12072084222
1.09908982564
1.07879032408
1.06001591411
1.04289056529
1.02745560313
1.01366527547
1.0013919696
0.990440256077
0.980567369629
0.971506949507
0.962992979012
0.954781658683
0.946669992114
0.938510733424
0.930223756126
0.921803751223
0.913323514176
0.904931166606
0.896838897055
0.889300807094
0.882578894513
0.876899470013
0.872406889441
0.869125638495
0.866942964883
0.865620522476
0.864835350314
0.864241120922
0.863534063238
0.862506826944
0.86107758326
0.859288718058
0.857277182441
0.85522524067
0.853304893435
0.851630690905
0.850233240112
0.849059631833
0.847998926077
0.84692346568
0.845732563247
0.844384981848
0.842910097347
0.841393699789
0.839942252953
0.83863786476
0.837502343159
0.836488042386
0.835502602663
0.834456785162
0.833309249745
0.832081193022
0.830831474811
0.82960942729
0.828418783668
0.827218313052
0.825957346092
0.824617866248
0.823229414926
0.821843907239
0.820490905065
0.819153441878
0.817788255333
0.816370556237
0.814915576912
0.81345358876
0.81198989864
0.810500357932
0.808967461633
0.80740713553
0.805847215145
0.804288178979
0.802707012194
0.80109849414
0.799483411728
0.797870684081
0.796246508333
0.794610132853
0.792980146172
0.791357064074
0.789725400327
0.78808989399
0.786460329099
0.784827547477
0.783192087567
0.781562884509
0.779929184751
0.778287552872
0.776642553504
0.774984638948
0.773315794458
0.771633431359
0.76992919106
0.768205427712
0.766454038071
0.764675414446
0.762861710592
0.761008961648
0.759111320379
0.757165000395
0.755163673656
0.753102763513
0.75097529949
0.748777983741
0.746502808748
0.744144119775
0.741695110231
0.73914696201
0.736491566842
0.733720276158
0.730823350288
0.727790559001
0.724611783826
0.721278025582
0.717781161255
0.71412160856
0.710337958654
0.706794696364
0.707068781285
0.741321628397
0.78475005449
0.721082392056
0.812067107372
0.740385561672
0.756555944992
0.778548637926
0.686454971747
0.770576685826
0.689550849261
0.712719683517
0.727833268892
0.665293202985
0.72186387617
0.69440749281
0.664795555999
0.703443441905
0.687886372616
0.65337109933
0.680055698301
0.695446971192
0.662948817666
0.651962583103
0.673029894017
0.670409610696
0.647403392752
0.652331469177
0.663247265884
0.647109878339
0.643928307671
0.654170181912
0.645236057167
0.639483271338
0.647282940414
0.640368773106
0.636989672556
0.641758263042
0.635473803983
0.634954131184
0.63657709502
0.631019682195
0.633203470602
0.630882304401
0.628782040347
0.629778437235
0.626035879509
0.627104999867
0.624280147659
0.623991503067
0.622358691419
0.62123644944
0.62001567221
0.618668953606
0.617216377566
0.616210007389
0.614171127801
0.613514282969
0.611255495289
0.609983023016
0.608659329053
0.606402061188
0.604685873303
0.603314447064
0.601544930036
0.599401151341
0.59723639914
0.595262208918
0.594211124065
0.597949561399
0.624758332567
0.598644222699
0.58281644463
0.595755418904
0.608904807324
0.604956284611
0.586482672385
0.574466343318
0.569758915488
0.566290735525
0.566523146113
0.576317427788
0.637512796702
0.607473392956
0.557874748804
0.591574361586
0.560100961553
0.55843710783
0.579639032187
0.546640749068
0.552332154832
0.563293905319
0.538634363447
0.537642138
0.552679420846
0.543143749887
0.527632866971
0.523610116196
0.529763566926
0.541586779555
0.551350766692
0.547675811111
0.552037528971
0.551724298659
0.567847566134
0.583452339596
0.604592948128
0.561124325094
0.526723986405
0.52321917476
0.583361498198
0.526947041931
0.491035448491
0.544180891459
0.495905193554
0.506445374322
0.510531704172
0.484476937665
0.512709055007
0.482310114766
0.501577184622
0.472649847676
0.495568556292
0.472313663929
0.476955755278
0.474043156093
0.470628292392
0.46574897682
0.466461503046
0.463840877976
0.459189693391
0.457494886128
0.459951638773
0.449937931312
0.457317637273
0.447013577138
0.449835598796
0.448250694234
0.441715297675
0.445174926993
0.440512581443
0.437504893507
0.438776476532
0.437190548159
0.433111532205
0.43011474018
0.430331359259
0.43096963232
0.431641528337
0.429588406847
0.429443264566
0.435726510184
0.453163332304
0.417145874624
0.428015649076
0.441812470297
0.416469946431
0.410288351094
0.428210334912
0.40414382822
0.416046153508
0.40817881986
0.400107956957
0.411117438295
0.398549121164
