1.34742234034
1.34729324997
1.34704154511
1.34667275259
1.34619152933
1.34560173322
1.34490648666
1.34410823319
1.34320878813
1.34220938357
1.34111070843
1.33991294384
1.3386157946
1.33721851678
1.33571994213
1.33411849949
1.33241223351
1.33059882107
1.32867558562
1.32663950972
1.32448724603
1.32221512699
1.31981917346
1.31729510252
1.31463833467
1.31184400069
1.30890694845
1.3058217498
1.30258270793
1.2991838655
1.29561901375
1.29188170297
1.28796525481
1.28386277656
1.27956717818
1.27507119221
1.27036739735
1.26544824607
1.26030609696
1.25493325248
1.24932200271
1.24346467597
1.23735369695
1.23098165329
1.22434137133
1.2174260019
1.21022911698
1.2027448178
1.19496785528
1.186893763
1.17851900332
1.16984112623
1.16085894101
1.15157269955
1.14198429004
1.13209743904
1.12191791894
1.11145375714
1.10071544209
1.08971612043
1.07847177815
1.0670013978
1.05532708266
1.04347413791
1.03147109864
1.019349694
1.0071447378
0.994893936502
0.982637607984
0.970418306871
0.958280355973
0.946269287703
0.934431204193
0.922812070006
0.911456956409
0.900409260664
0.889709927378
0.879396701047
0.869503439287
0.860059514681
0.851089329596
0.84261196301
0.834640961717
0.827184280765
0.820244370291
0.813818398717
0.807898596094
0.802472696692
0.797524456969
0.793034223877
0.788979528963
0.785335685563
0.782076369343
0.779174165985
0.776601073687
0.774328951963
0.77232991181
0.770576645372
0.769042695888
0.767702670679
0.766532401462
0.765509057273
0.764611215864
0.763818899703
0.763113582674
0.762478173348
0.761896980371
0.761355665021
0.76084118554
0.760341737296
0.759846692322
0.759346541264
0.758832840257
0.758298164716
0.757736071489
0.7571410702
0.756508603901
0.755835038301
0.755117657809
0.754354665346
0.753545181411
0.752689236142
0.751787746333
0.750842467599
0.749855910728
0.748831211003
0.747771940949
0.746681861264
0.745564612547
0.744423362305
0.743260437166
0.742076987252
0.740872744421
0.739645942488
0.738393458549
0.737111204393
0.735794744622
0.734440051129
0.733044239707
0.731606099138
0.730126240449
0.72860677512
0.727050562848
0.725460213489
0.723837130704
0.722180900942
0.720489242486
0.71875855576
0.716984909909
0.715165129048
0.713297569603
0.711382256115
0.70942028203
0.707412738014
0.705359762915
0.703260396344
0.701113553474
0.698919700969
0.69668214605
0.694406897048
0.692101021283
0.689770634274
0.68741994561
0.685051687736
0.682667729054
0.680268452955
0.677851294067
0.675411068682
0.672944521434
0.67045818001
0.667975811212
0.665542978567
0.663228377098
0.661119304331
0.659305273056
0.657849489091
0.656760850353
0.655981770035
0.65539536388
0.654849586336
0.654197893627
0.653344613168
0.65226915778
0.651016365198
0.649666177469
0.648298883047
0.646965068998
0.64567522528
0.644413034895
0.643155587457
0.641890344809
0.640620620738
0.639354835099
0.638092735144
0.636816645297
0.635498513802
0.63411864641
0.632680108089
0.631208152839
0.629730081403
0.628255566624
0.626770208872
0.625248902295
0.623673527215
0.622041933712
0.620364695296
0.61865574064
0.616924370935
0.615170099572
0.613383415992
0.611553595108
0.609677954962
0.607763297917
0.605818063532
0.603841917174
0.60182490258
0.599756781346
0.597629512611
0.595430086596
0.593147275889
0.590786797854
0.588453645268
0.588564726012
0.63071037943
0.588942196013
0.584435240046
0.58943674659
0.659331582548
0.637479023217
0.672535685818
0.617069022142
0.650103191025
0.608675557192
0.591980319664
0.606996588137
0.590795921499
0.612923714742
0.557587089752
0.671397108755
0.577863440367
0.632836694312
0.626469751564
0.569287179311
0.582253101414
0.593374001479
0.556109489623
0.589746237963
0.593963891675
0.563738645435
0.546822394048
0.584055803253
0.555904414313
0.540889978046
0.560115102724
0.560199033493
0.540348196405
0.541074978709
0.554601993968
0.534015142694
0.538939602657
0.544693212886
0.534158151501
0.531377180004
0.53898471326
0.528011381414
0.531568695695
0.53245942951
0.525302192309
0.529050956534
0.526016371867
0.523700807782
0.525829291257
0.521040225022
0.52312991493
0.52008482335
0.519819177519
0.519079841091
0.516870730051
0.517144181448
0.514977539496
0.514955504511
0.512842932762
0.512387760144
0.511219384072
0.509619273666
0.509479290244
0.507251265733
0.506087082173
0.50553011573
0.50382496873
0.501751850789
0.500685302151
0.500259400791
0.499672389721
0.502262970998
0.503066898504
0.518460437446
0.499178562
0.498281919223
0.499409620185
0.538969871668
0.495681606774
0.643472283958
0.595315177326
0.683069025451
0.692037078906
0.655574266042
0.585276375026
0.589937227627
0.641090609892
0.547307559052
0.507173322974
0.535621931573
0.527443466892
0.509119532547
0.575585532019
0.55690890178
0.523528142806
0.54636442745
0.554405323808
0.530922788071
0.492562522048
0.4896119648
0.513241954336
0.504020263929
0.479957631558
0.479665032753
0.491385616296
0.4974102915
0.493602972515
0.48530487052
0.482001977997
0.485124321325
0.482326438419
0.4707379028
0.465069115412
0.465816433106
0.463594814776
0.460844803886
0.465115577026
0.465467417485
0.461757482091
0.46229127132
0.460162461589
0.455790807902
0.456265038351
0.45574593824
0.454305562996
0.455829928991
0.45501832429
0.453271585415
0.453133879217
0.450851255939
0.45055750589
0.450079864416
0.449516612406
0.449242499903
0.447871652557
0.447202551483
0.446035792997
0.445738135676
0.444904574775
0.444174456137
0.443255149134
0.442113933246
0.441538671344
0.440486709996
0.439431601244
0.438511712657
0.437389958763
0.436182528244
0.434973468716
0.433788279248
0.432732840876
0.432054983377
0.433856310885
0.442167159945
0.493238471935
0.446133196724
0.587020481116
0.493159765592
0.56630499174
0.533663211544
0.450391573464
0.545206855409
0.494992439554
0.444548435797
0.507020715873
0.515246220322
0.460665272358
0.435144707635
0.505358051898
0.444060620784
0.425781138231
0.457363483856
0.467713230651
0.449607064471
0.424979188333
0.428643986981
0.450466693103
0.451123847285
0.427489130053
0.414482073514
0.421810644246
0.430193663905
0.426648026447
0.414032254343
0.408839741675
0.418442480168
0.418823838226
0.407855149057
0.407513423643
0.412893520769
0.41130958748
0.405184192154
0.405740355733
0.409192656646
0.405108135667
0.402458779072
0.404955910008
0.40460431881
0.401524030403
0.402388985432
0.403055046059
0.400197614843
0.40034664063
0.400884568001
0.399053150872
0.3989573716
0.399358182709
0.397691492109
0.397704838244
0.397439909965
0.396212045839
0.396491079523
0.395746439183
0.395108490567
0.39497590918
0.393938790989
0.393858906892
0.393030771392
0.392706936591
0.392013574885
0.391482007474
0.39080412035
0.390282638193
0.389521279939
0.388999833381
0.388111028488
0.38752788722
