2.14424181464
2.14419072513
2.14409108569
2.14394503943
2.14375436613
2.14352051142
2.14324461237
2.14292751996
2.14256981857
2.14217184293
2.1417336926
2.14125524437
2.14073616257
2.14017590763
2.13957374281
2.1389287395
2.13823978087
2.13750556419
2.1367246018
2.13589522078
2.13501556133
2.13408357393
2.13309701534
2.13205344332
2.13095021013
2.12978445481
2.12855309417
2.12725281248
2.12588004972
2.12443098844
2.12290153904
2.12128732346
2.11958365711
2.11778552887
2.11588757919
2.11388407587
2.11176888754
2.10953545451
2.10717675687
2.10468527939
2.10205297311
2.09927121325
2.09633075295
2.09322167263
2.08993332438
2.08645427101
2.08277221904
2.07887394528
2.07474521619
2.07037069931
2.06573386615
2.06081688558
2.05560050694
2.05006393195
2.0441846745
2.03793840742
2.03129879526
2.02423731234
2.0167230454
2.00872248027
2.00019927278
1.99111400405
1.98142392169
1.97108266911
1.96004000674
1.94824153123
1.93562840098
1.9221370806
1.90769912111
1.89224099949
1.87568404905
1.85794452254
1.83893384288
1.81855911276
1.79672397364
1.7733299278
1.74827826331
1.72147274946
1.69282329722
1.66225080081
1.62969338331
1.5951142502
1.55851128898
1.51992841514
1.47946842115
1.43730669925
1.393704656
1.34902092456
1.30371769541
1.25835883486
1.2135963045
1.17014219896
1.128725875
1.0900391401
1.05467656456
1.02308118134
0.995506427782
0.972002241668
0.95242743713
0.936484041292
0.923764683997
0.913802850385
0.906117604263
0.900247854932
0.895774768807
0.892333483727
0.889616580408
0.887372030994
0.88539799399
0.883536229724
0.881665310894
0.879694312879
0.87755731707
0.875208832939
0.872620110668
0.869776245565
0.866673943822
0.863319808827
0.859729007232
0.855924177635
0.851934449158
0.847794442082
0.843543129733
0.839222453649
0.834875607654
0.830544946748
0.826269539001
0.822082465708
0.818008083642
0.814059580531
0.810237255372
0.806528000922
0.802906412569
0.799337759469
0.795782723425
0.792203381144
0.788569478002
0.784863760345
0.781085139021
0.777248821665
0.773383226565
0.769524299756
0.765708548342
0.761966450533
0.758317797663
0.754770011605
0.751319727698
0.747957141193
0.744671948862
0.741459274361
0.73832380341
0.735280547279
0.732351329174
0.729557376676
0.726910221509
0.724404832721
0.722019242375
0.71972250588
0.717487822973
0.715303014516
0.713170834231
0.71109843985
0.709084137585
0.707112361689
0.705161353391
0.703217200381
0.701281941919
0.699367954852
0.697483306418
0.695622667937
0.693773850681
0.691932045891
0.690103006893
0.688290181097
0.686483192985
0.684663676266
0.682819827135
0.68094877492
0.679044939393
0.677095303307
0.675090762027
0.673032735116
0.670922132079
0.668752453186
0.666519928767
0.664227458266
0.661873817287
0.659454190073
0.656970970975
0.65442836853
0.65182650893
0.649170602425
0.646468467049
0.643723126424
0.640939905991
0.63812220326
0.635266794348
0.632371618236
0.629431728695
0.626444886618
0.62341398114
0.620342297199
0.617236370402
0.614099496012
0.610936599253
0.607750587244
0.604545970717
0.601325881466
0.598095332248
0.594857379015
0.59161466657
0.588368876299
0.585121614118
0.581873534093
0.578622802687
0.575364906774
0.572091885635
0.568793888498
0.56545860026
0.562070079806
0.558610030295
0.555059591618
0.551407397859
0.547678187446
0.544188191709
0.544407861579
0.574708292263
0.652938147926
0.691348083666
0.651663325283
0.603843631985
0.612884629482
0.647419593478
0.567363853788
0.548156278575
0.579738657372
0.582620980201
0.550544163335
0.595108131234
0.559235214809
0.518395375899
0.535568213552
0.539670422822
0.534571514852
0.534229103866
0.541231008778
0.53111028157
0.505671508306
0.502385842256
0.506068153669
0.505651048505
0.515745275693
0.505759034218
0.499965830631
0.495274515588
0.491520701659
0.49822060337
0.495068609118
0.49374209992
0.489080250888
0.486316247013
0.487805588693
0.487804133576
0.485213224973
0.482888812558
0.480007249833
0.481545442679
0.479676679185
0.478757649507
0.47561259236
0.474909437745
0.475302144125
0.472905710728
0.47009656137
0.46991832478
0.469694830675
0.466788478343
0.464474813238
0.463037370262
0.461235802861
0.459154830483
0.457633206076
0.456365000211
0.459077989328
0.503408208184
0.450531944023
0.56461492258
0.587530883375
0.707270895382
0.750417157756
0.762012970304
0.755044260016
0.736778218176
0.714873894034
0.696835723404
0.687198671038
0.682977059792
0.678232931671
0.668825609306
0.65212813871
0.626875077285
0.594859186515
0.564035770304
0.546311979303
0.546570898453
0.556731175981
0.55972725462
0.54911948722
0.531257546241
0.516657782855
0.509278782139
0.507686743806
0.50540938521
0.496156640338
0.481018750545
0.470859286285
0.458926634304
0.447394151022
0.444245917549
0.444448185373
0.441905549144
0.43976794956
0.438986696409
0.432829845761
0.4301518721
0.439774860937
0.445435319798
0.490577367419
0.461145714114
0.484377688029
0.44517133088
0.458145817418
0.474190981994
0.433569343027
0.450757411381
0.409826019913
0.432416383916
0.428749848533
0.417282778545
0.41891130481
0.413564885323
0.413960134698
0.404586061374
0.415109074089
0.406562566572
0.408851792048
0.397720946298
0.404025931995
0.403277501891
0.398158216391
0.405625735569
0.394171664176
0.394635561717
0.396820199021
0.389310176562
0.390250100191
0.39052197877
0.386795042405
0.385466229369
0.38724636477
0.387705306496
0.382373615153
0.38358924985
0.387322675371
0.380865521247
0.378868874796
0.381017973014
0.382992479333
0.389812100327
0.378721942713
