1.2251652916
1.22511835062
1.2250268468
1.2248928339
1.22471806817
1.22450403273
1.22425195995
1.22396285168
1.22363749778
1.22327649293
1.22288025183
1.22244902321
1.22198290246
1.22148184319
1.22094566785
1.22037407747
1.21976666063
1.21912290179
1.21844218914
1.21772382191
1.2169670174
1.21617091771
1.21533459627
1.21445706433
1.21353727737
1.21257414158
1.21156652052
1.21051324189
1.20941310469
1.20826488664
1.20706735208
1.20581926029
1.20451937441
1.20316647098
1.20175935007
1.20029684626
1.19877784022
1.19720127129
1.19556615074
1.19387157599
1.19211674566
1.19030097552
1.18842371522
1.18648456589
1.1844832984
1.18241987228
1.18029445514
1.17810744238
1.17585947704
1.17355146953
1.17118461692
1.16876042139
1.16628070757
1.16374763818
1.16116372746
1.1585318519
1.1558552575
1.15313756309
1.15038275869
1.14759519848
1.14477958739
1.14194096067
1.13908465568
1.13621627525
1.13334164204
1.1304667434
1.1275976666
1.12474052417
1.12190136965
1.11908610426
1.11630037513
1.11354946639
1.11083818465
1.10817074078
1.10555063022
1.10298051487
1.10046210924
1.09799607453
1.09558192424
1.09321794501
1.09090113679
1.08862717607
1.08639040614
1.08418385791
1.08199930462
1.07982735332
1.07765757554
1.07547867885
1.07327872036
1.071045362
1.0687661666
1.06642893186
1.06402205765
1.06153493959
1.05895837857
1.05628499233
1.05350961084
1.05062963214
1.04764531075
1.04455994665
1.04137994091
1.038114686
1.03477626606
1.03137895791
1.0279385474
1.0244715081
1.02099412736
1.01752170023
1.01406793567
1.01064471644
1.00726231367
1.00393007242
1.00065746425
0.997455270876
0.994336561899
0.991317106005
0.988414944969
0.98564906636
0.983037388096
0.980594526904
0.978329955725
0.976247082693
0.974343499187
0.972612232702
0.971043461233
0.969625972751
0.968347794344
0.96719584703
0.966155027747
0.965207501852
0.964332957451
0.963510068915
0.962718676484
0.961941667479
0.961165645128
0.960380217392
0.959576660603
0.958747118564
0.957885004287
0.956986193855
0.956049810013
0.955077638321
0.954072409637
0.953036280094
0.951970689323
0.950877351064
0.94975888119
0.948618041742
0.947456406115
0.946274152345
0.945071271717
0.943848503133
0.942606704562
0.941345824036
0.940065323105
0.938765408398
0.937446933731
0.936110358666
0.934756102096
0.933385845741
0.93200229631
0.930608180677
0.92920664198
0.927801314949
0.926394778448
0.924988157905
0.923581792801
0.922174803024
0.920765737693
0.91935410655
0.917940224052
0.916525472412
0.915111975035
0.913700910313
0.912292211439
0.910883889019
0.909472736024
0.908055544071
0.906629767123
0.905194034189
0.903747209139
0.90228780688
0.900813169273
0.899319976362
0.897804907812
0.896265290504
0.894698942589
0.893103490211
0.891476085276
0.889813333594
0.88811162611
0.886367298774
0.884576201256
0.882733261144
0.880832265975
0.878865979379
0.876826275353
0.874704356608
0.872491280981
0.870189549139
0.86791257397
0.867135044754
0.887338362492
1.10106101423
1.22852950686
1.40825241677
1.4494270239
1.45149039178
1.42339238032
1.32957107729
1.1002572868
1.0809030619
1.29825167277
1.29464500905
1.07504193663
1.03164318229
1.14894296939
1.20756396584
1.18474404246
1.06579178671
0.899575015912
0.990578500963
1.17632242231
1.16814330719
0.972616461747
0.862862177199
0.957493628485
1.06314669076
1.12203786752
1.14525795714
1.13732055481
1.09901070102
1.03045743824
0.940500724432
0.863211551367
0.850512410039
0.905066140508
0.972902516681
1.01804586774
1.03475895771
1.02139865427
0.983195858569
0.932154903918
0.884319096396
0.853820164639
0.846102339687
0.856247010152
0.87401947336
0.890188272315
0.899270510638
0.899368232224
0.891223314491
0.877139000141
0.861097391164
0.847978838158
0.841831748465
0.843649971418
0.850425509448
0.856941502159
0.858971594614
0.855458010894
0.848352384263
0.841434501016
0.837891131334
0.838446614304
0.841343213793
0.843955702733
0.844462975238
0.842593882248
0.839370532524
0.836555918145
0.83553996922
0.836356364664
0.83769342424
0.838052445525
0.83695026039
0.835083969215
0.833682380993
0.8334080781
0.833862859941
0.834119844054
0.833625333876
0.832563395664
0.831634954155
0.831345713419
0.831487898902
0.831430988827
0.830856676716
0.830102610614
0.829679064314
0.829604213308
0.829441707974
0.828940944642
0.828367231201
0.828060717536
0.82789624239
0.827530280103
0.82701859192
0.826670169286
0.826437772138
0.826053985519
0.825592817347
0.82527251585
0.824959634196
0.824514934191
0.824123133103
0.823793281685
0.823360521522
0.822940024258
0.822571224696
0.822116772045
0.821683715581
0.821260766899
0.820770935199
0.820318423917
0.819818144533
0.819307368726
0.818790529325
0.818229841123
0.817676008538
0.817070514428
0.816467502825
0.815814895499
0.815156584204
0.814452553948
0.813730307809
0.812973051169
0.81217803108
0.811359109914
0.810494000341
0.80959179749
0.808656034219
0.80767471197
0.80664418055
0.805567492749
0.804443269827
0.803268746256
0.802042671848
0.800770112166
0.799507686435
0.798708770364
0.802740724136
0.850225860755
0.835497246474
0.833174640301
0.810902771445
0.812363946472
0.817766120087
0.864745228996
0.785789961966
0.885886932849
0.793232828241
0.837296713897
0.783335601635
0.826161193096
0.814874652808
0.783342014125
0.820356239709
0.805051858376
0.774404752132
0.804004041339
0.791082771993
0.774574200623
0.795448828581
0.780162763494
0.774619385733
0.787128584011
0.769201373341
0.779217131227
0.775375501098
0.768964630199
0.776553730002
0.765941556163
0.772947770047
0.766423596966
0.768716987033
0.766451535473
0.765615923729
0.765510045291
0.763582526726
0.7633072523
0.762836032668
0.760784183719
0.762255784407
0.758519291726
0.760259021679
0.757562441947
0.757197176542
0.75754382266
0.754779469568
0.755081898281
0.754708920583
0.75233930268
0.751752240901
0.752142620711
0.750976965082
0.749242266746
0.747646338056
0.746388233321
0.745267076683
0.744211360564
0.743481766201
0.745248530756
0.764628041267
0.861100807587
0.877451276926
0.765437774772
1.05391166665
0.744729753129
0.908105741882
0.839821967027
0.786839848365
0.826352315684
0.734712177463
0.806170203298
0.801394225178
0.732080192361
0.784340359084
0.811027489214
0.738798757921
0.748276928928
0.785942252182
0.778041233657
0.737645705756
0.731763468108
0.762098692591
0.768095588124
0.740720507108
0.725354409518
0.738966215941
0.750579053036
0.741113115559
0.724589126481
0.726581625534
0.73829779535
0.73347252844
0.721790158424
0.724927508857
0.731649378073
0.727052713551
0.71997895947
0.723535235838
0.726510615446
0.720797862318
0.719112498143
0.722747056182
0.721188726875
0.717639982579
0.719653601734
0.71993533452
0.716841580696
0.717606384932
0.718309332903
0.716022192625
0.716090206518
0.716777814789
0.714978197247
0.714982110725
0.715308366399
0.713885095331
0.713910532601
0.713907367726
0.71274976445
0.712956154425
0.712450249725
0.711730095983
0.711829615653
0.710975672817
0.71081533322
0.710354136116
0.709814676363
0.709570723936
0.708893441309
0.708649906184
0.707957803874
0.707648343117
0.706972142179
0.706548722797
0.705925261388
0.705330404745
0.704796982512
0.704049374471
0.703452610309
0.702782934339
0.701968669369
0.701207079132
0.700475049743
0.699680642426
0.698834227323
0.697995280496
0.697382620865
0.697893218139
0.703616911145
0.72531696108
0.817482438859
0.696205655294
0.878760698694
0.700988218246
0.793178040949
0.7124753001
0.757675642468
0.786223230566
0.68687341567
0.763219613937
0.777411997647
0.701524098331
0.707886143565
0.756867827454
0.71797453693
0.682157905332
0.714319052734
0.740786633651
0.723710229013
0.686961225906
0.686360879878
0.713411342427
0.706210946571
0.680323903158
0.686397576159
0.701364905683
0.692818039048
0.6773830329
0.685029991356
0.692264269854
0.679947588748
0.677287514572
0.685498201135
0.681643693983
0.674664450667
0.68009499412
0.679782867677
0.673727344569
0.677327231361
0.677317308873
0.672765710712
0.675606269828
0.674513734513
0.671908412815
0.674254824554
0.671849576558
0.671552601793
0.672159417573
0.669938729341
0.671105073426
0.669545456771
0.669469423073
0.669098376029
0.668188706078
0.668280072355
0.667096635158
0.667277471753
0.666115008897
0.666179009034
0.665111381642
0.665048742891
0.664101561669
0.663805231823
0.663100610902
0.662423287863
0.662030669263
0.661117420541
0.660552272281
0.660004324782
0.659103891107
0.658261577053
0.65759301423
0.656952807754
0.65635451522
0.656039636148
0.657380524455
0.663227884859
0.687731482796
0.724659066381
0.670687040838
0.659924494241
0.714565667345
0.648286595531
0.687334707142
0.649461470647
0.677988713035
0.671786873786
0.648460924458
0.676019189694
0.659261944843
0.642694413511
0.665264941336
0.648126543301
0.644452762762
0.656470363612
0.64066806537
0.645804792084
0.647567822233
0.637160144824
0.646154597208
0.638645332066
0.639155163259
0.641191016012
0.634804352613
0.639977567824
0.634392945313
0.636748731292
0.634850259651
0.633925618188
0.634471208793
0.631928185767
0.63340934049
0.630732018602
0.632030502633
0.629640559292
0.63068446594
0.628711992733
0.629233593025
0.62777329813
0.627748235111
0.627069642613
0.626099670761
0.626254410968
0.6248366298
0.624620597505
0.624186490842
0.622972657009
0.622444581995
0.622188826885
0.62151444497
0.620504818371
0.61953775633
0.618653348954
0.617861436539
0.617354836464
0.618660144397
0.62908928329
0.689645958528
0.62315335856
0.624254363581
0.672242716141
0.616252388311
0.688135902467
0.616778298255
0.662503364347
0.677846669624
0.607385297605
0.666265096725
0.666475049566
0.604797395518
0.6454257812
0.674233866705
0.653202782084
0.610645100086
0.609755699591
0.640927121489
0.648503268595
0.622217078308
0.601301619017
0.61045427339
0.626705529319
0.624979316211
0.607949558419
0.599682017739
0.609819389555
0.616003711688
0.60635097133
0.598599769221
0.604013271035
0.608802660815
0.603623965157
0.597796463033
0.601009771103
0.604173273294
0.599839189815
0.597049982968
0.600066700239
0.600527378859
0.597071485439
0.596778576861
0.598807196774
0.597201700842
0.595588100765
0.596970416559
0.596617511345
0.594939489113
0.595673338649
0.595642768
0.594274578425
0.594771232827
0.594564749736
0.593556926756
0.593978831791
0.593419187912
0.592883117328
0.593077628886
0.592304379605
0.592249502989
0.591914540372
0.591435827564
0.591352236739
0.590737558609
0.5906492741
0.590046903114
0.589882746596
0.589299871612
0.589067463402
0.588493971611
0.588162514742
0.587650120206
0.587145452134
0.586726981709
0.586112411319
0.585577420463
0.585068450303
0.584428739541
0.583743911041
0.583083664004
0.582435757487
0.58180491249
0.581309031822
0.581606215453
0.584802063436
0.600444293856
0.642546762811
0.605655380378
0.579332973206
0.631659853187
0.579067144949
0.602952101182
0.572637557826
0.598241671857
0.579808681696
0.579316926751
0.587689356162
0.569317007387
0.584508417401
0.570299190589
0.576619312072
0.573720034078
0.569967379319
0.57320254199
0.567061522439
0.571400869613
0.564950447765
0.569354107673
0.563944282775
0.566958623473
0.562940084676
0.564748163243
0.562449629852
0.562338516029
0.562340025526
0.559989947414
0.561533691136
0.558810373211
0.559411278798
0.558797183435
0.556986016052
0.557711581399
0.556766252632
0.555123923159
0.555232614569
0.555143323642
0.553807801458
0.552522479972
0.551764966288
0.551457600638
0.551976042611
0.554341911338
0.562625368316
0.578527077294
0.62437698649
0.547194892251
0.632756160791
0.547016050772
0.601094486089
0.553261899923
0.579266556571
0.59610122235
0.541522250524
0.580872012602
0.593162413517
0.549349025101
0.552019235308
0.580125835869
0.563375634934
0.53852692107
0.552729957981
0.564598358156
0.548078542611
0.537367835323
0.551433137004
0.550404276708
0.536449505326
0.542568693471
0.547490969076
0.537607919959
0.537202969509
0.543225583061
0.536520935947
0.535665610964
0.539778971207
0.53493567845
0.534815778072
0.537110163599
