0.936762646361
0.936580000567
0.936224002173
0.935702718017
0.935023089619
0.934191026317
0.933211490957
0.932088578662
0.930825589215
0.929425093567
0.92788899504
0.926218585719
0.92441459856
0.922477255715
0.92040631353
0.918201104702
0.915860578014
0.913383336099
0.910767671607
0.908011602208
0.905112904772
0.902069149118
0.898877731671
0.895535909365
0.892040834122
0.88838958822
0.884579220842
0.880606786094
0.876469382752
0.87216419598
0.867688541239
0.863039910569
0.858216021397
0.853214867977
0.848034775516
0.842674456981
0.837133072521
0.831410291328
0.8255063557
0.819422146942
0.813159252625
0.806720034587
0.80010769692
0.79332635303
0.786381090679
0.779278033767
0.772024399417
0.764628548778
0.757100029807
0.749449610127
0.741689298007
0.7338323494
0.725893259004
0.71788773336
0.709832644156
0.70174596012
0.693646656241
0.685554599501
0.677490410815
0.66947530357
0.66153089986
0.653679026324
0.645941492353
0.638339854258
0.630895169818
0.623627748332
0.616556901898
0.609700704021
0.603075761851
0.59669700824
0.59057751948
0.584728363927
0.579158485839
0.573874627641
0.568881292557
0.564180748174
0.559773070076
0.555656223379
0.551826178723
0.548277058282
0.545001306531
0.541989880005
0.539232450018
0.536717612375
0.534433098348
0.532365981739
0.530502877443
0.528830127761
0.527333973487
0.526000707666
0.524816810714
0.523769066334
0.522844658314
0.522031248848
0.521317039448
0.520690815847
0.520141978514
0.519660560532
0.519237234641
0.518863311233
0.518530729013
0.518232039923
0.517960389831
0.517709496267
0.517473624406
0.517247562252
0.517026595871
0.516806485318
0.516583441746
0.516354106017
0.516115528978
0.51586515335
0.515600797043
0.51532063749
0.515023196394
0.514707324075
0.514372182426
0.514017225289
0.513642174932
0.51324699328
0.51283184663
0.512397062829
0.511943080451
0.511470390267
0.510979470467
0.51047071851
0.509944384116
0.509400509543
0.508838884657
0.508259024846
0.507660179263
0.507041374585
0.506401495421
0.505739396731
0.505054037071
0.50434461532
0.503610689722
0.502852258232
0.502069784477
0.501264163968
0.500436638846
0.499588683019
0.498721889175
0.49783789112
0.496938347305
0.496024995053
0.49509976339
0.494164911332
0.49322314494
0.492277666462
0.491332125745
0.490390475793
0.489456771922
0.488534981762
0.487628874171
0.48674201941
0.485877870396
0.485039836837
0.484231250748
0.483455173858
0.482714092306
0.48200962136
0.481342344619
0.480711830027
0.480116756014
0.47955502868
0.479023820115
0.478519570965
0.478038076797
0.477574736283
0.477124904149
0.476684193564
0.476248625189
0.475814680803
0.475379406524
0.474940607234
0.474496993381
0.474048119743
0.473594149657
0.473135642235
0.472673446086
0.472208543448
0.471741724906
0.471273270367
0.470802853098
0.470329565354
0.469851893958
0.469367802021
0.468875055978
0.468371530316
0.467855356264
0.467325153361
0.466780233133
0.466220507454
0.465646339438
0.465058363427
0.464457082358
0.463842592952
0.463214473627
0.462571741473
0.461913136827
0.461237436969
0.460543788615
0.459831956337
0.459102252103
0.458355316688
0.457591634874
0.456811171173
