1.44426461943
1.44426235926
1.44425795189
1.44425149335
1.44424306408
1.44423273023
1.44422054477
1.44420654849
1.44419077082
1.44417323068
1.4441539371
1.44413288981
1.44411007977
1.44408548958
1.44405909387
1.44403085961
1.44400074632
1.44396870635
1.44393468497
1.44389862048
1.44386044434
1.44382008112
1.44377744856
1.44373245748
1.44368501174
1.44363500812
1.44358233618
1.44352687809
1.44346850847
1.44340709411
1.44334249377
1.44327455788
1.44320312823
1.44312803765
1.44304910961
1.44296615788
1.44287898608
1.44278738722
1.44269114326
1.44259002452
1.44248378923
1.44237218285
1.44225493754
1.44213177145
1.44200238804
1.44186647535
1.44172370524
1.44157373253
1.44141619416
1.4412507083
1.4410768733
1.44089426674
1.44070244432
1.44050093873
1.44028925841
1.44006688632
1.43983327854
1.43958786291
1.43933003749
1.43905916894
1.43877459092
1.43847560224
1.43816146504
1.43783140277
1.43748459811
1.43712019077
1.43673727511
1.4363348977
1.43591205468
1.435467689
1.43500068749
1.43450987776
1.4339940249
1.43345182805
1.43288191673
1.43228284694
1.43165309708
1.43099106362
1.43029505653
1.42956329442
1.42879389949
1.4279848921
1.42713418514
1.42623957802
1.42529875042
1.42430925565
1.42326851375
1.42217380424
1.4210222585
1.4198108519
1.41853639556
1.41719552787
1.41578470568
1.41430019536
1.41273806354
1.41109416792
1.40936414795
1.40754341564
1.40562714663
1.40361027171
1.40148746897
1.39925315695
1.39690148896
1.39442634928
1.39182135141
1.38907983925
1.38619489175
1.38315933206
1.37996574198
1.37660648319
1.37307372635
1.36935948987
1.3654556901
1.36135420497
1.35704695331
1.35252599239
1.34778363614
1.34281259667
1.33760615166
1.33215833973
1.32646418538
1.3205199541
1.31432343677
1.30787426034
1.3011742191
1.29422761706
1.28704160791
1.27962651352
1.27199609681
1.26416775887
1.25616262568
1.24800548632
1.23972454474
1.23135095069
1.22291808558
1.2144605944
1.20601317728
1.19760918106
1.18927906035
1.18104880507
1.1729384518
1.16496080577
1.15712049533
1.14941346045
1.14182694321
1.13434000625
1.12692455973
1.11954683502
1.11216920801
1.1047522489
1.09725685877
1.0896463453
1.08188828977
1.07395606366
1.06582986779
1.05749719058
1.0489526173
1.04019697069
1.03123582498
1.02207750796
1.01273078402
1.00320248689
0.993495433686
0.983606988571
0.973528640755
0.963246901994
0.95274569687
0.942010203517
0.931031802978
0.919813439387
0.908374352482
0.896752948846
0.885006707734
0.873208637638
0.861440926799
0.84978774429
0.83832989997
0.827143337548
0.816300850287
0.805873051061
0.795923130244
0.786492926661
0.777585057915
0.769152343422
0.76110441944
0.753330188488
0.745721649793
0.73818299601
0.730623342616
0.722949707883
0.715078745251
0.706965329204
0.698623405171
0.690117572378
0.681533650551
0.672957507051
0.664473374055
0.65615914175
0.648060199049
0.640164766187
0.632414157851
0.624734987891
0.61705285404
0.609289962771
0.60138271062
0.593309933757
0.585089391658
0.576755138806
0.568354229856
0.55993941408
0.551539085897
0.543150444223
0.534755357002
0.52632164956
0.51782001005
0.509248098272
0.500619128429
0.491953759757
0.483271544885
0.474575626554
0.465866398489
0.457141476061
0.448394539021
0.439611826659
0.430765779943
0.421834388139
0.41281132255
0.403713372876
0.394559166227
0.385357614375
0.376103846363
0.366797394337
0.357449096072
0.348074991902
0.338687251501
0.329298850418
0.319932799253
0.310615665205
0.301372164903
0.292229533573
0.283218271958
0.274367263052
0.265698582109
0.257233757307
0.248996393249
0.241004833453
0.233273026156
0.225832974619
0.218888123057
0.214365413507
0.233848579318
0.258446812068
0.193386710941
0.228195674572
0.183787681766
0.213603110661
0.188557804261
0.184267108095
0.192176512739
0.168132850469
0.174026485405
0.176687606191
0.159437187047
0.167129440064
0.171222229037
0.157237732303
0.154697690034
0.161827254008
0.158383307353
0.149153042392
0.149755406562
0.15379348898
0.149767239024
0.144363814042
0.146303298885
0.147472095572
0.143045817441
0.141322844243
0.143196319169
0.141449693121
0.138559368926
0.139381993567
0.138930954167
0.13628203574
0.136329817694
0.136032298224
0.133775435821
0.13353775312
0.132789175994
0.130881938109
0.130612350012
0.129017248571
0.127741839266
0.126791345803
0.1248721397
0.123901332961
0.121844461182
0.120632252679
0.118505801104
0.117081835332
0.114913469054
0.113307379649
0.111239771978
0.109270729583
0.107503933756
0.105355967192
0.103377999995
0.101561085985
0.0995581374244
0.0973968297309
0.0952569764507
0.0931743497077
0.0911417779339
0.0891972687756
0.087617497197
0.0883063350744
0.101638117245
0.102938373307
0.0838665623692
0.0781093398821
0.0868428141421
0.0747576984224
0.0777374709771
0.0771787753884
0.0690942962776
0.073835016322
0.0662397628867
0.0697392818599
0.0646838815029
0.0649901928782
0.0637335498892
0.0612617882308
0.0620258259286
0.0586344960449
0.0599358271129
0.0567666404118
0.0577701220295
0.0551582370934
0.0558187307641
0.0536175978606
0.0540300353853
0.0521306986876
0.0524048705515
0.0506867779682
0.0508080039287
0.0493386882673
0.0491986126934
0.0481914254411
0.0474539241643
0.0471076541034
0.0459565801741
0.0454682720083
0.0449702884613
0.0439666419809
0.0431667963206
0.0426889904157
0.0421913262838
0.0415626855083
0.0410086463422
0.0408452493262
0.0425048805706
0.0387255529524
0.0376444088639
0.0393523742744
0.03574669921
0.0375916313399
0.0346993224316
0.0355514396885
0.0338838686601
0.0338634573318
0.0328245065507
0.0326708081797
0.031668307117
0.0317579877335
0.0305478915518
0.0308703398535
0.0295799052661
0.0299304465725
0.0288020086257
0.028838008524
0.0281942488702
0.0277190106337
0.0276337018461
0.0268413956661
0.026652230895
0.0264064184456
0.0257302332458
0.0253483365391
0.0251929472168
0.0248691265933
0.0243892152971
0.0238846603635
0.0234317501584
0.0230404384886
0.0227955264316
0.02316834905
0.0261826324477
0.0235681604763
0.0208254941847
0.0218755238747
