1.05668848231
1.05663140339
1.05652011714
1.05635708284
1.05614438169
1.05588374769
1.05557659538
1.0552240448
1.05482694379
1.05438588805
1.053901239
1.05337313973
1.05280152927
1.05218615527
1.05152658524
1.05082221661
1.05007228561
1.04927587518
1.04843192204
1.04753922298
1.04659644045
1.04560210768
1.04455463333
1.0434523057
1.04229329678
1.04107566608
1.03979736434
1.03845623736
1.03705002975
1.03557638911
1.03403287031
1.03241694028
1.03072598332
1.02895730701
1.02710814888
1.02517568398
1.02315703352
1.02104927462
1.01884945144
1.01655458782
1.01416170163
1.01166782094
1.00907000233
1.00636535149
1.00355104627
1.00062436254
0.997582702967
0.99442362901
0.991144896286
0.98774449362
0.984220685894
0.980572060906
0.976797580373
0.972896635157
0.968869104758
0.964715420996
0.960436635741
0.956034492407
0.951511500763
0.946871014461
0.942117310443
0.937255669143
0.932292454141
0.927235189562
0.922092633197
0.916874842914
0.911593233516
0.906260620762
0.900891248868
0.895500797336
0.890106362613
0.88472640978
0.87938068924
0.874090113369
0.868876588229
0.863762795902
0.858771923734
0.853927337972
0.849252200879
0.84476903254
0.840499221251
0.83646248964
0.832676327381
0.82915540558
0.825910992328
0.822950393438
0.820276446518
0.81788710002
0.815775111152
0.813927897062
0.812327571917
0.810951198015
0.809771271366
0.808756451341
0.80787252983
0.80708361862
0.806353514914
0.80564718544
0.80493229084
0.804180655893
0.803369579657
0.802482875142
0.801511532762
0.800453917631
0.799315439074
0.79810767175
0.796846960166
0.795552598557
0.794244739977
0.792942243452
0.791660705853
0.790410934959
0.789198092853
0.788021669535
0.786876337129
0.785753595762
0.784643972616
0.783539403329
0.782435342172
0.781332145319
0.780235372111
0.779154855382
0.778102678154
0.77709050119
0.776126925971
0.775215653496
0.774355039555
0.773539247873
0.772760657268
0.772012673743
0.771291858085
0.770598470744
0.769935162734
0.769304388801
0.768705798551
0.768134976415
0.767584280302
0.767045398497
0.766512201686
0.765982189894
0.765455636881
0.764933041215
0.764412724708
0.763890390785
0.763360986616
0.762821308637
0.762271061329
0.761711379703
0.761142210521
0.760561170658
0.759965097688
0.759352635119
0.758724945928
0.758083767403
0.757429323479
0.756760877848
0.756079099165
0.75538664073
0.754685840178
0.753976979978
0.753259728433
0.752534919919
0.751803257248
0.751063556171
0.75031431739
0.749555616726
0.748787619083
0.748009581871
0.747221837711
0.746425755616
0.745621724797
0.744810225755
0.743992587442
0.743169236783
0.74234062649
0.741507810264
0.740670871296
0.739830130854
0.738985902784
0.73813803368
0.737287208076
0.736433802664
0.735578610085
0.734722010476
0.73386398474
0.733004170994
0.732141914191
0.731276686342
0.730408025015
0.729535511352
0.72865867517
0.727776765914
0.726889078726
0.725994531742
0.725091780288
0.724179417277
0.723255994935
0.722320037077
0.72136995764
0.720403830571
0.719419631346
0.71841539584
0.717389168755
0.716339408945
0.71526541022
0.714175368848
0.713152561381
0.713156919551
0.724090084007
0.83606853615
0.794251204616
0.735135760009
0.762916717729
0.737945770575
0.709317734441
0.739476560918
0.755504379344
0.725955784126
0.707415230829
0.723502110914
0.720006895058
0.702048708567
0.713539805859
0.764245911774
0.708774471055
0.710179067883
0.727956853879
0.703530584892
0.729036104846
0.7065164793
0.698513777672
0.733502683331
0.696437719152
0.715257072015
0.699687209716
0.70071989932
0.704730068656
0.696402671391
0.704309602295
0.68902128702
0.698795826115
0.70049563287
0.687686241461
0.690883772011
0.694248472946
0.687031231671
0.687601360972
0.691602186246
0.689222098447
0.684275215909
0.683015566075
0.685015798025
0.686421524881
0.685770527811
0.684834388482
0.686601477296
0.69167918357
0.705232916871
0.715186756322
0.720847694878
0.694556574685
0.679281288929
0.678398943631
0.696159687825
0.796593398178
0.704370004298
0.720898382188
0.735250476536
0.688221159076
0.771489836859
0.68335103443
0.732481248796
0.672763218578
0.71399819978
0.693358592097
0.687747613406
0.708903792837
0.680088324317
0.685418011593
0.683853470048
0.677249459068
0.686117367372
0.671328760593
0.678255751078
0.668930486836
0.678017123766
0.667261837796
0.673957947776
0.664463112038
0.670841318463
0.667042100323
0.664380008522
0.66724553703
0.662379619669
0.66671122328
0.661660248764
0.662190671507
0.663870619946
0.659702698381
0.660552416819
0.660710031322
0.65822952179
0.65892278554
0.658545821963
0.656780638028
0.65584071178
0.656175665577
0.656689813305
0.655495116075
0.653922382115
0.652996967872
0.652274866435
0.651716311268
0.652412617771
0.657443667814
0.684244672878
0.66247767246
0.648706349238
0.661353459721
0.671744008755
0.667310161338
0.653444327754
0.645891884019
0.64395992741
0.649350048955
0.674817453463
0.749947554251
0.668164643789
0.695016360248
0.648858993448
0.68239124231
0.646642284777
0.681344437504
0.672391748844
0.641178864181
0.669845653466
0.661413722097
0.646518808058
0.661433044556
0.658535172467
0.635953715987
0.647103098543
0.646518896801
0.638305499351
0.64885961335
0.633440696953
0.639409211216
0.639393791791
0.635172168703
0.639795571655
0.630896905531
0.635813805322
0.63226327217
0.634609055162
0.630850674073
0.631174342805
0.631144445028
0.630413172343
0.629842192426
0.628520072969
0.628400491742
0.629046860714
0.626143070288
0.627871300638
0.625819737991
0.626203479745
0.625153006821
0.624218857396
0.624867075241
0.623505783558
0.622657376292
0.622887356047
0.622096767003
0.621084151221
0.620389214837
0.620142144817
0.620395293619
0.620461687889
0.620697193187
0.621072157728
0.622211224386
0.623301324672
0.624710356313
0.624216791034
0.629200286522
0.639240919041
0.661380333927
0.659488120033
0.652732773151
0.633350175005
0.637100467428
0.679933128748
0.638785378181
0.621129264844
0.665425318305
0.608740281798
0.645159528135
0.605502525711
0.634366153718
0.613285369314
0.617299396547
0.623627909263
0.602498801135
0.621600297092
0.602611598924
0.61568802734
0.602783676665
0.609471501325
0.604873584292
0.604934241509
0.604292670315
0.602177557066
0.60193802605
0.602418518434
0.598562418836
0.602253664806
0.596460820012
0.600851407425
0.595208320837
0.59818101647
0.596657608485
0.593963593776
0.5968545601
0.593852314454
0.592460021784
0.59477574848
0.593721814184
0.590923142286
0.590508623266
0.59221272009
0.593529957166
0.593381025033
0.592433516645
0.592542711984
0.593988530332
0.600251102576
0.611250365483
0.629680531497
0.620842946816
0.610945582367
0.606057369563
0.634615775106
0.593014359935
0.590836710825
0.623299924599
0.579476965557
0.617094378175
0.578291617024
0.606436046765
0.590214125136
