0.820058139592
0.820057486846
0.820056213979
0.820054348712
0.820051914266
0.820048929732
0.820045410386
0.820041367984
0.820036811007
0.820031744885
0.820026172193
0.820020092818
0.820013504107
0.820006400991
0.819998776093
0.819990619813
0.819981920405
0.819972664032
0.81996283481
0.819952414842
0.81994138423
0.81992972109
0.819917401545
0.819904399712
0.819890687682
0.819876235485
0.819861011048
0.819844980149
0.819828106358
0.819810350968
0.819791672921
0.819772028728
0.81975137237
0.819729655209
0.819706825867
0.81968283012
0.819657610765
0.819631107489
0.819603256719
0.819573991475
0.819543241201
0.81951093159
0.819476984401
0.819441317257
0.81940384344
0.819364471668
0.819323105856
0.819279644873
0.81923398227
0.819186006006
0.819135598151
0.819082634569
0.819026984591
0.818968510657
0.818907067952
0.818842504002
0.818774658268
0.818703361693
0.818628436243
0.818549694409
0.818466938677
0.818379960981
0.818288542107
0.818192451076
0.818091444475
0.817985265765
0.817873644536
0.81775629572
0.817632918765
0.817503196748
0.817366795448
0.817223362357
0.817072525634
0.816913893009
0.81674705061
0.816571561736
0.81638696556
0.816192775762
0.815988479089
0.815773533848
0.815547368324
0.815309379128
0.815058929473
0.814795347386
0.814517923864
0.814225910968
0.813918519891
0.813594918987
0.81325423181
0.812895535168
0.812517857235
0.812120175775
0.811701416512
0.811260451738
0.810796099226
0.810307121575
0.809792226099
0.809250065435
0.808679239054
0.808078295922
0.807445738581
0.806780028991
0.806079596536
0.80534284864
0.804568184531
0.803754012765
0.802898773151
0.80200096381
0.801059174076
0.800072123959
0.79903871071
0.797958062842
0.796829601484
0.795653108291
0.794428798074
0.79315739283
0.791840191834
0.790479129747
0.789076811396
0.787636507983
0.786162095437
0.784657912038
0.78312851055
0.781578281738
0.780010933681
0.778428827518
0.776832197742
0.775218324619
0.773580775291
0.771908880159
0.770187646708
0.76839831157
0.766519669159
0.764530175701
0.762410617702
0.760146896071
0.757732290479
0.755168530094
0.752465180193
0.74963726114
0.746701549271
0.74367249159
0.74055890986
0.737362558981
0.734079144857
0.730701710779
0.727225531778
0.72365298473
0.719996490149
0.716277854691
0.712523576238
0.70875804742
0.704999221512
0.701261714215
0.697567821403
0.69395876087
0.69049438134
0.68723749806
0.684234144928
0.681506240661
0.679059700461
0.676893308107
0.674994278396
0.673327483327
0.671839395767
0.670478929756
0.669208860866
0.667994356362
0.666793870133
0.665572440368
0.664314693556
0.663013862528
0.661659379003
0.66024795026
0.658789671323
0.657291663801
0.655757591404
0.654200925786
0.652633713167
0.651060856479
0.649493845857
0.647940234038
0.646401171684
0.644882616338
0.643384658922
0.641910186885
0.640464234351
0.63904722264
0.637661325902
0.636300732858
0.634960717926
0.633631622274
0.632307518301
0.630983414135
0.629662182784
0.6283483574
0.627048829467
0.625765673031
0.624494805346
0.62322450353
0.621937769854
0.620620142474
0.619263086773
0.617864906428
0.616427275861
0.614948666765
0.613421816904
0.611834431514
0.610181052583
0.608486622043
0.606977267027
0.607842615636
0.626879300395
0.754274320103
0.798781149743
0.790120982385
0.732381080881
0.64977657314
0.813697168592
0.658314695742
0.678457992117
0.725184957205
0.726642706238
0.673632327536
0.601093063967
0.758608048325
0.593153926506
0.645135199203
0.69051863079
0.703613725819
0.690916992491
0.657504422567
0.622195090943
0.630861028363
0.66281295448
0.650105945826
0.606220627887
0.595446802198
0.60868997829
0.617548888872
0.613751541242
0.602912581486
0.601043308447
0.611120373672
0.603709566747
0.587326479332
0.587236968219
0.589532067625
0.585970203147
0.586634016834
0.593271691976
0.589440957106
0.58367259772
0.583962840362
0.581829402077
0.578434273739
0.581381858953
0.582341546766
0.57945339465
0.580143221715
0.579025150577
0.575706598194
0.576697245162
0.57624922393
0.575224137832
0.576325343713
0.574439545839
0.573754534334
0.573282479456
0.572127006612
0.572656803434
0.571490504394
0.571477954253
0.570130968843
0.569882521306
0.569104282593
0.568988962087
0.567948878257
0.567540206884
0.566576268151
0.566236225993
0.565586208497
0.564590559999
0.564094928438
0.563427626089
0.562418548645
0.561577689307
0.560969304817
0.560400913263
0.560148835617
0.560675648749
0.566264639702
0.569256682726
0.597395528826
0.569988068527
0.645900895665
0.580020522195
0.618594666785
0.589138471364
0.564231249943
0.605452960921
0.553334301657
0.571422014264
0.579552824888
0.551178750398
0.573922201513
0.573529741426
0.548499362121
0.570091767972
0.564380791906
0.544543240918
0.563435992441
0.550800045552
0.547901194384
0.556969889282
0.545572783982
0.547128095306
0.548901414706
0.541536954161
0.548426734705
0.540626915175
0.544779222339
0.54032469887
0.541042710459
0.541332507933
0.537554987523
0.540873266767
0.536488577493
0.538897375874
0.535086973495
0.537754690635
0.534266231219
0.535931346418
0.533198230241
0.534535446977
0.53251645215
0.532694008457
0.531752998044
0.530814130411
0.530981149384
0.529360667778
