23.48
23.94
25.76
24.54
24.2
23.58
23.98
25.28
23.48
22.4
23.76
24.18
25.28
23.58
23.2
22.42
22.48
21.32
20.52
19.54
22.46
23.08
24.02
23.52
22.52
23.54
23.52
23.5
24.3
24.56
20.66
21.38
23.98
22.34
23.18
22.48
22.2
23.54
23.98
23.64
23.08
22.94
23.06
23.06
22.88
22.94
22.48
22.84
21.98
22.02
21.8
21.66
21.38
22.2
23.5
24.64
24.2
24.8
24.42
22.46
21.64
22.52
24.14
23.46
23.12
21.66
22.86
21.6
21.16
21.32
21.04
20.86
21.68
23.6
23.68
23.9
22.38
22.84
23.72
22.92
23.16
22.1
22.22
22.22
22.06
22.9
22.96
22.3
21.48
21.88
22.98
22.62
21.98
22.74
23.26
22.96
24.24
22.54
23.16
22.82
22.82
22.16
21.68
21.58
20.98
22.82
22.92
22.98
22.96
22.7
23.24
23.58
23.32
23.02
23.42
23.24
21.36
21.24
21.5
23.42
25.2083156539
26.2913889808
22.78
23.12
25.42
24.08
23.72
23.52
22.94
23.18
24.8
25.16
25.16
24.74
24.72
24.12
23.58
21.64
24.16
24.48
23.3
24.54
24.94
23.42
23.08
22.28
23.52
23.0
23.9
24.96
24.2
22.84
22.96
22.44
22.74
21.98
22.1
22.26
22.7
23.26
22.86
23.56
24.18
21.94
17.78
18.82
19.74
21.0
19.64
19.28
19.98
21.12
22.16
22.4
23.52
20.14
17.66
21.22
20.16
20.14
22.64
22.44
21.82
21.62
22.26
23.1
22.48
22.6
22.8
22.9
23.56
23.06
22.22
22.34
21.58
22.86
22.58
22.24
21.84
21.98
23.6
20.44
20.12
20.88
21.1
21.78
20.46
21.64
20.42
19.86
21.82
24.005992098
21.62
23.42
24.18
23.78
23.18
22.08
22.68
22.04
21.9
20.92
21.3
21.44
22.48
20.78
20.62
21.26
15.56
15.76
15.8
17.54
20.48
21.64
22.8
22.14
23.16
23.72
25.1
21.38
21.06
21.38
21.12
21.7
22.1
23.0
22.98
12.18
16.2037914381
12.44
18.78
21.7
19.5
21.58
22.54
21.54
22.54
21.26
21.48
21.7
23.04
21.72
18.92
21.52
22.32
23.36
21.04
22.22
22.2
21.32
20.94
21.36
23.9
25.08
21.78
18.6
21.02
23.22
23.92
24.34
25.6
23.42
19.82
20.08
19.64
20.58
23.08
22.42
22.0
22.68
23.48
24.56
25.48
19.98
22.88
26.16
25.58
25.88
24.84
23.2
15.2
13.28
11.02
18.34
24.52
23.8
22.36
25.06
25.48
25.0
24.12
25.44
20.7
22.4
22.86
23.72
25.22
25.78
26.1
25.6
26.34
25.96
24.7
24.02
24.74
21.62
21.96
23.46
22.44
19.68
21.8
21.32
18.44
22.42
23.4
22.64
19.82
22.34
23.72
24.42
24.98
23.98
19.4
20.4
22.84
24.04
22.3
23.48
23.54
25.28
24.66
25.32
24.84
26.48
27.6
28.46
27.18
28.62
25.8
21.42
23.98
24.46
23.74
24.86
21.18
22.08
21.58
23.4
23.52
25.56
24.28
23.34
23.14
24.58
22.74
24.06
22.58
23.76
23.38
24.54
25.02
24.92
23.7
23.7
22.1
23.66
23.32
22.24
23.3
26.72
25.42
24.48
24.24
22.82
23.78
24.9
25.68
25.56
26.54
25.14
24.7
23.16
23.82
24.04
22.82
25.04
23.08
25.54
24.14
24.92
22.02
22.24
23.1
21.1
21.56
22.86
23.3
23.4
22.42
23.52
23.08
24.3
24.24
25.04
24.58
24.02
25.52
25.68
25.98
26.34
26.6
26.8
26.24
26.3
26.26
24.5
24.6
23.8
25.0
23.4
23.26
24.46
22.8
23.48
23.08
24.06
22.54
23.34
23.48
23.66
25.28
25.36
25.98
25.32
24.28
23.48
24.8
24.82
23.64
24.12
23.78
24.58
25.12
25.68
25.5
23.78
24.88
23.42
23.52
23.14
24.6671362412
25.6552176487
26.1561138662
25.2
23.26
25.24
24.88
23.16
24.36
23.88
24.7
24.58
25.14
25.18
23.98
25.44
24.22
25.08
24.6
24.42
24.46
23.72
23.04
22.88
23.18
23.14
24.76
24.22
24.78
24.14
25.74
24.36
23.76
24.26
23.8
23.66
24.28
22.8
23.4
23.68
24.02
23.98
22.4
22.54
22.66
22.98
23.94
25.0
24.82
24.56
24.96
24.48
23.74
22.44
22.58
20.8
22.36
23.62
23.88
24.14
24.6
24.1
23.98
23.62
24.14
23.94
23.8
24.24
24.68
24.78
25.08
25.26
25.82
24.46
24.16
23.94
22.56
23.66
23.7
22.8
22.72
23.04
23.3
21.82
20.34
13.86
13.96
15.22
15.44
18.68
20.5
20.9
21.42
23.0
23.86
20.04
21.52
21.4
21.42
22.22
22.92
22.96
21.74
20.72
21.62
21.58
22.7
22.08
22.12
22.76
23.54
23.28
24.24
21.88
20.82
22.22
22.56
21.58
21.3
22.1
22.84
22.82
19.16
13.26
14.92
20.82
22.06
23.82
23.36
22.38
21.06
22.42
18.98
19.82
22.5
22.68
22.02
21.58
21.5
21.88
22.36
21.72
21.08
21.52
21.16
20.52
21.4
22.02
21.32
20.72
21.46
21.28
19.6
21.46
23.04
22.62
11.2
16.0149465527
14.48
19.0
21.56
20.06
13.86
14.46
18.68
21.64
22.92
20.98
19.48
21.1
21.26
19.98
20.7
21.94
24.82
25.22
24.08
23.56
24.26
22.6
22.56
23.24
23.98
24.98
25.04
24.64
23.78
25.46
23.86
26.4
26.02
26.04
24.36
20.44
17.64
19.5
19.8
19.04
18.1
20.46
21.96
25.02
24.74
20.36
22.16
23.5
24.5
24.86
26.06
25.28
27.02
27.38
26.92
26.98
27.92
27.08
23.36
21.34
22.32
22.66
26.84
26.36
24.08
23.9
24.98
26.34
24.84
24.36
24.68
24.46
24.1
25.94
25.9
20.5
21.7
23.42
24.96
25.14
24.34
23.88
23.18
23.82
25.02
21.06
20.94
23.42
22.5
25.32
26.24
25.84
24.46
23.36
21.76
23.3
24.18
24.34
22.12
23.5
23.06
22.54
22.56
22.48
23.56
25.72
25.36
26.8
26.2
23.68
22.16
22.86
22.38
22.5
23.58
24.04
23.38
23.8
23.38
23.66
24.12
23.9
24.02
22.98
21.74
22.82
21.98
22.02
23.82
23.28
23.66
24.54
20.96
22.38
22.9
21.76
24.24
24.42
24.12
24.98
23.2
24.58
23.66
22.58
21.26
22.2
21.8
22.3
23.54
23.78
23.14
24.36
23.88
23.72
22.98
23.02
22.6
23.18
24.62
23.14
24.36
23.1
22.44
23.72
22.8
23.66
24.32
23.16
21.6
22.54
23.58
22.3
23.0
23.22
23.42
23.36
22.2
21.82
22.36
23.56
23.8
21.66
23.58
22.82
22.72
23.14
23.98
25.26
23.52
22.72
22.98
23.28
22.92
22.58
23.66
24.28
22.76
23.8
24.24
22.7
23.02
22.14
23.36
23.38
23.6
23.0
23.16
22.78
24.72
23.06
24.8
25.82
26.06
25.66
23.86
23.74
24.36
25.46
23.56
23.5
24.02
23.1
22.38
22.28
22.94
21.98
21.66
21.64
21.08
22.46
22.66
22.38
21.22
21.94
22.82
23.34
23.04
21.08
21.78
22.68
22.42
22.38
22.06
21.94
23.2
22.94
24.18
23.46
23.46
22.94
22.9
23.12
22.7
23.58
23.82
23.4
23.34
23.34
21.82
20.54
21.74
21.98
20.4
21.92
22.36
22.1
22.84
22.48
22.76
22.94
22.68
23.5
23.44
22.68
22.72
22.0
19.64
18.02
18.3
19.84
21.06
20.26
19.92
19.5
20.3
20.24
21.8
21.18
21.64
21.22
21.14
21.4
20.64
19.14
19.18
20.54
22.06
21.9
22.78
20.98
22.14
22.96
21.86
20.52
21.92
21.98
22.28
20.9
16.16
15.2
15.96
17.06
19.7
19.54
19.46
17.4
15.86
16.7738064829
17.3
18.58
19.48
19.98
20.92
21.62
21.86
23.18
21.98
22.56
22.06
21.58
13.62
16.04
21.34
22.58
23.16
22.1
21.28
20.04
19.5
18.26
16.16
17.4
19.38
20.1
19.86
21.92
19.84
21.68
20.7
20.18
20.98
21.76
20.86
20.88
18.8
19.68
17.56
19.76
21.48
12.62
13.96
18.16
17.92
17.64
19.42
22.02
20.76
21.28
21.66
22.92
24.7038454422
25.9751826827
13.74
18.32
19.46
19.68
19.18
18.82
19.44
20.24
20.2
19.68
19.82
20.5
21.02
20.58
22.82
24.44
24.62
24.02
25.36
24.4
24.4
22.58
22.12
21.2
22.78
23.02
22.84
21.88
22.1
22.44
22.58
23.4
23.48
22.02
23.14
23.64
24.96
24.12
23.84
23.96
23.54
24.46
24.44
24.64
24.86
25.12
24.64
24.12
22.34
24.54
25.22
25.9472403404
26.3126548663
25.68
24.88
24.64
25.38
25.56
25.94
25.5
25.44
25.1
25.38
25.86
25.78
26.4
23.74
21.5
20.1
22.42
21.14
23.24
24.98
23.94
24.18
25.28
25.04
22.6
22.28
24.511273646
25.6324111245
26.2305739345
26.3953524937
23.44
21.48
20.74
22.7
21.18
24.14
24.5
21.62
21.56
19.92
21.56
19.3
20.68
22.84
25.8
23.04
21.14
24.04
24.4
24.88
21.82
21.72
21.92
21.14
21.94
22.68
22.06
20.5
20.42
22.14
23.72
23.08
21.56
21.04
22.56
23.34
22.6
22.24
21.56
22.08
21.58
23.04
22.32
23.26
23.2
22.98
23.52
22.12
21.86
22.28
22.56
22.56
21.8
22.34
22.0
23.38
24.52
24.82
24.76
25.28
23.64
25.04
26.32
26.14
24.68
22.12
20.48
20.72
20.5
21.62
22.72
24.0
22.96
22.34
24.0
23.02
22.58
22.06
23.26
22.36
24.2
22.2
22.3
22.06
21.3
21.5
17.6
22.52
23.22
24.6999679614
22.06
22.66
23.82
22.44
24.46
24.82
25.26
23.44
23.6
25.44
24.68
24.5
24.58
23.46
22.22
23.5
24.52
24.74
19.9
23.9
22.9
24.04
24.54
22.6
22.34
21.9
18.2
23.5
21.06
22.68
23.3
24.22
23.24
23.38
23.82
22.5
24.04
23.44
22.28
21.76
20.52
22.04
21.32
21.84
23.34
23.0
21.68
22.62
22.52
22.86
20.9
22.06
22.14
21.48
22.36
21.14
23.16
23.66
23.3
23.42
21.96
23.1
22.78
23.0
22.9
22.52
23.24
22.24
23.32
23.56
24.88
24.62
22.74
23.1
22.68
23.48
22.16
22.86
21.6
16.0
18.74
20.42
21.78
23.84
24.08
23.58
23.84
23.64
24.02
25.22
21.84
23.04
22.24
22.36
22.6
22.02
21.1
21.96
22.6
23.1
22.9
22.9
23.16
23.66
23.6
21.38
19.36
20.5
22.64
22.26
18.3
18.96
20.9
21.32
20.64
19.86
20.9
17.94
18.44
19.58
21.78
22.72
20.74
20.02
20.22
20.46
19.12
18.26
21.14
21.04
17.6
19.92
20.06
19.6
20.28
19.44
19.82
22.6
22.74
23.08
23.32
23.6
25.0044090876
21.1
16.46
17.4
21.58
22.56
22.58
22.28
19.28
17.12
18.22
20.08
20.28
16.74
17.46
20.08
19.98
19.58
21.58
22.4
20.6
19.26
19.48
19.24
18.92
17.66
19.2
20.56
20.76
20.68
16.7
16.18
17.46
16.16
15.62
17.06
16.46
17.02
19.0
21.02
22.06
22.14
13.2
16.62
19.84
21.14
21.24
18.94
18.4
19.56
19.84
17.46
17.8
17.56
18.82
20.34
22.84
22.58
22.0
23.36
22.34
21.78
21.86
22.68
23.38
22.4
23.02
22.52
18.04
20.18
22.88
23.18
24.0
22.12
23.22
23.94
23.72
25.0232957452
14.22
20.36
21.22
21.86
22.34
16.94
15.16
20.3
22.32
21.46
21.26
22.06
22.84
22.98
23.38
21.72
21.58
22.48
22.9
23.94
25.28
26.034412681
18.58
21.36
16.76
17.2560614089
20.5
20.52
23.02
21.72
19.68
21.08
18.4
18.98
18.82
21.38
21.54
21.08
21.04
21.52
22.94
18.2
22.0
22.2
22.82
23.1
24.44
22.38
23.48
24.3
24.8
19.44
19.82
21.8
21.42
17.0
21.06
22.28
23.78
24.52
25.8
26.26
26.86
26.16
23.72
20.98
19.74
20.22
21.04
22.36
19.1
20.3
19.64
20.96
23.66
23.9
23.8
23.84
21.66
22.12
22.86
22.34
22.46
19.12
19.96
20.06
21.84
23.44
23.08
22.14
21.48
22.2
22.36
22.08
22.14
23.32
24.9039651037
22.34
18.1
21.82
23.02
22.66
22.66
22.06
22.08
19.64
20.18
20.02
20.5
22.78
23.88
22.32
23.28
23.08
25.12
24.26
22.5
21.24
21.64
21.96
21.06
21.32
22.18
22.16
21.4
17.4
21.34
22.28
21.76
21.3
22.54
22.24
22.46
22.2
22.56
21.94
22.2
23.04
21.66
21.72
22.94
22.22
21.92
21.58
21.56
20.92
21.7
22.0
22.66
24.36
23.6
23.06
22.52
22.68
23.44
23.28
23.22
21.22
22.96
21.66
21.96
22.8
22.16
22.18
21.78
22.68
22.9
22.6
21.84
21.88
21.04
21.24
20.74
21.42
22.68
24.48
24.52
24.86
22.7
24.74
24.12
22.54
22.8
24.0
23.98
24.24
24.8
24.72
23.44
24.1
23.32
22.3
19.84
20.68
22.28
23.84
23.42
21.08
24.6
22.52
21.08
22.86
24.68
25.4
25.86
25.46
23.7
25.7255686716
24.06
24.02
23.46
23.56
24.24
25.28
23.44
24.7921417966
25.7523691163
22.6
22.12
22.58
22.24
23.64
23.12
23.88
23.78
25.06
25.8759188196
22.6
22.48
20.46
19.86
21.74
22.62
20.82
23.36
23.88
23.32
23.72
22.2
19.46
22.6
24.04
23.42
24.0
24.06
22.7
22.76
21.18
20.02
21.08
21.6
20.08
20.82
21.08
21.64
20.6
20.26
20.06
18.54
18.78
19.9
21.38
21.86
21.36
21.12
21.6
20.64
19.58
21.54
23.08
22.12
22.08
22.02
22.38
18.24
18.3630434003
11.28
14.74
17.02
18.5
18.9
20.0
19.58
19.96
20.46
19.5
20.14
22.3
21.24
21.64
19.82
18.78
18.16
18.14
19.06
20.8
23.88
20.04
20.1
21.2
17.5
20.46
21.9
21.46
22.04
20.22
20.9
21.66
21.86
22.24
22.02
18.0
19.06
21.14
17.48
18.8
21.02
20.08
19.8
19.5
19.74
19.64
20.22
19.64
18.92
20.66
19.76
19.36
20.58
22.32
22.18
21.46
22.12
23.82
22.48
21.82
21.8
21.68
21.16
22.5
22.74
23.12
23.52
23.28
23.28
23.36
23.1
23.16
24.42
24.16
25.08
24.72
23.08
23.6
21.84
21.54
24.14
24.88
23.88
23.48
24.24
25.66
26.24
25.98
21.38
24.56
24.34
22.32
15.64
18.32
21.88
22.98
23.94
25.66
22.8
22.14
21.8
24.8
23.32
22.02
20.48
22.08
19.4
19.74
19.74
22.58
23.44
21.2
18.92
21.0
24.22
24.88
25.34
25.62
25.58
22.8
23.62
21.16
22.38
24.92
22.86
21.34
20.24
21.08
22.32
22.48
23.06
22.42
23.58
23.84
23.04
21.9
21.68
22.66
24.4
24.72
24.14
25.507816312
25.14
26.22
25.36
25.74
26.28
27.24
25.34
24.32
24.54
24.26
25.62
25.24
26.22
25.84
25.78
24.92
22.8
23.06
22.64
22.44
23.16
24.38
25.5
24.22
24.54
24.52
26.22
23.2
22.68
24.56
24.44
24.08
24.88
23.94
22.88
22.66
24.34
22.66
21.28
22.28
22.36
23.14
22.94
22.6
24.04
25.06
23.2
24.02
24.4
23.9
23.84
23.14
24.64
21.1
22.24
22.08
22.12
23.04
23.0
23.3
23.32
23.0
22.64
22.94
22.36
22.64
23.1
21.98
23.52
24.1
25.0
25.48
23.18
24.8
25.78
25.86
25.26
25.34
25.64
25.68
25.62
25.94
25.58
25.54
26.3
25.66
25.14
25.36
23.18
23.08
23.44
23.54
23.36
24.84
24.66
24.78
25.38
25.14
23.72
23.26
24.44
25.8
26.08
23.68
24.06
23.7
24.66
24.94
21.74
22.06
21.82
21.24
21.32
21.6
23.68
23.64
24.04
23.04
21.42
21.04
21.14
22.18
23.14
25.0
23.2
24.34
23.42
23.08
24.36
25.36
26.0352934513
25.62
23.62
24.34
23.46
24.04
23.86
23.94
24.52
24.08
23.02
22.96
21.94
22.26
21.78
20.68
21.66
23.28
22.7
23.24
24.0
23.12
22.9
23.8
24.06
23.76
23.4
23.14
23.72
23.54
23.0
21.02
21.72
21.34
22.24
22.84
22.5
22.4
21.68
21.08
21.6
20.84
22.46
23.22
21.56
23.72
24.12
22.58
19.38
22.98
24.62
25.94
25.78
26.24
19.72
22.02
21.7
22.58
23.38
22.32
20.44
21.72
20.54
19.4
20.96
23.12
25.4392471203
23.74
21.38
18.72
22.08
22.86
23.84
25.36
22.02
21.42
21.28
23.46
23.3
24.58
24.66
24.12
22.24
23.68
25.7
25.86
24.5
26.34
25.98
25.72
27.66
27.64
26.38
23.8
20.94
23.06
24.84
23.88
23.18
22.74
23.56
24.3
24.74
23.1
22.78
24.1
24.66
25.52
26.32
25.02
24.54
24.38
22.74
22.64
23.6
24.36
22.94
24.62
22.8
23.7322565763
22.2
23.54
23.84
22.28
23.76
22.74
21.42
23.04
24.04
19.0
22.38
24.8
25.98
26.9
25.66
25.04
24.62
22.78
22.98
23.12
23.22
21.34
22.96
22.48
22.28
21.44
22.18
22.66
23.9
23.28
23.54
22.24
22.62
21.58
22.78
22.22
23.26
24.96
23.44
23.28
23.88
24.16
23.96
24.64
25.58
26.1302458278
26.382635233
26.6140598068
26.7769252277
26.8641579636
26.9316444318
26.977033258
27.0030329999
27.02167788
27.0338805658
22.42
22.06
22.46
20.34
22.14
21.78
19.5
18.64
18.66
18.4
21.56
18.02
16.14
18.58
23.1
22.64
21.98
20.18
20.96
21.74
24.3
24.1
24.96
25.72
22.42
23.72
24.24
20.2
25.5
23.32
21.94
20.72
19.58
22.42
21.92
17.72
19.7
25.58
22.32
24.32
23.72
22.5
17.74
17.26
24.12
24.44
23.6
24.58
25.8
26.14
26.26
24.42
25.18
26.34
27.26
26.4
25.18
25.3
25.18
25.82
24.98
23.54
22.28
22.54
21.24
20.66
23.38
24.06
24.54
23.86
25.0
26.0
27.36
26.18
25.48
24.9
22.82
23.4
23.48
22.02
23.04
23.8
24.14
24.56
19.22
25.06
25.62
24.44
26.24
24.52
25.12
23.9
23.9
21.76
19.08
18.26
21.92
24.74
26.66
23.96
24.42
23.26
25.04
27.02
24.86
25.02
24.42
23.06
22.74
22.22
23.8493403548
23.24
22.86
23.4
22.56
21.96
22.92
23.08
23.54
23.4
23.42
23.3
23.58
21.74
19.94
21.3
23.54
24.4
24.7
21.86
23.36
21.28
23.48
23.0
22.94
21.74
22.82
23.06
23.18
22.58
23.9
21.62
22.56
23.92
23.24
24.12
23.02
24.76
23.92
24.44
24.22
23.92
24.24
23.34
23.3
24.18
23.18
24.28
24.28
25.18
25.3
24.44
24.16
22.92
23.58
24.24
23.18
22.42
20.96
18.96
19.76
21.12
23.66
23.62
24.96
24.26
22.98
22.44
22.92
21.76
22.76
21.5
22.18
22.48
22.94
22.74
22.5
23.88
21.58
23.24
23.96
23.44
24.34
25.3
24.94
25.56
25.74
23.66
22.04
22.46
22.38
23.94
24.58
24.5
24.12
24.46
24.72
25.06
24.16
24.96
24.96
25.24
24.76
23.68
22.64
22.84
23.16
21.54
22.5
21.78
22.78
23.5
23.6
22.52
23.18
23.42
23.88
23.54
22.48
22.38
22.44
22.92
22.96
23.02
21.98
22.5
22.9
22.74
22.04
22.2
21.74
21.24
21.48
22.04
23.38
22.58
20.3
16.32
17.26
20.26
22.26
22.76
22.8
23.54
23.12
22.5
23.3
21.44
20.82
20.7
21.84
21.84
22.24
23.62
24.02
19.7
18.76
19.26
21.18
21.5
21.1
21.62
22.42
22.52
21.44
21.2
22.5
22.24
19.16
17.26
19.26
21.18
20.9
21.54
21.72
20.74
21.2
22.0
21.82
14.66
16.86
20.58
20.06
18.34
19.24
19.82
19.12
18.58
18.96
22.46
24.12
17.34
15.46
18.9
20.44
22.2108391474
21.12
19.54
16.68
18.7
20.24
20.68
20.68
21.22
20.84
20.06
20.46
21.36
22.28
23.18
21.94
22.52
22.3
22.88
23.02
22.3
23.72
23.24
22.34
22.76
22.76
22.54
24.32
24.1
24.18
22.52
15.38
19.08
21.44
21.86
21.06
21.6
22.68
22.82
24.2
23.12
22.74
22.58
20.76
22.18
23.86
24.26
25.2
25.08
25.9
26.82
26.26
26.38
26.0
23.46
24.6
25.66
23.68
18.1
22.26
23.78
24.08
24.98
24.68
26.46
25.46
21.7
20.84
21.96
25.46
26.48
21.02
21.34
24.44
25.32
24.66
25.54
19.84
13.74
17.82
19.06
24.18
24.82
20.22
20.2
19.72
21.86
24.38
22.38
25.96
21.72
22.98
26.18
26.54
25.2
24.84
25.14
25.58
25.34
27.18
23.68
22.36
24.7
23.16
21.18
21.18
21.8
23.48
25.32
25.2
25.66
26.44
26.52
26.84
24.6
26.8
24.84
26.12
28.02
28.74
26.68
24.8
24.32
23.52
24.92
24.82
24.94
22.92
22.7
23.26
21.34
22.18
22.88
22.94
21.78
23.66
24.7
24.9
25.36
26.76
23.94
23.94
23.64
24.4
24.16
23.86
23.28
22.38
24.14
25.46
24.08
23.74
23.86
23.14
22.48
21.34
23.52
23.5
23.78
24.5
23.88
23.72
22.84
23.8
24.22
23.3
23.52
24.5
23.42
23.24
24.16
24.7
22.62
21.14
22.42
21.54
21.64
22.78
23.28
22.06
23.14
23.76
24.3
24.24
24.08
23.86
21.98
20.1
23.2
23.72
24.52
24.68
24.28
23.18
24.06
22.72
22.86
23.98
24.18
25.62
23.5
23.66
24.44
24.34
24.3
23.54
25.1464091944
25.8643530761
26.2071176509
23.18
22.12
21.54
21.2
23.38
24.36
23.94
23.38
23.66
24.66
23.4
24.84
25.5
25.26
25.1
23.52
22.98
23.2
22.36
22.6
22.54
23.88
23.88
23.04
24.32
25.12
24.42
22.84
23.4
23.16
24.88
24.6
24.36
25.28
25.24
26.3
26.46
24.76
23.88
22.84
22.92
22.72
23.78
24.06
24.46
24.82
25.98
25.04
24.52
24.58
23.54
22.42
22.38
21.86
23.02
22.54
21.4
22.24
23.14
21.56
21.82
21.56
23.3
23.98
24.14
23.1
22.96
23.68
23.66
24.06
24.06
23.18
23.1
23.5
23.76
23.98
24.14
24.96
23.18
22.68
21.32
21.6
19.86
20.52
21.18
21.74
22.4
22.54
21.32
22.68
24.1
24.18
20.98
20.32
19.08
20.34
22.3
22.34
23.16
23.48
22.48
22.34
21.88
21.1
21.02
22.14
21.58
21.1
23.08
22.72
22.82
21.56
21.68
21.9
21.7
21.42
20.68
21.04
21.02
20.7
21.62
21.34
21.1
19.62
20.08
20.82
21.5
17.82
19.82
21.98
20.2
16.08
13.96
16.64
19.22
20.74
20.48
21.18
20.54
21.4
19.64
16.64
15.82
19.02
20.88
21.52
20.2
19.72
19.34
18.4
19.72
20.56
20.66
21.54
23.5
22.34
18.86
16.84
16.78
16.68
16.54
16.62
17.3
18.46
19.08
19.86
20.4
21.94
21.72
20.68
20.78
12.68
15.6191261682
18.8
15.32
15.52
19.12
20.5
19.16
19.98
19.14
19.7
19.9
21.3
22.8
22.08
21.68
21.38
22.34
22.28
21.62
21.44
23.28
23.94
24.36
23.88
22.48
24.22
21.46
19.16
19.44
20.36
21.58
22.46
21.36
21.96
23.22
24.62
26.18
26.66
26.86
26.3
26.46
25.32
26.02
25.56
23.48
21.48
23.54
25.48
25.96
24.08
23.64
23.74
26.08
25.14
24.9
17.76
23.64
26.46
26.6
27.7
27.18
26.46
27.66
23.88
26.1
20.96
20.5
20.12
21.92
21.68
23.14
24.1
24.14
25.4
24.76
23.12
23.66
23.2
24.76
26.54
21.18
23.96
24.98
21.52
22.7
23.62
23.96
24.7
24.86
25.4
26.84
21.28
21.3
22.42
21.52
22.26
22.96
22.54
24.4
26.06
24.46
23.76
24.68
23.34
22.62
22.84
21.54
20.14
21.16
23.26
24.56
25.18
23.12
22.9
21.28
24.48
25.3
25.8
25.06
23.5
25.18
25.74
25.84
22.76
24.8
25.5407886091
22.28
23.88
24.64
25.56
23.4
22.08
22.36
23.06
23.36
20.52
22.9
21.82
23.58
23.0
21.26
23.38
23.22
24.82
23.1
24.46
24.0
24.06
24.94
25.6
23.44
22.5
22.9
22.82
22.02
23.1
21.72
23.52
23.92
24.14
24.12
22.48
22.96
23.7
22.78
23.0
24.7
26.06
25.84
26.265915592
26.6594546398
24.4
22.7
25.361422619
25.7113529529
26.0533544884
21.82
21.32
21.36
21.08
19.78
21.4
22.36
23.34
23.22
22.22
23.52
25.08
24.96
23.62
24.78
24.68
25.16
23.26
24.32
24.78
24.76
25.3
25.16
24.58
22.72
24.3
23.42
23.02
23.86
23.78
23.46
23.62
23.64
22.36
22.86
22.72
22.72
22.42
22.58
23.08
22.38
22.62
22.56
22.92
23.86
24.06
24.1
24.68
24.22
25.3
23.58
23.8
23.66
22.9
22.06
23.02
23.1
23.88
25.38
23.84
24.74
24.16
24.64
24.62
24.62
24.02
22.42
21.3
21.76
23.54
24.3
23.14
22.84
20.1
20.74
20.98
21.02
21.44
21.78
22.3
22.58
22.98
21.54
20.54
21.12
21.52
21.08
20.4
20.24
18.88
19.28
20.16
19.62
19.56
21.04
20.2
18.84
20.32
21.4
21.88
21.28
22.1
23.8606948417
23.2
22.32
21.8
22.12
18.76
19.56
20.52
21.0
21.08
19.0
17.76
16.08
16.44
16.22
17.54
18.0
20.2
19.8
19.18
20.3
19.6
16.66
20.3
20.24
21.44
21.44
22.12
21.58
22.46
20.58
22.98
22.82
20.04
21.22
20.2
20.72
20.24
19.08
20.08
20.0
22.2
22.38
23.74
24.58
23.7
20.82
21.02
20.72
20.44
19.48
20.08
21.8
21.2
20.48
24.12
21.76
22.06
21.32
22.44
21.38
19.12
21.06
22.44
21.32
19.08
20.4
21.0
20.84
19.72
20.04
20.8
20.08
21.0
21.9
23.06
18.32
20.64
22.24
23.9
21.04
20.04
21.2
21.8
23.94
19.92
20.26
20.0
20.4
21.56
21.72
21.92
22.44
24.02
23.78
19.04
21.48
23.1
23.34
23.86
23.24
23.44
21.72
22.56
24.16
24.14
23.68
24.32
24.04
24.26
23.26
22.3
21.52
22.48
23.74
24.38
24.48
24.94
24.82
25.1
22.84
19.22
21.88
24.98
23.96
22.3
21.92
23.44
22.78
24.32
23.48
23.36
23.06
24.36
19.74
19.48
23.4
22.8
22.78
20.54
23.78
24.7
23.86
21.66
22.74
23.26
23.1
22.78
23.26
22.74
22.0
24.34
24.82
26.2
22.22
25.66
24.42
24.94
24.98
26.02
24.88
25.78
25.22
23.5
22.5
25.06
23.84
24.82
23.74
22.5
22.62
26.1
25.14
23.8
24.02
23.58
23.42
23.28
22.58
23.7
23.7
22.78
24.68
24.22
23.56
25.62
25.7
23.54
25.18
23.74
22.54
22.7
22.22
23.3
24.6
22.46
22.84
22.3
20.54
19.74
22.44
23.26
21.46
21.94
22.14
23.0
25.66
23.66
23.7
21.9
22.66
22.76
23.14
22.56
19.96
21.26
22.7
22.46
23.4
21.54
23.46
23.06
23.08
23.54
24.34
24.62
24.38
24.1
24.22
23.34
21.4
22.18
22.68
23.78
24.68
24.84
23.4
23.98
25.62
24.78
25.1
24.6
24.18
23.22
24.12
23.54
22.16
23.7
22.58
21.78
23.12
23.72
23.7
25.34
24.22
23.92
22.76
22.66
24.18
24.06
23.9
24.38
23.58
24.18
25.3
26.18
26.2
22.34
23.26
25.18
25.48
23.74
23.98
24.3
24.26
24.42
25.14
23.82
24.08
25.3
25.16
23.58
24.32
22.46
22.18
23.98
25.02
25.34
24.46
22.78
24.18
25.14
24.76
25.9
23.48
22.38
20.82
22.86
22.94
22.34
21.62
20.12
18.74
20.64
22.9
23.54
24.14
25.02
24.76
24.62
24.34
24.42
23.96
23.22
21.64
22.06
22.84
21.98
19.82
21.14
23.9
24.68
22.56
23.76
24.4
23.64
24.48
23.36
23.88
22.22
22.66
23.22
19.94
20.22
22.54
22.58
22.44
23.1
23.32
23.46
21.8
22.04
22.62
22.94
22.86
23.6
23.38
23.9
24.14
23.82
22.78
23.04
22.54
22.04
22.64
23.7
25.02
21.44
21.46
23.0
21.7
20.58
19.02
19.7
21.86
23.36
22.16
24.76
19.32
16.74
16.08
18.9
19.1
19.66
21.64
19.58
22.3
23.62
22.78
23.74
22.36
20.48
17.06
15.3
18.18
20.64
21.06
21.22
20.92
21.72
22.9
23.32
21.46
22.0
21.02
22.54
23.44
21.7
22.28
23.56
25.1454678919
21.68
22.26
22.96
23.76
24.1
23.2
24.02
24.98
25.2
23.48
22.42
22.16
21.92
21.8
23.3772348422
25.0026693478
26.0934875064
26.3224057132
26.4852973985
26.7466348485
26.8395287385
26.9003658179
26.9664221169
26.9950785295
27.0140749774
27.0306700473
27.0388635351
27.0443355072
27.0485537308
27.0508334098
27.0523549012
27.0534443629
27.0540706978
27.054486726
27.0547718633
27.0549426937
27.0550554903
27.0551308266
27.0551771979
27.055207645
27.0552276757
27.0552402221
27.0552484216
27.0552537692
27.0552571562
27.0552593617
27.055260793
27.055261706
27.0552622989
27.0552626826
27.0552629284
27.0552630877
27.0552631907
27.0552632569
27.0552632997
27.0552633273
27.0552633451
27.0552633566
27.0552633641
27.0552633688
27.0552633719
27.0552633739
27.0552633752
27.055263376
27.0552633766
27.0552633769
27.0552633771
27.0552633773
27.0552633774
27.0552633774
27.0552633775
27.0552633775
27.0552633775
27.0552633775
27.0552633775
27.0552633775
27.0552633775
27.0552633775
27.0552633775
27.0552633776
27.0552633776
27.0552633776
27.0552633776
27.0552633776
27.0552633776
27.0552633776
27.0552633776
27.0552633776
27.0552633776
27.0552633776
27.0552633776
27.0552633776
27.0552633776
27.0552633776
27.0552633776
27.0552633776
27.0552633776
27.0552633776
27.0552633776
27.0552633776
27.0552633776
27.0552633776
27.0552633776
27.0552633776
27.0552633776
27.0552633776
27.0552633776
27.0552633776
27.0552633776
27.0552633776
27.0552633776
27.0552633776
27.0552633776
27.0552633776
27.0552633776
27.0552633776
27.0552633776
27.0552633776
27.0552633776
27.0552633776
27.0552633776
27.0552633776
27.0552633776
27.0552633776
27.0552633776
27.0552633776
27.0552633776
27.0552633776
23.52
23.54
21.76
22.14
23.48
22.1
21.98
19.66
22.6
24.54
26.22
22.26
22.64
21.68
21.46
20.98
22.98
24.72
22.12
22.32
21.06
20.58
20.36
19.52
21.64
23.887842151
23.54
22.5
22.82
23.02
22.38
21.9
21.4
21.9
22.16
21.56
21.76
21.8
21.8
24.34
23.18
22.9
22.9
22.66
22.52
22.52
18.56
20.38
20.12
20.6
23.28
22.86
21.34
23.48
21.96
21.42
23.52
24.78
24.38
25.66
24.34
22.52
23.46
22.6
21.12
23.26
22.74
24.54
25.9
26.16
26.0
25.44
22.86
22.6
22.68
22.98
22.22
22.64
22.16
22.02
23.98
22.3
24.08
26.04
26.14
26.66
25.32
25.9
23.36
24.6
22.32
22.82
23.6
25.52
24.46
23.74
21.42
22.38
25.04
23.3
22.18
24.64
24.9
22.62
24.16
22.86
23.86
23.98
23.38
22.58
22.68
24.0
25.68
24.9
23.54
23.1
23.36
24.26
24.38
23.96
23.22
23.52
23.16
24.36
25.24
24.3
24.42
24.08
24.04
24.22
24.5
24.96
24.82
24.28
24.18
23.52
23.44
24.26
24.4
24.08
24.02
24.38
23.76
23.68
22.36
22.92
22.98
20.86
19.7
20.86
20.12
21.68
20.96
21.32
21.68
21.04
21.7
22.52
22.9
23.42
22.88
23.0
23.66
23.66
24.12
24.22
24.7
24.68
23.66
19.68
21.64
22.8
24.0
20.66
21.5
22.08
20.94
22.62
23.84
23.68
23.54
24.58
23.54
23.4
23.38
23.98
23.38
21.8
21.66
21.12
22.24
23.52
21.96
23.26
22.68
22.16
22.66
22.9
22.64
22.34
22.0
22.48
23.1
23.24
19.16
17.88
21.18
20.96
21.06
21.22
21.8
21.24
18.74
19.56
20.64
15.66
20.68
23.62
23.1
22.76
22.8
22.1
21.28
20.56
21.74
21.96
21.24
20.92
21.42
21.42
21.9
22.08
18.46
18.48
18.62
19.56
21.12
21.7
22.1
23.44
23.12
22.24
22.8
21.32
20.4
20.34
22.72
21.18
22.9
23.82
25.06
22.98
21.14
21.2
21.1
21.7
21.76
15.72
15.68
17.76
20.62
20.46
22.18
21.5
19.72
20.64
20.48
22.22
24.18
22.52
22.96
25.9
26.28
25.66
26.48
23.74
23.18
24.24
24.26
25.22
21.96
22.96
19.46
19.04
20.9
23.06
20.56
17.52
17.5
22.16
21.96
13.12
15.9612818602
12.52
16.16
19.28
18.08
19.62
20.22
21.12
21.06
22.52
23.9
20.9
18.66
19.22
19.58
19.66
19.68
22.1
23.96
24.66
23.66
19.54
20.14
22.68
23.34
23.64
20.14
20.96
23.64
25.06
25.34
22.88
21.76
16.92
17.36
20.96
23.54
25.32
26.16
27.08
27.38
25.78
26.36
26.98
26.42
24.42
24.82
26.68
26.72
25.44
24.56
23.62
25.5489046905
25.984981414
26.2140761942
26.5677585731
26.7299185963
26.8206358447
26.914603431
26.9630124266
26.9919466148
27.0164657523
27.0299546911
27.0383537891
27.0447239101
27.0484048793
27.0507491718
27.0524154589
27.053413474
27.054056153
27.0544955395
27.0547653987
27.0549399963
27.0550565991
27.0551294474
27.0551766497
27.0552077318
27.0552273732
27.0552400998
27.0552484098
27.0552537006
27.0552571267
27.0552593527
22.1
22.46
23.98
23.1
20.74
20.3
22.02
23.16
24.44
23.7
22.02
22.96
22.28
23.88
23.92
21.98
22.52
22.1
23.24
21.68
21.72
21.94
23.06
23.16
22.88
22.86
23.28
23.22
22.76
23.5
23.42
22.74
24.22
24.44
25.36
24.42
24.34
23.42
24.2
22.8
22.46
23.4
22.26
24.18
23.22
22.56
23.1
23.76
24.08
24.44
22.38
23.26
23.08
22.72
22.92
23.56
24.12
21.9
23.08
22.18
21.9
21.2
23.26
23.68
24.2
23.12
22.6
21.98
22.5
22.86
21.9
22.8
22.24
23.22
23.02
23.22
23.9
23.62
24.48
20.56
23.72
25.74
25.44
23.52
24.18
22.28
23.28
23.28
24.52
24.3
24.68
24.74
25.16
25.0
24.6
25.1
26.14
25.62
22.8
22.6
22.78
23.6
22.58
22.98
22.46
21.38
22.72
22.96
21.02
21.54
22.62
23.38
23.56
22.34
23.22
23.84
23.32
23.18
23.56
23.28
23.78
23.5
23.24
24.36
23.48
22.96
24.12
25.14
25.58
26.08
25.52
23.98
23.6
23.22
24.1
23.52
24.18
24.74
22.22
22.78
22.74
23.3
23.74
24.08
24.12
23.02
24.0
22.74
22.88
23.26
24.28
23.72
22.0
23.12
22.48
22.04
21.08
21.52
21.46
21.64
21.8
22.76
23.7
23.86
21.82
22.02
19.82
21.3
22.0
20.04
20.82
21.58
23.16
22.84
21.74
19.16
19.5
20.46
22.12
22.32
21.66
22.06
21.46
22.5
22.9
22.82
20.72
22.14
22.16
22.66
22.68
22.26
22.7
22.0
20.54
20.76
20.98
22.28
19.66
16.32
16.42
15.32
12.06
15.1588887947
17.9433414346
11.02
14.42
17.44
19.26
19.42
21.5
21.64
20.82
23.86
20.74
18.68
19.04
20.02
21.84
20.14
22.06
21.5
21.72
21.24
21.84
21.48
21.58
20.1
21.18
23.42
21.66
17.88
13.96
17.58
20.68
20.74
15.18
17.66
18.12
17.78
18.0
17.76
17.76
17.16
17.3
16.9
16.82
19.08
19.94
18.8
18.1
17.98
16.92
19.32
20.46
21.82
23.04
22.56
21.46
19.54
21.14
21.14
20.8
22.58
22.76
21.5
22.26
15.88
14.76
17.78
21.48
23.16
21.92
22.1
23.62
24.06
24.44
23.88
21.86
20.24
23.04
24.82
26.32
26.22
25.0
26.7
26.5
24.84
23.56
21.18
23.88
25.16
25.76
23.28
23.24
24.54
23.7
23.72
23.76
24.76
23.7
26.54
25.72
25.48
25.56
26.78
27.26
26.36
25.66
22.94
23.52
23.1
23.4
25.68
25.4
23.36
19.66
21.08
23.56
25.32
26.02
26.6
28.2
26.14
24.62
22.6
25.68
21.46
22.74
24.58
25.88
24.98
23.6
25.78
22.42
24.98
26.66
23.74
24.64
25.94
27.1
24.78
24.32
22.62
24.12
24.96
25.8466945898
26.2401745956
26.4609216302
26.6872043682
26.8141285848
26.8890735862
26.9515293122
26.9879575744
27.01025418
27.0269345322
27.0369227978
27.0431890379
27.0476047441
27.0503075107
27.052028516
27.0531995409
27.0539283579
27.0543961919
27.0547078855
27.0549042023
27.0550307242
27.0551139492
27.0551668005
27.0552009224
27.0552231944
27.0552374168
27.0552466048
27.0552525741
27.0552564001
27.055258872
27.0552604734
27.0552615023
27.055262167
27.0552625969
27.0552628736
27.0552630523
27.0552631677
27.0552632421
27.0552632901
27.0552633212
27.0552633412
27.0552633541
27.0552633624
27.0552633678
27.0552633712
27.0552633735
27.0552633749
27.0552633759
27.0552633765
27.0552633768
27.0552633771
27.0552633773
27.0552633774
27.0552633774
27.0552633775
27.0552633775
27.0552633775
27.0552633775
27.0552633775
27.0552633775
27.0552633775
27.0552633775
27.0552633775
27.0552633776
27.0552633776
27.0552633776
27.0552633776
27.0552633776
27.0552633776
27.0552633776
27.0552633776
27.0552633776
27.0552633776
27.0552633776
27.0552633776
27.0552633776
27.0552633776
27.0552633776
27.0552633776
27.0552633776
27.0552633776
27.0552633776
27.0552633776
27.0552633776
27.0552633776
27.0552633776
27.0552633776
27.0552633776
27.0552633776
27.0552633776
27.0552633776
27.0552633776
27.0552633776
27.0552633776
27.0552633776
27.0552633776
27.0552633776
27.0552633776
27.0552633776
27.0552633776
27.0552633776
27.0552633776
27.0552633776
27.0552633776
27.0552633776
27.0552633776
27.0552633776
27.0552633776
27.0552633776
27.0552633776
27.0552633776
27.0552633776
27.0552633776
27.0552633776
27.0552633776
27.0552633776
27.0552633776
27.0552633776
27.0552633776
27.0552633776
27.0552633776
27.0552633776
27.0552633776
27.0552633776
27.0552633776
27.0552633776
27.0552633776
27.0552633776
27.0552633776
27.0552633776
27.0552633776
27.0552633776
27.0552633776
27.0552633776
27.0552633776
27.0552633776
27.0552633776
27.0552633776
27.0552633776
27.0552633776
27.0552633776
27.0552633776
27.0552633776
27.0552633776
27.0552633776
27.0552633776
27.0552633776
27.0552633776
27.0552633776
27.0552633776
27.0552633776
27.0552633776
27.0552633776
27.0552633776
27.0552633776
27.0552633776
27.0552633776
27.0552633776
27.0552633776
27.0552633776
27.0552633776
27.0552633776
27.0552633776
27.0552633776
24.42
24.0
23.32
24.08
21.0
20.18
22.16
23.72
22.64
23.6
23.26
23.26
23.24
21.84
23.46
21.78
21.74
20.94
20.88
22.06
22.88
20.68
20.86
21.16
22.06
23.4
22.66
23.34
21.72
22.54
24.58
23.54
20.2
21.22
22.56
22.58
23.64
24.08
23.58
23.98
20.92
21.38
22.3
21.68
21.36
21.74
23.0
22.0
22.92
19.28
13.64
12.96
14.86
18.16
19.74
19.92
18.98
18.2
19.06
19.24
19.34
19.64
21.66
21.6
20.26
21.4
20.18
20.4
21.02
20.54
19.84
20.14
20.72
19.4
19.38
20.08
21.18
20.5
20.76
21.42
22.08
18.26
15.78
17.14
19.3
19.02
18.94
18.4
17.92
17.5
16.98
17.52
17.38
18.28
19.64
20.94
22.32
22.5
21.9
23.16
23.36
19.76
14.3
16.52
19.84
20.1
19.74
20.52
19.78
22.28
22.66
17.0
19.48
21.4
22.9
23.28
22.6
22.14
23.06
22.12
23.06
24.14
22.0
21.16
22.62
21.36
18.34
18.94
18.64
18.38
19.3390739193
20.9948918501
23.2470382157
25.5755097193
26.6821896942
26.5132146886
26.6337252131
26.8993466483
26.904683252
26.9465195911
21.9
20.6
23.9388886035
25.3556442942
26.4470282835
26.433805412
26.5741430198
26.8391868421
26.8784924662
26.9281821704
26.990288392
27.0067204527
27.022139479
27.03679597
27.0421544541
27.0465764659
27.0501409831
27.0517433447
27.0529663484
27.0538602839
27.0543196008
27.0546521978
27.0548818212
27.0550103565
27.055100097
27.0551600743
27.0551955194
27.0552196472
27.0552354862
27.0552451703
27.0552516481
27.0552558601
27.0552584903
27.0552602288
27.0552613536
27.0552620653
27.0552625318
27.055262833
27.0552630251
27.0552631503
27.0552632311
27.0552632829
27.0552633165
27.0552633382
27.0552633521
22.64
20.72
21.32
21.3
22.52
21.04
20.4
21.56
23.08
24.06
25.02
25.8743793131
23.5
23.5
23.76
24.92
25.98
26.64
23.66
23.46
23.88
23.6
23.54
23.1
22.56
22.86
22.68
23.98
24.18
24.06
24.14
23.74
22.8
22.66
22.18
21.2
22.58
22.52
21.5
22.02
21.58
22.78
23.92
23.58
23.52
23.1
25.1
25.18
24.98
23.12
24.46
23.18
24.02
23.08
25.38
25.78
24.92
25.8
26.7
24.92
22.18
22.98
22.42
24.24
23.38
21.72
22.56
22.62
22.14
21.12
21.3
21.54
22.78
23.46
22.86
22.62
23.28
24.42
25.5892580504
26.1379438381
26.3558294712
26.6107504248
26.776166307
26.8583391597
26.9303271011
26.9763655702
27.0017180256
27.0212688756
27.0336283943
27.0408801764
27.0461004731
27.0493969044
27.0514088746
27.0527991372
27.0536797428
27.0542301537
27.0546009448
27.0548367566
27.0549862241
27.0550853155
27.0551485702
27.055188989
27.0552155154
27.0552325001
27.0552434029
27.0552505128
27.0552550758
27.0552580124
27.0552599198
27.055261146
27.0552619362
27.0552624482
27.0552627778
27.0552629903
27.0552631278
27.0552632164
27.0552632735
27.0552633104
27.0552633342
27.0552633496
27.0552633595
27.0552633659
27.05526337
27.0552633727
27.0552633744
27.0552633755
27.0552633762
27.0552633767
27.055263377
27.0552633772
27.0552633773
27.0552633774
27.0552633775
27.0552633775
27.0552633775
27.0552633775
27.0552633775
27.0552633775
27.0552633775
27.0552633775
27.0552633775
27.0552633776
27.0552633776
27.0552633776
27.0552633776
27.0552633776
27.0552633776
27.0552633776
27.0552633776
27.0552633776
27.0552633776
27.0552633776
27.0552633776
27.0552633776
27.0552633776
27.0552633776
27.0552633776
27.0552633776
27.0552633776
27.0552633776
27.0552633776
27.0552633776
27.0552633776
27.0552633776
27.0552633776
27.0552633776
27.0552633776
27.0552633776
27.0552633776
27.0552633776
27.0552633776
27.0552633776
27.0552633776
27.0552633776
27.0552633776
27.0552633776
27.0552633776
27.0552633776
27.0552633776
27.0552633776
27.0552633776
27.0552633776
27.0552633776
27.0552633776
27.0552633776
27.0552633776
27.0552633776
27.0552633776
27.0552633776
27.0552633776
27.0552633776
27.0552633776
27.0552633776
27.0552633776
27.0552633776
27.0552633776
27.0552633776
27.0552633776
27.0552633776
27.0552633776
27.0552633776
27.0552633776
27.0552633776
27.0552633776
27.0552633776
27.0552633776
27.0552633776
27.0552633776
27.0552633776
27.0552633776
27.0552633776
27.0552633776
27.0552633776
27.0552633776
27.0552633776
27.0552633776
27.0552633776
27.0552633776
27.0552633776
27.0552633776
27.0552633776
27.0552633776
27.0552633776
27.0552633776
27.0552633776
27.0552633776
27.0552633776
27.0552633776
27.0552633776
27.0552633776
27.0552633776
27.0552633776
27.0552633776
27.0552633776
27.0552633776
27.0552633776
27.0552633776
27.0552633776
27.0552633776
27.0552633776
27.0552633776
27.0552633776
27.0552633776
27.0552633776
27.0552633776
27.0552633776
27.0552633776
27.0552633776
27.0552633776
27.0552633776
27.0552633776
27.0552633776
27.0552633776
27.0552633776
27.0552633776
27.0552633776
27.0552633776
27.0552633776
27.0552633776
27.0552633776
27.0552633776
27.0552633776
27.0552633776
27.0552633776
27.0552633776
27.0552633776
27.0552633776
27.0552633776
27.0552633776
27.0552633776
27.0552633776
27.0552633776
27.0552633776
27.0552633776
27.0552633776
27.0552633776
27.0552633776
27.0552633776
27.0552633776
27.0552633776
27.0552633776
27.0552633776
27.0552633776
27.0552633776
27.0552633776
27.0552633776
27.0552633776
27.0552633776
27.0552633776
27.0552633776
27.0552633776
27.0552633776
27.0552633776
27.0552633776
27.0552633776
27.0552633776
27.0552633776
27.0552633776
27.0552633776
27.0552633776
27.0552633776
27.0552633776
27.0552633776
27.0552633776
27.0552633776
27.0552633776
27.0552633776
27.0552633776
27.0552633776
27.0552633776
27.0552633776
27.0552633776
27.0552633776
27.0552633776
27.0552633776
27.0552633776
27.0552633776
27.0552633776
27.0552633776
27.0552633776
27.0552633776
27.0552633776
27.0552633776
27.0552633776
27.0552633776
27.0552633776
27.0552633776
27.0552633776
27.0552633776
27.0552633776
27.0552633776
27.0552633776
27.0552633776
27.0552633776
27.0552633776
27.0552633776
27.0552633776
27.0552633776
27.0552633776
27.0552633776
27.0552633776
27.0552633776
27.0552633776
27.0552633776
27.0552633776
27.0552633776
27.0552633776
27.0552633776
27.0552633776
27.0552633776
27.0552633776
27.0552633776
27.0552633776
27.0552633776
27.0552633776
27.0552633776
27.0552633776
27.0552633776
27.0552633776
27.0552633776
27.0552633776
27.0552633776
27.0552633776
27.0552633776
27.0552633776
27.0552633776
27.0552633776
27.0552633776
27.0552633776
27.0552633776
27.0552633776
27.0552633776
27.0552633776
27.0552633776
27.0552633776
27.0552633776
27.0552633776
27.0552633776
27.0552633776
27.0552633776
27.0552633776
27.0552633776
27.0552633776
27.0552633776
27.0552633776
27.0552633776
27.0552633776
27.0552633776
27.0552633776
27.0552633776
27.0552633776
27.0552633776
27.0552633776
27.0552633776
27.0552633776
27.0552633776
27.0552633776
27.0552633776
27.0552633776
27.0552633776
27.0552633776
27.0552633776
27.0552633776
27.0552633776
27.0552633776
27.0552633776
27.0552633776
27.0552633776
27.0552633776
27.0552633776
27.0552633776
27.0552633776
27.0552633776
27.0552633776
27.0552633776
27.0552633776
27.0552633776
27.0552633776
27.0552633776
27.0552633776
27.0552633776
27.0552633776
27.0552633776
27.0552633776
27.0552633776
27.0552633776
27.0552633776
27.0552633776
27.0552633776
27.0552633776
27.0552633776
27.0552633776
27.0552633776
27.0552633776
27.0552633776
27.0552633776
27.0552633776
27.0552633776
27.0552633776
27.0552633776
27.0552633776
27.0552633776
27.0552633776
27.0552633776
27.0552633776
27.0552633776
27.0552633776
27.0552633776
27.0552633776
27.0552633776
27.0552633776
27.0552633776
27.0552633776
27.0552633776
27.0552633776
27.0552633776
27.0552633776
27.0552633776
27.0552633776
27.0552633776
27.0552633776
27.0552633776
27.0552633776
27.0552633776
27.0552633776
27.0552633776
27.0552633776
27.0552633776
27.0552633776
27.0552633776
27.0552633776
27.0552633776
27.0552633776
27.0552633776
27.0552633776
27.0552633776
27.0552633776
27.0552633776
27.0552633776
27.0552633776
27.0552633776
27.0552633776
27.0552633776
27.0552633776
27.0552633776
27.0552633776
27.0552633776
27.0552633776
27.0552633776
27.0552633776
27.0552633776
27.0552633776
27.0552633776
27.0552633776
27.0552633776
27.0552633776
27.0552633776
27.0552633776
27.0552633776
27.0552633776
27.0552633776
27.0552633776
27.0552633776
27.0552633776
27.0552633776
27.0552633776
27.0552633776
27.0552633776
27.0552633776
27.0552633776
27.0552633776
27.0552633776
27.0552633776
27.0552633776
27.0552633776
27.0552633776
27.0552633776
27.0552633776
27.0552633776
27.0552633776
27.0552633776
27.0552633776
27.0552633776
27.0552633776
27.0552633776
27.0552633776
27.0552633776
27.0552633776
27.0552633776
27.0552633776
27.0552633776
27.0552633776
27.0552633776
27.0552633776
27.0552633776
27.0552633776
27.0552633776
27.0552633776
27.0552633776
27.0552633776
27.0552633776
27.0552633776
27.0552633776
27.0552633776
27.0552633776
27.0552633776
27.0552633776
27.0552633776
27.0552633776
27.0552633776
27.0552633776
27.0552633776
27.0552633776
27.0552633776
27.0552633776
27.0552633776
27.0552633776
27.0552633776
27.0552633776
27.0552633776
27.0552633776
27.0552633776
27.0552633776
27.0552633776
27.0552633776
27.0552633776
27.0552633776
27.0552633776
27.0552633776
27.0552633776
27.0552633776
27.0552633776
27.0552633776
27.0552633776
27.0552633776
27.0552633776
27.0552633776
27.0552633776
27.0552633776
27.0552633776
27.0552633776
27.0552633776
27.0552633776
27.0552633776
27.0552633776
27.0552633776
27.0552633776
27.0552633776
27.0552633776
27.0552633776
27.0552633776
27.0552633776
27.0552633776
27.0552633776
27.0552633776
27.0552633776
27.0552633776
27.0552633776
27.0552633776
27.0552633776
27.0552633776
27.0552633776
27.0552633776
27.0552633776
27.0552633776
27.0552633776
27.0552633776
27.0552633776
27.0552633776
27.0552633776
27.0552633776
27.0552633776
27.0552633776
27.0552633776
27.0552633776
27.0552633776
27.0552633776
27.0552633776
27.0552633776
27.0552633776
27.0552633776
27.0552633776
27.0552633776
27.0552633776
27.0552633776
27.0552633776
27.0552633776
27.0552633776
27.0552633776
27.0552633776
27.0552633776
27.0552633776
27.0552633776
27.0552633776
27.0552633776
27.0552633776
27.0552633776
27.0552633776
27.0552633776
27.0552633776
27.0552633776
27.0552633776
27.0552633776
27.0552633776
27.0552633776
27.0552633776
27.0552633776
27.0552633776
27.0552633776
27.0552633776
27.0552633776
27.0552633776
27.0552633776
27.0552633776
27.0552633776
27.0552633776
27.0552633776
27.0552633776
27.0552633776
27.0552633776
27.0552633776
27.0552633776
27.0552633776
27.0552633776
27.0552633776
27.0552633776
27.0552633776
27.0552633776
27.0552633776
27.0552633776
27.0552633776
27.0552633776
27.0552633776
27.0552633776
27.0552633776
27.0552633776
27.0552633776
27.0552633776
27.0552633776
27.0552633776
27.0552633776
27.0552633776
27.0552633776
27.0552633776
27.0552633776
27.0552633776
27.0552633776
27.0552633776
27.0552633776
27.0552633776
27.0552633776
27.0552633776
27.0552633776
27.0552633776
27.0552633776
27.0552633776
27.0552633776
27.0552633776
27.0552633776
27.0552633776
27.0552633776
27.0552633776
27.0552633776
27.0552633776
27.0552633776
27.0552633776
27.0552633776
27.0552633776
27.0552633776
27.0552633776
27.0552633776
27.0552633776
27.0552633776
27.0552633776
27.0552633776
27.0552633776
27.0552633776
27.0552633776
27.0552633776
27.0552633776
27.0552633776
27.0552633776
27.0552633776
27.0552633776
27.0552633776
27.0552633776
27.0552633776
27.0552633776
27.0552633776
27.0552633776
27.0552633776
27.0552633776
27.0552633776
27.0552633776
27.0552633776
27.0552633776
27.0552633776
27.0552633776
27.0552633776
27.0552633776
27.0552633776
27.0552633776
27.0552633776
27.0552633776
27.0552633776
27.0552633776
27.0552633776
27.0552633776
27.0552633776
27.0552633776
27.0552633776
27.0552633776
27.0552633776
27.0552633776
27.0552633776
27.0552633776
27.0552633776
27.0552633776
27.0552633776
27.0552633776
27.0552633776
27.0552633776
27.0552633776
27.0552633776
27.0552633776
27.0552633776
27.0552633776
27.0552633776
27.0552633776
27.0552633776
27.0552633776
27.0552633776
27.0552633776
27.0552633776
27.0552633776
27.0552633776
27.0552633776
27.0552633776
27.0552633776
27.0552633776
27.0552633776
27.0552633776
27.0552633776
27.0552633776
27.0552633776
27.0552633776
27.0552633776
27.0552633776
27.0552633776
27.0552633776
27.0552633776
27.0552633776
27.0552633776
27.0552633776
27.0552633776
27.0552633776
27.0552633776
27.0552633776
27.0552633776
27.0552633776
27.0552633776
27.0552633776
27.0552633776
27.0552633776
27.0552633776
27.0552633776
27.0552633776
27.0552633776
27.0552633776
27.0552633776
27.0552633776
27.0552633776
27.0552633776
27.0552633776
27.0552633776
27.0552633776
27.0552633776
27.0552633776
27.0552633776
27.0552633776
27.0552633776
27.0552633776
27.0552633776
27.0552633776
27.0552633776
27.0552633776
27.0552633776
27.0552633776
27.0552633776
27.0552633776
27.0552633776
27.0552633776
27.0552633776
27.0552633776
27.0552633776
27.0552633776
27.0552633776
27.0552633776
27.0552633776
27.0552633776
27.0552633776
27.0552633776
27.0552633776
27.0552633776
27.0552633776
27.0552633776
27.0552633776
27.0552633776
27.0552633776
27.0552633776
27.0552633776
27.0552633776
27.0552633776
27.0552633776
27.0552633776
27.0552633776
27.0552633776
27.0552633776
27.0552633776
27.0552633776
27.0552633776
27.0552633776
27.0552633776
27.0552633776
27.0552633776
27.0552633776
27.0552633776
27.0552633776
27.0552633776
27.0552633776
27.0552633776
27.0552633776
27.0552633776
27.0552633776
27.0552633776
27.0552633776
27.0552633776
27.0552633776
27.0552633776
27.0552633776
27.0552633776
27.0552633776
27.0552633776
27.0552633776
27.0552633776
27.0552633776
27.0552633776
27.0552633776
27.0552633776
27.0552633776
27.0552633776
27.0552633776
27.0552633776
27.0552633776
27.0552633776
27.0552633776
27.0552633776
27.0552633776
27.0552633776
27.0552633776
27.0552633776
27.0552633776
27.0552633776
27.0552633776
27.0552633776
27.0552633776
27.0552633776
27.0552633776
27.0552633776
27.0552633776
27.0552633776
27.0552633776
27.0552633776
27.0552633776
27.0552633776
27.0552633776
27.0552633776
27.0552633776
27.0552633776
27.0552633776
27.0552633776
27.0552633776
27.0552633776
27.0552633776
27.0552633776
27.0552633776
27.0552633776
27.0552633776
27.0552633776
27.0552633776
27.0552633776
27.0552633776
27.0552633776
27.0552633776
27.0552633776
27.0552633776
27.0552633776
27.0552633776
27.0552633776
27.0552633776
27.0552633776
27.0552633776
27.0552633776
27.0552633776
27.0552633776
27.0552633776
27.0552633776
27.0552633776
27.0552633776
27.0552633776
27.0552633776
27.0552633776
27.0552633776
27.0552633776
27.0552633776
27.0552633776
27.0552633776
27.0552633776
27.0552633776
27.0552633776
27.0552633776
27.0552633776
27.0552633776
27.0552633776
27.0552633776
27.0552633776
27.0552633776
27.0552633776
27.0552633776
27.0552633776
27.0552633776
27.0552633776
27.0552633776
27.0552633776
27.0552633776
27.0552633776
27.0552633776
27.0552633776
27.0552633776
27.0552633776
27.0552633776
27.0552633776
27.0552633776
27.0552633776
27.0552633776
27.0552633776
27.0552633776
27.0552633776
27.0552633776
27.0552633776
27.0552633776
27.0552633776
27.0552633776
27.0552633776
27.0552633776
27.0552633776
27.0552633776
27.0552633776
27.0552633776
27.0552633776
27.0552633776
27.0552633776
27.0552633776
27.0552633776
27.0552633776
27.0552633776
27.0552633776
27.0552633776
27.0552633776
27.0552633776
27.0552633776
27.0552633776
27.0552633776
27.0552633776
27.0552633776
27.0552633776
27.0552633776
27.0552633776
27.0552633776
27.0552633776
27.0552633776
27.0552633776
27.0552633776
27.0552633776
27.0552633776
27.0552633776
27.0552633776
27.0552633776
27.0552633776
27.0552633776
27.0552633776
27.0552633776
27.0552633776
27.0552633776
27.0552633776
27.0552633776
27.0552633776
27.0552633776
27.0552633776
27.0552633776
27.0552633776
27.0552633776
27.0552633776
27.0552633776
27.0552633776
27.0552633776
27.0552633776
27.0552633776
27.0552633776
27.0552633776
27.0552633776
27.0552633776
27.0552633776
27.0552633776
27.0552633776
27.0552633776
27.0552633776
27.0552633776
27.0552633776
27.0552633776
27.0552633776
27.0552633776
27.0552633776
27.0552633776
27.0552633776
27.0552633776
27.0552633776
27.0552633776
27.0552633776
27.0552633776
27.0552633776
27.0552633776
27.0552633776
27.0552633776
27.0552633776
27.0552633776
27.0552633776
27.0552633776
27.0552633776
27.0552633776
27.0552633776
27.0552633776
27.0552633776
27.0552633776
27.0552633776
27.0552633776
27.0552633776
27.0552633776
27.0552633776
27.0552633776
27.0552633776
27.0552633776
27.0552633776
27.0552633776
27.0552633776
27.0552633776
27.0552633776
27.0552633776
27.0552633776
27.0552633776
27.0552633776
27.0552633776
27.0552633776
27.0552633776
27.0552633776
27.0552633776
27.0552633776
27.0552633776
27.0552633776
27.0552633776
27.0552633776
27.0552633776
27.0552633776
27.0552633776
27.0552633776
27.0552633776
27.0552633776
27.0552633776
27.0552633776
27.0552633776
27.0552633776
27.0552633776
27.0552633776
27.0552633776
27.0552633776
27.0552633776
27.0552633776
27.0552633776
27.0552633776
27.0552633776
27.0552633776
27.0552633776
27.0552633776
27.0552633776
27.0552633776
27.0552633776
27.0552633776
27.0552633776
27.0552633776
27.0552633776
27.0552633776
27.0552633776
27.0552633776
27.0552633776
27.0552633776
27.0552633776
27.0552633776
27.0552633776
27.0552633776
27.0552633776
27.0552633776
27.0552633776
27.0552633776
27.0552633776
27.0552633776
27.0552633776
27.0552633776
27.0552633776
27.0552633776
27.0552633776
27.0552633776
27.0552633776
27.0552633776
27.0552633776
27.0552633776
27.0552633776
27.0552633776
27.0552633776
27.0552633776
27.0552633776
27.0552633776
27.0552633776
27.0552633776
27.0552633776
27.0552633776
27.0552633776
27.0552633776
27.0552633776
27.0552633776
27.0552633776
27.0552633776
27.0552633776
27.0552633776
27.0552633776
27.0552633776
27.0552633776
27.0552633776
27.0552633776
27.0552633776
27.0552633776
27.0552633776
27.0552633776
27.0552633776
27.0552633776
27.0552633776
27.0552633776
27.0552633776
27.0552633776
27.0552633776
27.0552633776
27.0552633776
27.0552633776
27.0552633776
27.0552633776
27.0552633776
27.0552633776
27.0552633776
27.0552633776
17.5
21.04
21.9
22.32
22.48
22.62
22.16
23.2
22.46
17.66
15.54
14.0
17.9
21.26
20.44
20.68
22.12
20.96
21.24
21.62
21.06
15.14
17.52
20.7
20.7
21.84
23.18
21.22
19.74
19.96
21.04
21.68
20.88
20.96
22.24
22.84
23.34
24.62
24.58
26.46
23.12
22.74
23.72
26.26
24.18
20.02
19.72
21.04
23.36
20.74
21.62
22.54
22.88
24.3
22.9
22.96
23.56
26.26
25.06
25.4327113815
26.4059405611
26.4976870322
21.06
24.42
26.24
19.74
19.14
18.1
22.56
24.44
18.6
17.56
16.24
20.96
22.34
24.18
24.22
24.62
22.08
22.72
23.9
24.92
25.36
23.84
23.98
26.04
25.36
25.18
24.1
26.12
22.96
25.2
24.38
22.58
24.1
25.86
25.06
24.64
22.98
23.76
25.04
25.94
24.74
25.98
24.32
21.82
21.26
24.48
25.66
24.6
25.98
22.66
22.84
25.28
25.46
23.4
24.84
22.2
22.8
22.68
22.6
23.98
24.16
21.7
21.0
22.88
21.26
23.48
23.2
22.08
24.02
25.96
24.64
24.2
26.64
23.6
23.8
23.88
23.06
23.7
22.76
20.56
21.66
21.34
21.28
20.96
22.74
24.82
25.3
23.82
21.08
18.52
19.8
21.78
20.04
21.48
22.64
25.36
23.56
24.28
23.68
23.5
24.26
22.92
23.58
23.1
23.8
24.48
27.34
23.1
24.76
26.22
24.64
24.4
24.18
22.34
23.32
23.64
22.92
23.74
23.86
21.78
21.88
22.44
22.8
22.38
21.84
22.16
23.24
23.68
24.6
23.32
24.12
22.54
22.74
23.3
22.66
22.86
22.88
22.88
24.9
23.5
22.92
23.18
22.14
21.02
22.12
22.48
23.02
22.64
22.72
21.34
21.94
22.6
22.64
22.44
22.68
21.12
21.3
23.56
24.5
24.46
25.26
25.22
25.9
24.58
23.5
24.04
23.48
22.68
21.92
23.7
22.72
24.08
23.04
24.46
25.7
26.3
25.62
24.88
26.12
25.06
23.44
24.34
24.06
21.96
22.06
23.7
24.22
24.94
23.1
24.48
22.94
23.8
24.58
23.88
23.66
24.08
22.8
23.66
23.52
22.62
22.54
22.84
23.88
24.72
25.42
25.8
22.74
22.56
23.36
22.18
17.88
18.72
20.84
22.96
24.4
23.88
23.66
22.88
22.62
22.66
22.64
22.3
22.66
22.82
23.2
23.96
22.42
20.38
21.1
22.06
23.32
22.62
22.82
22.46
22.94
23.9
21.66
22.0
22.76
22.66
22.38
23.28
23.52
23.04
22.68
22.5
22.44
21.44
21.18
22.0
21.24
21.1
21.52
22.54
22.72
19.18
18.04
19.94
19.78
19.98
20.42
20.4
22.4
19.28
17.82
21.3
19.78
18.82
20.72
21.04
20.28
19.94
19.52
18.42
19.64
20.88
20.3
23.14
17.82
15.36
11.96
12.6
16.92
20.64
19.58
22.28
19.72
17.26
18.58
21.0
21.84
22.7
22.52
22.22
22.28
21.38
21.78
21.12
21.36
19.1
20.8
20.72
19.36
18.46
20.62
22.64
20.68
20.06
19.96
20.38
21.1
20.2
19.04
20.38
19.7
21.32
20.74
22.08
22.18
20.86
20.82
20.68
21.38
19.88
18.86
20.42
20.56
19.36
18.96
18.76
18.2
19.36
19.7
22.36
22.58
23.66
23.66
23.82
19.1
21.48
22.38
18.56
15.9
17.36
20.14
20.38
22.32
22.48
21.78
21.72
21.92
22.96
23.74
24.04
23.62
24.58
25.6614800747
22.54
23.72
24.0
25.26
24.28
23.3
22.98
23.34
23.96
24.74
25.72
27.12
26.76
26.02
26.84
28.4
28.56
26.84
25.14
26.9
25.68
27.3
28.08
27.06
26.94
26.4
27.0
27.66
23.46
24.3
24.96
24.78
22.44
23.96
26.02
26.52
26.28
25.3
25.66
22.14
24.56
27.62
27.1
25.78
24.16
26.56
26.6
26.18
28.08
29.3
30.6
31.22
29.98
24.74
24.72
24.38
23.9
23.92
24.18
25.9
25.68
24.14
23.68
22.98
24.8
26.48
26.52
23.78
26.06
25.3
27.92
26.08
26.3
25.64
23.96
26.02
26.4
26.54
26.4
25.76
26.38
24.04
24.16
22.96
22.76
22.78
23.2
24.5
23.96
24.52
24.2
23.66
24.12
24.52
23.34
25.58
24.6
23.5
23.56
21.48
23.3
20.36
22.4
23.62
24.42
24.64
24.52
23.88
22.54
23.78
24.06
23.08
23.18
22.7
24.1
25.02
23.0
23.52
24.5
24.66
26.2
25.6
26.98
27.36
24.96
24.08
24.04
25.86
24.06
26.22
24.32
26.82
27.06
27.04
27.36
25.62
24.58
24.86
23.54
23.62
24.54
24.4
23.88
23.58
23.44
23.82
23.36
25.04
24.76
23.3
23.78
24.0
23.82
24.64
24.98
23.84
24.52
24.58
24.24
24.5
24.48
25.66
24.46
23.86
25.54
25.22
24.38
26.96
25.6
26.64
24.72
24.76
23.54
24.64
24.86
23.64
23.1
23.96
23.96
24.86
24.88
23.56
23.62
24.1
23.42
22.98
23.96
24.42
23.88
24.36
22.26
23.38
24.8
24.12
23.44
24.04
24.54
25.1
25.48
24.42
25.6
25.42
24.08
24.46
24.84
24.66
22.48
22.8
23.4
24.1
25.0
24.6
24.82
23.56
24.3
25.9
26.06
26.24
25.02
24.32
23.04
23.94
23.42
23.06
22.34
24.24
23.16
24.02
25.34
26.1
26.16
26.66
26.16
26.28
25.86
25.96
22.56
22.3
22.56
22.5
24.4
25.32
26.24
25.98
26.46
26.14
26.74
25.74
24.24
19.26
19.42
21.16
23.82
21.0
19.72
19.58
19.14
20.88
21.56
20.98
21.36
22.2
22.2
22.9
22.56
16.86
15.14
17.88
19.76
21.8
22.1
22.66
23.18
24.58
23.48
23.18
23.28
22.58
21.96
19.3
17.1
19.92
19.1
19.28
20.14
20.52
20.42
18.36
18.6
20.9
22.96
23.3
20.12
20.44
20.88
19.5
19.78
22.66
22.74
22.68
21.44
22.48
22.08
22.16
23.1
16.18
17.62
21.14
22.22
21.44
20.66
21.64
20.72
22.5
22.98
22.58
22.98
22.66
23.7
20.14
17.22
17.4
20.38
20.0
19.12
21.62
21.44
21.2
22.42
22.54
23.82
24.74
24.4
23.7
22.62
21.8
22.3
22.5
23.24
24.12
23.74
22.84
22.38
17.8
22.68
24.98
18.64
18.88
20.82
23.38
20.9
21.56
22.42
24.52
26.32
25.88
25.7
26.04
25.32
25.64
26.58
26.32
26.96
26.56
25.36
24.02
24.52
26.38
21.1
22.46
23.58
23.04
23.82
24.18
23.88
24.42
26.1
24.94
26.7
27.72
21.6
19.9
23.7
26.62
27.36
28.1
28.82
28.86
27.34
28.48
28.14
23.34
19.56
17.46
21.28
23.14
24.52
24.98
23.96
26.7
21.82
20.34
22.12
23.94
26.16
27.22
26.14
23.42
23.66
24.18
25.22
25.9
24.86
23.22
21.44
23.66
26.06
26.16
22.74
22.54
22.4
24.02
25.24
25.16
24.88
24.18
25.52
24.88
24.04
23.0
22.94
23.04
21.96
20.58
22.88
22.12
22.12
23.12
24.74
26.18
24.5
22.96
23.62
23.06
23.36
22.38
21.82
23.38
25.08
26.3
23.52
24.46
24.96
26.22
26.24
26.74
26.7
25.24
24.18
25.74
23.82
24.36
24.48
24.16
23.66
22.88
23.76
25.04
22.76
25.06
24.48
24.1
24.64
24.06
24.78
25.14
24.96
25.08
22.76
24.58
24.06
24.66
25.12
24.94
25.64
24.38
22.3
21.9
22.28
22.44
22.4
23.54
22.96
22.52
23.78
23.3
24.42
24.6
23.78
22.68
22.38
22.82
22.14
24.12
23.84
24.04
23.68
23.64
22.48
22.86
23.14
24.38
26.28
25.38
26.44
27.86
23.5
25.26
26.62
26.9
22.42
24.94
22.42
23.18
22.82
22.82
24.24
25.44
23.36
25.44
26.18
25.46
23.76
22.96
22.92
24.7
25.38
24.12
23.94
26.46
26.18
26.14
26.48
27.12
25.26
23.58
22.3
23.02
24.68
23.76
23.32
22.32
22.84
22.78
20.92
21.58
22.02
23.18
23.78
23.5
21.76
22.52
24.78
25.4
23.26
22.92
23.96
24.54
24.68
23.7
22.88
23.48
22.96
23.58
23.96
24.14
23.22
23.54
24.22
24.98
25.24
25.86
26.38
25.18
22.82
24.56
24.36
25.0
25.56
25.06
26.0
23.66
23.52
24.46
24.26
24.86
23.52
23.76
22.86
23.66
21.92
13.76
14.0
17.94
22.12
23.86
23.66
24.58
23.42
23.28
24.28
23.16
21.1
22.22
23.28
23.26
24.5
22.02
22.64
23.38
23.6
19.24
19.54
21.36
22.0
20.66
21.04
20.62
19.34
18.92
20.46
19.98
21.5
21.04
16.18
13.72
16.92
18.54
20.02
21.76
23.64
22.16
22.32
23.04
18.04
12.92
17.3
20.74
21.9
22.46
23.14
21.42
21.12
21.78
21.44
22.82
20.04
21.98
21.58
22.0
19.5
21.12
21.84
22.66
22.02
18.44
20.44
19.7
20.82
21.34
22.8
22.56
22.74
22.62
23.9
21.24
23.0
22.78
23.46
23.52
20.9
20.76
21.52
22.76
22.36
21.8
21.74
20.28
19.48
19.74
21.78
22.26
24.06
23.34
23.84
23.18
22.42
22.46
22.78
23.36
23.4
22.88
23.02
23.34
23.84
23.12
22.06
23.42
23.62
21.92
21.68
21.48
21.98
24.0
20.8
22.36
23.58
23.42
24.46
25.22
16.18
11.18
13.08
19.02
22.2
23.32
22.28
22.02
22.82
19.82
22.3
22.66
23.84
24.94
26.78
27.66
26.64
25.18
24.38
24.9
25.7
27.5
28.58
27.86
27.44
27.98
25.96
23.2
22.68
23.18
24.38
24.76
19.34
21.7
24.18
24.12
24.22
23.48
22.7
21.5
21.82
20.56
22.84
24.56
26.14
27.48
28.46
27.88
28.68
27.4
24.02
22.84
24.38
25.76
25.04
22.82
23.2
25.58
27.18
26.68
27.44
29.08
28.8
29.58
27.58
24.2
26.06
27.18
23.56
24.9
27.16
25.74
21.94
21.62
21.88
21.5
23.68
25.4
24.74
25.46
24.72
22.64
21.46
22.58
21.14
24.3
23.82
23.26
23.1
22.84
22.08
21.1
24.62
24.4
24.18
24.78
24.68
24.32
21.72
23.5
23.24
22.64
22.88
24.04
23.4
24.08
25.1
26.28
26.32
25.92
26.46
23.42
24.8
23.84
24.0
23.86
23.56
24.22
21.34
23.64
23.62
23.68
23.84
24.06
24.84
25.86
25.56
26.86
26.0
25.52
26.78
23.64
21.76
20.14
23.0
23.92
24.38
25.48
24.14
24.06
23.38
22.6
21.82
21.76
22.82
22.54
22.42
23.24
22.6
23.56
24.32
23.48
24.8
25.24
26.12
25.76
23.74
24.12
25.36
23.46
23.96
25.24
25.18
25.44
25.1
24.54
21.98
22.62
23.12
24.0
24.66
24.64
25.04
23.08
23.74
24.08
23.7
22.6
22.54
21.44
22.1
21.94
23.2
21.8
22.9
24.2
23.12
22.96
22.32
22.56
24.24
21.74
23.04
24.24
25.04
26.3
23.68
23.96
22.76
22.06
21.88
23.28
21.9
23.1
23.62
24.54
24.58
22.9
22.62
22.66
22.22
21.58
23.64
22.78
24.44
23.34
23.44
23.66
22.62
22.98
21.8
24.44
25.0
25.16
24.18
25.12
22.22
22.46
22.62
22.5
23.1
24.14
24.58
23.06
23.54
23.28
23.52
23.9
23.7
24.78
25.1
24.18
24.28
22.84
23.8
24.92
25.16
24.52
23.2
22.38
20.5
18.74
18.26
20.34
22.88
23.98
23.42
22.72
22.64
22.34
23.0
23.7
24.2
23.68
23.58
23.84
22.66
21.34
22.32
22.46
22.1
20.74
21.92
22.06
21.38
22.04
21.58
21.5
14.96
15.34
17.84
19.86
20.12
22.34
21.44
20.08
22.66
23.46
21.64
21.3
23.3
23.22
21.8
21.14
22.9
22.54
20.72
21.32
20.54
20.76
20.74
21.26
21.14
21.96
21.88
22.62
22.28
21.64
20.9
21.9
20.32
19.6
15.88
16.8
20.04
21.54
22.1
22.88
22.56
22.54
23.32
22.82
22.02
22.54
23.18
21.18
20.04
19.72
20.34
21.74
21.92
22.8
21.5
12.5
10.96
17.02
21.4
14.8
11.58
16.3
20.46
15.44
21.6
24.16
14.02
12.44
17.14
19.7
22.4
22.6
21.56
23.18
22.62
19.88
21.4
21.68
20.34
21.36
23.66
23.96
23.88
26.1
24.06
22.68
19.78
21.66
24.66
24.22
23.92
25.4
22.38
23.46
24.18
24.26
23.66
24.66
25.56
26.96
27.72
27.24
19.42
16.62
20.74
23.4
22.98
22.02
20.82
20.86
21.14
21.22
21.38
20.62
21.4
24.68
26.22
25.44
20.88
23.32
22.34
24.94
23.64
25.4
25.22
24.22
25.3
25.26
26.74
26.0
19.32
17.8
18.2
20.28
21.9
23.8
22.94
24.94
26.0
22.3
23.16
22.54
24.04
25.36
24.36
24.06
23.62
27.7
28.26
28.02
27.3
27.14
27.44
27.42
28.24
29.72
27.9
28.3
23.14
23.76
24.92
25.32
24.52
24.0
24.16
21.84
23.84
25.12
23.78
24.1
23.4
21.84
23.28
23.12
22.72
24.24
25.64
24.46
24.88
23.82
22.7
23.46
22.9
21.9
22.98
20.16
23.24
23.54
23.24
22.5
23.72
22.22
22.32
22.08
23.82
22.74
22.28
24.14
22.68
23.0
22.26
23.24
23.74
26.02
24.62
24.16
24.24
24.24
24.5
23.16
23.1
22.1
21.88
17.92
19.12
23.06
22.84
22.84
23.18
25.6
22.96
23.12
24.44
25.5
24.34
24.8
22.96
23.96
22.66
23.6
23.34
21.88
24.34
24.52
23.98
25.4117593512
22.44
21.52
21.18
21.66
22.84
21.94
23.22
23.96
24.72
24.48
23.82
24.96
25.44
23.14
22.66
22.18
23.86
23.46
24.16
25.08
23.3
23.26
24.82
22.98
23.22
24.26
25.2
25.08
24.64
25.18
24.18
25.555271245
26.1184043995
26.3228266967
26.5964312649
26.7679245969
26.8496803462
26.9259630589
26.9737197809
26.9994642502
27.0200443072
27.0328594423
27.0402955976
27.0457652428
27.0491822524
27.0512561444
27.0527080889
27.0536209046
27.054189912
27.0545763001
27.0548207747
27.0549755501
27.0550786584
27.0551442502
27.0551861446
27.0552137198
27.0552313355
27.0552426425
27.055250029
27.0552547623
27.0552578088
27.0552597895
27.0552610617
27.0552618816
27.0552624132
27.0552627551
27.0552629756
27.0552631184
27.0552632103
27.0552632696
27.0552633079
27.0552633326
27.0552633485
27.0552633588
27.0552633655
27.0552633698
27.0552633725
27.0552633743
27.0552633755
27.0552633762
27.0552633767
27.055263377
27.0552633772
27.0552633773
27.0552633774
27.0552633775
27.0552633775
27.0552633775
27.0552633775
27.0552633775
27.0552633775
27.0552633775
27.0552633775
27.0552633775
27.0552633776
27.0552633776
27.0552633776
27.0552633776
27.0552633776
27.0552633776
27.0552633776
27.0552633776
27.0552633776
27.0552633776
27.0552633776
27.0552633776
27.0552633776
27.0552633776
27.0552633776
27.0552633776
27.0552633776
27.0552633776
27.0552633776
27.0552633776
27.0552633776
27.0552633776
27.0552633776
27.0552633776
27.0552633776
27.0552633776
27.0552633776
27.0552633776
27.0552633776
27.0552633776
27.0552633776
27.0552633776
27.0552633776
27.0552633776
27.0552633776
27.0552633776
27.0552633776
27.0552633776
27.0552633776
27.0552633776
27.0552633776
27.0552633776
27.0552633776
27.0552633776
27.0552633776
27.0552633776
27.0552633776
27.0552633776
27.0552633776
27.0552633776
27.0552633776
27.0552633776
27.0552633776
27.0552633776
27.0552633776
27.0552633776
27.0552633776
27.0552633776
27.0552633776
27.0552633776
27.0552633776
27.0552633776
27.0552633776
27.0552633776
27.0552633776
27.0552633776
27.0552633776
27.0552633776
27.0552633776
27.0552633776
27.0552633776
27.0552633776
27.0552633776
27.0552633776
27.0552633776
27.0552633776
27.0552633776
27.0552633776
27.0552633776
27.0552633776
27.0552633776
27.0552633776
27.0552633776
27.0552633776
27.0552633776
27.0552633776
27.0552633776
27.0552633776
27.0552633776
27.0552633776
27.0552633776
27.0552633776
27.0552633776
27.0552633776
27.0552633776
27.0552633776
27.0552633776
27.0552633776
27.0552633776
27.0552633776
27.0552633776
27.0552633776
27.0552633776
27.0552633776
27.0552633776
27.0552633776
27.0552633776
27.0552633776
27.0552633776
27.0552633776
27.0552633776
27.0552633776
27.0552633776
27.0552633776
27.0552633776
27.0552633776
27.0552633776
27.0552633776
27.0552633776
27.0552633776
27.0552633776
27.0552633776
27.0552633776
27.0552633776
27.0552633776
27.0552633776
27.0552633776
27.0552633776
27.0552633776
27.0552633776
27.0552633776
27.0552633776
27.0552633776
27.0552633776
27.0552633776
27.0552633776
27.0552633776
27.0552633776
27.0552633776
27.0552633776
27.0552633776
27.0552633776
27.0552633776
27.0552633776
27.0552633776
27.0552633776
27.0552633776
27.0552633776
27.0552633776
27.0552633776
27.0552633776
27.0552633776
27.0552633776
27.0552633776
27.0552633776
27.0552633776
27.0552633776
27.0552633776
27.0552633776
27.0552633776
27.0552633776
27.0552633776
27.0552633776
27.0552633776
27.0552633776
27.0552633776
27.0552633776
27.0552633776
27.0552633776
27.0552633776
27.0552633776
27.0552633776
27.0552633776
27.0552633776
27.0552633776
27.0552633776
27.0552633776
27.0552633776
27.0552633776
21.78
22.84
22.7
23.62
22.5
20.44
19.52
22.04
20.08
20.64
20.48
23.42
23.26
24.4455310102
25.5610217041
26.123996554
26.3555241241
26.60453605
26.7725065772
26.8574654538
26.9287219235
26.9754255955
27.0013581431
27.0208567304
27.03338703
27.0407636785
27.0459944694
27.0493340427
27.0513743895
27.0527716338
27.0536631527
27.0542203695
27.0545937421
27.0548323396
27.0549835103
27.0550834147
27.0551473882
27.055188246
27.0552150109
27.0552321829
27.055243201
27.0552503783
23.7
25.9815770301
25.9811222456
26.1399311832
22.54
24.6879703085
25.4490829145
26.0572009049
22.02
23.7484864144
25.137619503
26.0878317569
26.309462663
26.5084776026
26.7481344668
26.8388690837
26.9052641416
22.28
24.6308473554
25.3622246139
26.0259767813
26.3497361916
26.5618026539
26.7460834568
26.8504105977
26.9174989542
26.9685889761
26.9986226159
27.0179385226
27.0316275045
27.0398976241
27.0452373927
27.0488756183
27.0511207113
27.0525740401
27.0535422139
27.0541487898
27.0545417882
27.0548001599
27.0549637163
27.0550696674
27.0551387823
27.0551828353
27.0552113557
27.055229875
26.4
26.9893540752
26.9683600251
26.9037359729
27.0248377357
27.0247873029
27.0206613719
27.0447708042
27.0461624094
27.0470974759
27.0520210807
27.0526960323
27.0532617344
27.054315056
27.0545579535
27.0547574388
27.054994599
27.0550720293
27.0551326498
27.0551886499
27.0552117964
27.0552290958
25.58
24.66
24.3
24.34
23.84
23.98
24.0
24.76
23.62
23.3
23.5
23.0
22.96
22.74
21.78
23.8
23.86
22.66
23.94
22.76
22.5
22.84
22.96
23.02
22.68
23.82
22.96
24.04
22.86
23.54
23.58
22.02
22.54
24.16
24.24
22.98
24.54
24.64
23.98
23.14
24.08
25.64
25.68
24.36
25.32
24.36
25.54
25.6
23.3
23.6
23.18
23.42
24.26
23.18
23.78
21.9
23.08
22.92
23.48
23.8
22.88
24.4
24.62
24.26
24.12
25.04
26.12
25.22
25.0
25.3
25.36
23.62
23.88
24.0
24.72
25.64
25.3
24.24
25.56
25.48
24.72
23.94
25.36
25.54
25.38
25.26
24.82
23.62
24.2
24.12
24.58
25.24
24.88
24.74
24.24
24.2
25.04
25.42
24.08
23.58
24.48
24.72
24.58
20.9
23.32
24.72
22.88
24.14
23.96
24.12
24.56
23.84
24.94
25.54
24.34
19.96
18.68
19.12
20.1
19.02
19.06
18.72
18.72
19.98
22.36
21.76
20.52
21.5
20.7
21.6
22.2
22.84
22.54
22.32
22.64
22.88
23.02
22.64
22.62
22.76
21.74
21.7
20.8
21.62
21.02
21.02
19.68
19.56
20.1
20.6
24.46
21.3
22.24
22.24
22.18
22.74
21.32
20.12
19.24
20.18
20.84
23.14
17.6
14.86
18.34
20.36
23.12
21.8
19.46
20.08
21.32
22.88
21.88
20.48
22.4
24.34
20.62
20.24
22.54
23.64
19.7
22.4
23.16
18.12
20.88
25.3
22.22
21.0
21.62
21.28
22.22
26.22
25.26
26.14
23.48
24.5
24.46
25.54
24.92
24.5
24.32
24.94
24.24
24.16
24.28
22.36
22.92
23.62
24.06
25.06
25.8913461036
24.22
24.26
22.62
23.34
23.32
20.28
19.2
14.1
12.94
17.22
22.8
26.34
24.6
21.54
23.6
25.42
24.86
24.42
26.2
25.96
24.14
25.94
24.84
26.46
24.42
27.78
25.06
22.22
21.82
21.7
18.3
19.84
23.36
25.12
24.92
25.14
28.52
26.56
26.04
25.52
25.98
26.5
26.26
27.26
27.42
27.24
26.64
27.08
27.4
26.92
27.14
27.42
26.58
24.08
24.54
25.9
25.94
26.28
25.8
28.44
28.94
25.26
25.42
25.74
27.36
24.86
23.6
23.2
24.3
25.96
26.18
23.98
24.08
23.96
24.7
24.26
26.64
24.58
23.5
22.6
22.64
22.5
24.64
24.6
25.78
24.82
22.2
25.1
26.32
23.6
24.74
24.28
26.04
27.06
23.8
24.64
24.76
23.0
25.94
23.76
26.02
24.34
26.96
26.78
26.82
25.1
24.42
22.88
23.72
22.68
23.74
23.46
22.56
23.54
24.12
27.4
25.8
24.16
25.94
25.18
26.0
25.66
25.2
22.94
24.34
24.58
24.6
23.82
24.16
24.26
24.6
23.84
23.46
24.04
23.78
24.32
24.48
24.52
26.52
27.08
23.44
23.44
23.9
24.66
23.26
23.48
22.48
23.0
23.78
21.38
23.58
21.48
22.32
23.9
23.42
22.76
20.76
21.46
22.48
23.08
22.98
23.74
22.48
23.72
24.22
23.8
22.96
23.74
24.28
24.92
24.7
23.52
24.28
23.04
22.0
23.12
23.68
23.46
24.16
24.12
24.5
23.96
23.7
24.32
25.0
26.28
26.52
27.08
24.74
21.44
23.12
23.54
24.86
26.18
24.66
23.56
22.32
22.48
23.2
22.86
21.76
24.48
25.0
23.34
22.64
22.22
22.4
24.44
22.64
24.0
22.5
23.16
22.06
21.5
20.28
21.74
23.72
23.82
23.72
23.3
24.2
22.64
23.58
22.96
23.34
23.32
23.86
23.08
21.8
21.22
19.4
19.42
21.52
22.96
22.96
23.22
23.74
24.36
22.82
23.3
23.7
23.42
23.82
23.8
24.16
25.36
24.68
24.5
24.04
24.38
24.0
21.48
22.28
22.56
18.66
14.94
15.12
14.48
18.78
20.76
19.2
20.0
21.22
21.64
22.5
21.86
19.86
20.82
22.6
22.9
23.54
22.36
20.24
18.38
18.48
19.64
17.4
19.26
21.48
20.9
20.56
22.02
23.24
21.5
22.72
22.9
22.52
21.8
21.5
21.72
21.58
21.52
22.88
22.88
22.24
21.28
21.46
21.36
21.94
21.14
20.78
19.46
20.0
20.56
21.22
21.32
21.72
21.78
20.36
19.7
20.32
19.64
19.38
20.84
22.66
21.98
22.28
21.92
24.14
23.2
17.34
18.2
19.82
20.22
19.86
20.08
20.66
21.6
21.22
22.32
22.6
21.74
21.4
21.42
22.36
23.64
20.84
20.42
21.48
22.62
22.54
23.74
23.8
24.12
22.42
23.42
25.36
21.72
23.66
20.76
18.92
20.06
22.56
23.16
22.72
20.64
18.6
15.36
17.8
22.02
22.14
22.96
24.06
24.74
26.18
16.2
15.68
19.46
17.7
16.62
19.4
23.82
23.26
24.18
23.28
23.74
24.36
25.14
26.18
26.24
22.8
17.9
17.46
23.92
24.1
22.64
24.76
18.9
21.08
24.22
26.62
27.26
26.24
26.64
28.12
29.14
30.04
25.18
23.72
23.78
21.62
25.32
27.0
27.1
26.72
28.3
26.3
21.48
22.86
22.44
23.28
21.88
23.22
21.1
23.1
23.52
24.44
24.72
25.02
25.84
26.76
27.14
25.96
20.02
22.7
24.54
25.0
27.8
21.54
21.38
23.46
22.72
23.36
22.86
22.94
22.14
22.98
22.98
22.84
23.7
26.12
26.76
26.3
26.6
27.12
21.84
24.2
25.5
25.2
23.16
24.08
21.0
22.08
21.72
21.78
21.78
23.84
25.0
24.44
24.1
24.94
24.42
24.82
22.5
23.3
23.7
22.66
24.14
23.2
24.18
22.7
21.02
24.08
25.36
23.92
25.84
27.1
26.04
26.72
26.4
26.7
25.24
26.7
26.7
26.88
23.04
25.18
25.58
25.84
23.08
22.98
23.54
23.5
24.14
23.98
23.46
23.12
23.82
24.72
23.54
24.1
22.1
23.56
24.84
25.3
23.78
22.7
24.54
24.48
24.56
26.32
23.98
24.18
23.22
21.42
22.88
23.34
22.5
22.08
20.8
23.68
22.96
22.44
21.28
21.32
21.82
20.98
23.68
23.74
24.28
23.78
22.8
22.72
22.48
21.64
22.8
21.82
23.06
24.08
22.86
23.68
24.16
23.98
23.32
22.48
22.8
23.16
22.24
20.24
22.8
24.2
25.36
23.94
25.54
24.2
25.06
23.42
23.1
22.72
22.18
22.36
24.78
24.58
25.38
24.8
25.12
23.52
23.24
23.98
23.74
24.92
24.54
22.9
25.04
23.34
23.52
22.4
21.5
23.36
24.62
22.72
22.08
23.02
24.58
25.48
23.82
24.4
24.4
23.52
22.18
22.84
22.02
24.52
23.7
22.44
22.32
21.26
21.48
22.56
20.64
22.58
23.48
24.34
23.22
22.82
24.22
23.04
23.52
22.78
23.92
22.98
22.98
23.0
22.92
22.6
23.7
24.32
23.8
22.12
22.2
21.38
20.56
19.48
17.98
20.1
21.42
22.26
20.32
21.24
17.88
15.86
19.74
19.92
22.36
21.4
21.8
21.52
21.8
22.36
23.2
15.7
15.08
16.56
20.0
22.7
22.34
20.64
20.2
19.22
17.9
16.58
17.26
17.98
20.52
21.78
21.22
20.66
15.38
14.0
17.58
19.94
19.9
20.36
21.14
19.76
20.52
20.12
20.1
19.9
21.32
21.2
21.64
21.82
21.84
22.32
20.76
20.76
21.56
21.22
22.06
22.02
21.3
22.0
20.74
20.74
21.92
20.12
21.02
22.12
22.6
21.96
22.0
20.84
21.44
21.78
18.38
15.04
16.88
17.06
16.04
16.44
17.66
16.56
18.06
17.32
18.98
19.8
20.46
22.58
23.8
24.3
20.62
19.64
20.76
17.42
18.28
19.62
20.4
22.26
20.84
17.9
18.74
21.04
21.68
22.48
24.06
24.9
25.64
24.6
25.6
24.68
26.94
27.54
25.64
24.7
22.6
23.28
26.34
26.44
25.0
24.66
25.54
25.98
27.36
27.36
28.24
26.18
25.36
25.5
23.12
21.08
25.92
24.54
24.22
24.98
26.32
26.42
28.06
27.88
28.12
28.48
28.36
28.96
28.72
28.34
28.18
23.12
24.56
24.36
21.94
20.28
21.86
23.66
25.86
22.88
25.9
30.24
25.76
22.58
23.62
24.58
23.14
24.16
25.82
23.52
25.06
23.74
24.34
24.4
22.82
20.86
22.64
22.48
22.72
23.2
25.04
25.38
26.02
26.46
23.76
25.46
26.4
21.14
22.56
22.8
25.24
25.66
23.92
23.14
23.08
25.16
24.74
24.72
21.3
23.46
23.36
23.08
22.92
22.66
24.16
24.76
24.64
25.98
26.8
27.36
25.84
23.64
22.98
23.96
22.58
22.08
22.72
23.96
24.26
24.16
22.14
24.2
23.8
23.12
23.12
22.24
24.54
25.5
24.26
25.52
24.12
24.24
23.06
22.14
22.9
22.32
22.5
24.66
23.36
24.26
22.72
25.02
24.98
24.34
23.08
23.66
23.56
22.22
21.92
21.74
22.54
24.6
24.18
24.26
23.46
23.2
23.22
24.26
24.14
25.28
24.52
23.9
24.18
23.08
22.74
23.76
23.12
24.02
23.6
23.3
24.08
23.82
23.92
22.5
25.22
23.84
23.94
22.32
22.56
23.12
25.6
24.3
23.7
23.34
24.5
23.62
24.48
24.98
23.88
25.04
25.48
25.62
26.46
23.38
25.64
24.42
26.12
26.36
27.08
27.28
26.0
24.1
22.26
23.96
25.1
23.6
21.68
23.08
24.94
24.96
25.82
24.52
25.1
24.86
26.26
25.82
24.96
24.16
24.12
22.68
22.86
23.08
21.98
22.5
23.12
23.6
23.84
22.1
22.5
23.5
24.16
25.36
23.6
24.04
24.18
24.7
24.4
24.82
25.12
25.46
25.66
25.76
25.32
25.62
24.9
24.16
25.8800068333
26.1769663989
25.52
24.48
25.0
25.2
25.64
25.26
23.94
23.7
23.78
24.38
25.38
23.28
20.64
20.76
21.46
22.12
20.92
19.68
18.18
21.24
20.32
20.04
20.56
21.88
22.44
22.8
22.64
23.52
23.18
23.5
22.62
23.32
23.36
23.34
23.52
23.84
22.62
23.46
22.42
22.08
23.76
21.2
18.88
20.22
22.14
21.8
21.74
20.7
19.3
20.04
20.86
21.32
21.06
19.64
21.02
21.56
22.18
22.04
21.82
21.56
22.06
22.58
21.72
22.22
22.12
20.58
21.78
22.8
20.58
20.96
20.22
19.86
19.86
18.82
21.08
22.16
23.6
21.44
21.84
21.94
22.58
21.98
23.86
19.98
16.84
17.7
18.32
16.3
18.2
20.48
20.66
21.04
20.06
22.1
23.02
15.1
13.5
17.48
21.84
23.9
23.38
19.86
17.64
19.4
21.32
23.12
22.4
22.9
22.42
22.54
21.14
21.04
21.22
20.84
20.84
22.64
21.92
16.34
14.8
18.74
20.66
22.4
25.0
24.26
24.0
24.94
20.46
22.5
22.74
22.54
23.08
23.94
25.08
21.96
22.04
24.32
25.58
26.46
27.44
26.32
22.66
15.82
20.94
23.88
25.84
24.6
24.88
24.7
25.62
25.64
25.92
25.32
21.5
23.28
25.84
25.72
24.9
25.76
25.48
24.74
25.4
20.46
20.54
23.56
23.08
20.12
22.26
21.6
22.5
22.66
23.14
23.4
26.28
26.34
24.3
25.56
27.42
27.9
26.54
27.72
29.08
26.78
23.66
25.58
26.14
26.42
25.98
24.3
25.08
26.52
26.6
23.66
24.3
24.06
24.44
24.1
26.5
27.86
24.0
22.3
22.98
22.86
23.7
24.36
21.44
25.86
25.48
26.82
27.24
25.98
22.12
21.78
22.16
24.3
24.78
25.36
25.06
24.64
23.52
22.06
24.5
24.22
23.32
23.32
23.46
23.4
22.9
23.64
23.68
22.14
21.02
23.4
23.68
23.44
22.34
23.54
22.78
21.94
23.28
23.26
24.04
24.22
20.3
22.24
22.98
23.14
21.2
21.02
22.3
22.04
23.86
25.18
23.22
23.42
24.4
23.36
23.26
24.0
23.08
22.22
22.48
22.04
23.04
23.82
22.88
22.24
22.1
21.04
23.68
23.26
22.74
22.24
22.6
23.62
23.26
24.1
25.38
27.16
26.44
24.44
24.3
24.92
25.36
25.68
26.92
27.0
25.54
24.86
25.26
23.26
22.96
21.12
22.82
24.32
24.62
23.58
22.14
24.84
25.08
24.16
23.64
24.0
23.38
22.74
20.74
23.42
24.6
24.0
24.02
24.02
24.0
24.48
23.62
23.92
23.54
24.14
23.26
23.66
22.72
23.22
23.34
23.92
25.38
24.52
24.66
24.26
24.18
23.52
23.72
24.7
24.38
24.46
23.16
23.0
23.26
21.94
22.46
22.46
23.02
23.4
23.22
24.32
25.32
24.16
23.92
23.96
23.9
23.72
23.34
24.7
23.8
24.04
24.42
23.48
23.14
24.2
21.96
21.04
22.64
20.42
22.54
24.38
23.58
24.5
24.9
24.86
25.1
23.44
22.36
20.34
22.32
21.7
23.6
23.66
24.32
23.92
23.66
23.32
23.16
22.3
22.18
21.98
22.08
19.78
16.94
17.14
19.82
19.54
20.44
18.32
18.0
18.12
16.24
17.28
18.16
18.9
20.22
21.82
21.0
20.46
20.1
17.8
19.24
20.0
20.22
20.64
21.62
22.52
22.42
21.62
22.34
23.18
22.64
22.7
21.54
21.4
21.62
21.14
21.52
20.6
20.24
20.02
19.8
21.5
20.4
21.62
20.38
19.9
20.3
20.56
21.86
21.24
19.86
19.72
19.88
20.74
20.68
20.9
22.26
18.64
16.66
19.24
20.92
21.22
18.54
18.64
19.22
18.4
20.38
20.98
23.22
22.4
23.8
22.86
20.94
20.66
19.56
18.66
19.3
19.5
19.84
20.48
21.18
22.96
22.56
22.86
21.78
24.56
23.54
24.22
25.84
24.94
18.66
18.16
21.94
21.76
22.98
23.7
23.72
24.12
23.22
21.98
22.64
24.9
25.86
24.74
26.12
24.86
25.08
26.58
25.16
24.78
24.62
22.64
18.56
18.62
21.34
23.92
24.16
24.94
20.32
21.48
20.76
22.5
24.08
22.26
19.94
20.72
16.74
14.12
18.06
22.5
24.54
23.18
23.04
24.82
25.1
24.88
27.2
27.74
26.74
27.56
27.04
27.3
25.46
22.98
23.72
25.2
21.82
24.02
25.02
25.1
23.7
22.5
22.94
22.54
22.04
21.54
23.02
23.84
23.18
21.9
21.04
24.1
22.2
22.4
23.18
22.18
23.12
23.1
23.52
22.68
23.06
22.16
22.16
22.98
22.66
23.22
21.26
22.7
23.46
24.48
25.72
26.64
26.02
25.96
25.4
22.22
23.1
23.14
23.72
23.42
22.98
21.32
22.28
18.3
20.04
20.8
21.72
22.66
25.1
25.88
26.34
27.4
26.04
22.6
22.34
23.84
24.06
24.06
23.76
23.38
22.4
22.2
22.84
23.4
23.32
22.96
23.56
23.5
20.58
23.04
22.6
22.68
22.7
23.64
23.56
22.64
24.2811872279
25.4124564939
26.1006745104
23.84
23.62
23.66
22.28
23.46
23.84
23.54
23.92
23.56
25.84
24.5
23.52
23.34
23.4
23.94
22.82
22.06
23.08
24.2
23.1
22.76
22.0
22.84
24.58
25.2
24.52
24.6
24.54
23.78
23.68
23.04
23.64
25.0
25.04
25.1
24.54
23.92
23.12
23.34
22.84
22.04
23.56
23.58
22.04
22.14
22.32
22.5
24.74
22.82
22.3
23.06
23.2
25.1
23.36
23.66
23.3
25.78
25.18
21.6
21.72
23.46
23.22
23.76
23.6
23.72
22.36
21.5
22.64
24.3
24.64
25.0
26.16
22.76
22.76
22.42
23.32
24.32
23.92
24.26
24.52
24.34
23.86
25.24
24.28
25.28
25.0
24.46
23.58
24.48
23.2
24.58
22.44
21.9
21.5
22.42
21.02
23.78
24.44
24.66
25.06
24.54
24.78
25.14
25.68
24.78
25.3
25.26
25.66
25.42
25.28
25.72
25.38
24.16
23.9
23.1
23.78
25.1
24.62
23.98
24.66
24.76
24.92
25.06
23.58
23.62
21.98
24.2
24.32
23.78
24.12
24.86
24.82
23.1
22.16
23.68
22.62
24.28
23.54
21.44
22.22
22.04
21.68
23.96
23.6
17.98
18.18
22.3
23.22
24.38
24.5
24.76
22.68
23.5
24.0
23.58
22.1
23.82
21.52
18.5
13.56
12.84
18.4
20.1
20.66
18.0
14.68
17.58
22.28
21.78
19.92
15.08
19.9
21.58
22.36
22.74
21.82
21.76
20.38
21.14
22.28
21.9
22.9
23.24
22.88
22.72
22.72
21.72
20.56
21.32
21.68
21.58
21.1
20.42
20.22
20.98
20.74
20.56
20.84
20.36
20.02
21.18
21.78
21.76
20.8
21.46
22.8
23.06
19.16
19.94
21.9
22.26
24.14
24.44
22.22
19.28
18.02
19.86
23.6
25.38
23.52
21.98
17.9
11.9
13.56
18.8
16.5
20.64
20.68
20.64
20.92
20.48
22.78
22.06
22.62
23.12
21.88
21.3
22.24
22.02
22.02
22.0
20.8
24.54
20.5
21.24
21.3
23.82
20.68
21.1
23.7
22.84
22.8
24.44
27.34
21.78
20.64
22.72
23.46
21.84
23.12
23.88
24.6
23.38
23.28
23.64
24.24
24.22
22.72
23.94
23.76
25.98
25.54
25.64
27.58
26.76
28.26
28.62
24.66
26.78
28.0
28.32
29.04
23.08
22.1
25.44
26.44
27.26
26.54
25.58
24.24
25.0
25.5
28.56
28.14
22.94
24.72
27.58
26.4
26.78
27.2
25.86
23.18
25.6
26.26
27.56
25.78
25.34
25.06
24.68
23.86
23.54
22.66
21.1
21.04
22.18
25.8
28.28
28.02
25.52
24.16
25.36
25.18
24.74
24.38
22.2
23.32
23.0
22.5
23.28
22.44
22.72
22.7
23.36
24.72
23.12
22.22
25.8
27.62
24.26
23.38
24.98
26.6
24.74
23.96
23.3
25.44
24.64
26.32
25.5
25.88
26.52
26.02
25.16
21.86
23.78
24.56
23.92
23.94
23.06
23.08
22.16
23.4
23.62
21.98
22.26
23.7
24.38
22.54
23.1
20.9
21.78
23.32
23.12
21.7
21.9
22.94
23.68
23.94
24.3
22.7
23.42
24.48
25.16
22.98
24.06
25.22
23.44
23.34
23.04
22.44
23.22
22.74
24.24
22.48
22.7
20.68
22.14
22.94
24.52
23.78
22.88
21.6
22.02
21.94
23.06
23.2
22.44
22.6
21.48
22.1
22.2
23.42
24.0
21.86
21.98
21.84
20.38
20.48
21.62
22.62
23.54
22.58
23.72
24.98
23.52
23.84
22.52
22.76
23.2
22.34
23.34
23.6
23.8
24.28
23.38
22.84
23.44
22.5
23.42
23.58
23.38
23.62
24.06
23.82
23.06
22.92
22.82
24.0
22.04
23.14
23.04
23.5
22.52
22.78
20.74
21.94
21.4
21.84
21.18
21.9
21.02
21.98
21.54
23.58
24.22
23.6
23.0
22.7
23.54
25.12
24.44
24.68
23.52
22.7
21.68
21.28
21.8
23.3
22.18
23.22
25.18
25.58
25.7
24.54
24.24
23.34
22.72
22.36
22.28
23.76
21.52
20.26
21.4
20.64
22.8
23.24
22.98
22.72
23.92
24.92
24.54
22.94
23.34
22.32
16.18
17.3
20.44
19.4
20.38
20.58
21.24
21.94
21.5
21.04
20.82
21.56
21.76
21.32
20.66
22.22
22.56
22.06
21.5
22.24
21.34
22.48
21.62
21.48
22.36
23.48
22.74
17.5
18.28
18.36
19.48
20.74
21.88
22.26
22.12
21.44
21.88
22.58
21.72
21.5
21.8
22.84
23.4
23.38
18.2
18.94
21.42
22.32
23.88
22.66
21.66
20.36
21.6
21.16
20.48
20.12
20.66
21.74
21.68
21.72
21.56
21.14
21.96
21.5
21.78
22.06
20.72
20.24
18.4
19.68
19.04
20.38
18.54
18.62
18.72
20.5
21.62
21.78
23.46
23.2
22.5
23.26
22.96
21.46
21.9
22.86
22.26
21.36
22.28
24.0
23.64
24.92
20.96
21.88
24.38
23.68
26.42
25.7
23.9
22.5
23.98
25.36
25.16
24.2
24.24
23.62
24.2
24.62
22.46
22.6
23.56
24.1
23.9
23.16
23.08
24.04
24.9
26.68
22.0
21.42
22.88
25.02
26.26
26.34
27.46
27.16
24.0
19.36
23.54
27.68
28.3
27.96
28.12
24.52
24.08
23.32
24.98
25.14
24.42
26.04
21.24
19.6
16.42
18.72
21.8
24.12
23.32
24.6
26.02
26.26
26.7
26.96
20.62
23.96
25.8
22.98
21.24
22.56
23.6
22.74
23.78
19.84
23.26
25.98
27.42
28.7
30.1
29.14
24.82
22.8
21.48
19.2
23.04
26.34
26.72
27.34
26.82
27.24
27.54
28.52
22.78
23.9
25.9
21.86
24.56
24.88
24.36
25.34
21.5
23.8
24.2
23.54
22.28
21.82
21.04
23.54
26.64
25.56
27.24
21.82
24.62
23.9
22.88
23.16
23.24
24.06
24.78
24.64
23.68
23.66
22.92
23.12
24.54
24.2
21.24
22.98
25.2
26.22
25.26
25.64
26.4
24.72
23.1
24.76
22.5
23.2
22.44
22.88
24.94
22.88
23.34
23.12
22.3
23.78
22.6
24.02
23.76
23.14
23.48
24.36
23.54
25.52
24.78
23.76
24.92
23.56
22.22
22.5
23.9
24.8
26.58
24.68
23.32
26.16
26.7
27.28
27.72
23.54
23.14
22.86
22.36
23.26
22.6
21.96
25.0
22.54
21.94
24.06
23.12
24.1
22.68
23.94
24.34
23.28
23.56
24.44
23.96
23.2
24.02
24.54
23.98
23.34
23.12
24.12
25.5
23.14
22.48
21.54
21.78
20.5
22.46
23.54
24.86
25.04
26.32
26.4
25.58
23.24
23.26
24.26
22.8
24.92
26.24
25.92
25.68
26.58
27.08
25.96
24.5
24.02
23.78
23.54
23.52
23.94
23.28
23.72
23.48
23.9
23.04
22.84
24.04
23.0
23.22
23.42
23.66
22.82
23.1
22.6
23.1
23.66
22.7
22.92
24.42
23.86
23.08
22.4
23.18
23.54
24.22
23.16
23.5
23.02
23.4
24.14
23.88
21.42
22.6
22.92
22.88
23.06
23.02
22.72
22.96
21.68
22.24
23.0
22.74
22.68
22.56
21.48
20.66
21.66
19.98
25.5
21.62
21.22
21.34
21.24
22.48
22.14
23.66
23.8
23.8
24.6
24.04
24.22
24.16
20.72
21.06
22.16
21.76
20.16
20.9
19.28
19.66
21.54
22.82
22.66
22.28
23.12
23.38
22.3
22.8
21.9
15.72
12.06
12.82
18.4
22.2
22.04
21.6
21.78
20.64
21.8
20.36
19.66
19.9
19.74
21.96
18.9
18.48
18.18
20.3
21.32
21.14
19.42
20.78
22.76
21.66
21.8
21.3
20.72
22.68
24.64
22.88
23.16
22.54
22.04
22.88
21.6
20.96
21.24
22.8
22.58
22.52
16.78
21.08
22.24
22.68
22.64
22.34
22.88
23.48
22.98
23.02
23.54
24.5
18.46
19.38
22.06
24.14
24.38
24.96
23.46
24.88
25.06
25.34
22.0
24.78
25.22
24.84
24.76
23.26
23.78
19.06
17.58
22.9
24.52
23.6
23.18
23.74
25.56
25.1
26.48
23.14
16.44
19.56
21.26
17.8
20.14
21.76
22.36
22.4
23.46
24.14
23.36
24.2
26.68
25.12
22.86
23.36
21.82
23.4
25.98
23.68
23.3
24.86
25.2
26.36
27.14
27.96
27.46
27.36
28.62
23.8
23.54
22.9
21.56
21.66
19.74
22.86
25.62
26.32
26.32
22.7
22.98
25.56
23.94
23.14
23.16
23.88
23.06
22.34
22.2
21.72
23.56
25.66
23.74
22.8
23.86
23.74
24.2
25.02
23.1
23.88
22.94
24.44
23.7
24.28
25.58
23.02
23.46
23.58
21.76
24.12
25.44
26.28
24.94
24.58
25.44
25.06
22.08
22.48
22.88
22.34
23.14
25.26
22.98
25.82
26.62
26.94
25.98
26.78
26.94
25.46
26.4
24.92
24.06
23.9
23.56
23.78
23.72
24.04
23.78
25.68
23.34
21.72
24.14
23.58
23.04
22.92
22.92
21.74
21.56
22.18
23.32
22.58
23.48
23.66
22.52
21.88
23.72
23.02
20.56
22.38
24.66
25.68
25.42
23.42
24.74
25.58
21.52
23.06
22.6
22.82
23.24
23.04
23.9
24.5
23.96
23.24
26.24
26.28
25.0
23.14
24.02
23.28
24.3
22.5
23.44
23.7
23.0
22.82
24.44
24.0
25.36
25.16
25.54
24.38
23.34
23.08
23.84
23.38
24.26
23.62
23.78
23.4
22.18
22.26
25.78
26.98
27.22
26.54
25.06
23.48
23.04
22.98
22.64
22.64
22.96
23.58
23.66
22.76
24.18
22.18
22.9
23.38
23.86
24.9
24.72
24.54
25.74
25.82
24.82
23.92
24.16
22.8
22.64
22.4
24.8
25.04
25.74
26.14
25.38
24.18
25.9
25.8
26.48
24.92
25.48
25.2
25.96
23.32
24.68
25.32
25.82
25.58
24.56
24.44
24.72
25.58
23.0
23.06
24.26
23.7
24.24
22.66
23.74
22.42
22.8
23.76
22.62
23.98
21.42
18.38
19.02
18.64
20.04
20.8
20.62
20.64
21.68
22.18
23.56
23.58
24.32
24.88
25.4
26.02
25.98
26.2
25.46
25.48
25.14
24.54
24.58
24.72
24.52
23.14
23.0
24.4
23.48
24.12
24.32
24.5
24.58
19.14
17.22
17.08
13.54
14.0
18.24
22.42
25.02
24.02
21.08
20.12
17.34
16.36
18.92
20.38
22.34
22.3
21.5
21.46
21.48
22.02
23.74
15.96
16.1
18.94
20.94
21.76
18.96
15.54
18.94
21.3
22.56
21.88
21.06
19.04
19.14
20.06
20.38
21.3
22.4
21.72
21.88
22.92
23.96
24.48
22.98
22.86
22.26
20.78
20.96
20.62
19.56
21.0
20.12
19.82
21.02
20.84
21.22
21.44
20.52
21.6
22.16
21.8
21.86
23.6
22.0
17.34
20.66
20.2
20.9
21.72
23.36
22.76
23.68
24.3
24.5
21.52
20.94
20.8
21.74
22.34
22.52
21.62
22.46
23.86
22.86
22.76
20.74
18.14
18.6
21.22
23.36
24.1
24.54
23.94
22.88
24.18
17.16
15.94
18.02
21.14
21.5
21.36
21.22
21.26
21.98
23.02
24.08
23.2
24.68
25.74
25.92
25.76
27.16
25.72
24.96
24.66
25.64
26.22
24.28
25.26
23.44
24.5
25.54
26.4
25.88
25.24
26.3
25.96
24.94
28.0
28.86
29.52
28.4
27.2
26.36
27.5
28.4
25.92
26.8
25.16
20.72
24.64
24.6
25.68
27.16
22.7
23.06
24.84
25.26
27.1
26.26
23.0
23.44
23.54
23.34
23.94
26.68
24.96
22.18
24.78
24.44
23.54
24.2
25.5
28.22
28.58
23.5
24.06
25.02
25.6
23.46
26.64
28.62
27.18
23.66
21.36
22.34
23.7
25.16
22.98
22.7
23.34
24.38
23.44
23.04
25.02
26.5
24.6
23.36
21.96
21.32
22.88
24.54
26.58
24.6
24.3
22.34
24.78
25.72
24.88
23.96
24.2
24.68
23.78
23.68
23.7
23.26
25.38
27.38
25.76
24.92
25.78
25.62
26.22
26.74
26.1
26.72
24.64
19.7
21.02
21.68
21.64
21.5
23.0
24.34
23.32
23.88
24.42
24.04
24.58
22.94
23.06
22.62
24.5
25.26
26.0
23.92
22.74
24.06
22.6
24.08
23.88
23.98
24.34
22.9
23.38
23.56
22.12
22.52
22.92
24.18
23.82
24.5
24.06
24.38
24.08
24.36
23.74
24.76
25.48
25.38
25.9
23.6
23.3
22.38
23.6
24.46
24.42
22.96
22.88
21.78
22.9
23.38
23.52
24.62
23.38
23.74
23.92
24.22
23.46
22.76
22.32
23.68
23.04
22.6
21.18
24.54
23.16
24.14
24.52
23.66
22.74
22.92
22.98
22.74
22.4
22.18
22.9
22.72
21.84
22.38
22.56
22.3
22.44
22.5
22.36
23.0
24.22
23.62
23.6
24.2
25.48
23.48
22.68
22.02
22.18
21.2
21.38
21.26
23.12
24.2
24.36
24.64
24.08
24.86
25.06
24.08
23.94
21.98
22.76
24.58
23.84
22.76
23.86
23.98
21.68
23.6
23.28
23.74
25.12
24.82
24.28
24.28
22.9
23.64
24.06
24.02
23.66
23.64
23.66
24.16
22.08
22.94
19.9
21.14
23.36
23.4
18.7
18.18
20.96
22.96
23.36
23.72
23.9
22.42
22.54
21.92
21.94
21.6
22.12
21.9
17.82
19.36
19.14
20.22
21.16
21.26
20.1
18.48
19.9
21.36
21.26
20.68
20.84
20.26
19.38
21.6
20.1
20.56
21.94
21.06
19.82
20.86
20.78
21.76
20.2
18.1
19.22
20.82
20.44
19.82
19.38
19.62
20.26
20.7
20.4
21.44
22.32
22.58
21.48
20.98
21.7
17.82
11.8
15.4
20.08
22.4
21.38
21.68
22.18
16.7
18.54
19.84
19.2
19.26
20.92
22.5
21.76
20.68
20.62
19.82
21.54
23.26
23.28
23.96
23.06
23.5
23.5
22.2
21.44
20.58
20.34
20.58
21.14
21.7
23.28
23.86
24.2
24.38
20.84
15.7
12.28
19.22
24.34
25.62
25.38
26.78
25.5
24.68
25.36
25.32
25.62
22.1
23.86
24.5
25.62
26.56
21.8
17.44
21.64
22.76
22.66
24.38
25.64
25.86
26.42
27.76
28.52
26.6
21.48
22.12
25.22
25.1
25.28
26.78
27.66
26.64
25.34
24.94
24.18
24.18
24.82
24.4
25.22
24.26
24.94
24.3
23.56
24.84
25.76
27.06
27.8
23.1
22.58
22.88
24.36
26.68
27.32
27.22
26.54
22.58
23.14
23.56
23.78
21.72
24.78
24.98
25.0
21.44
24.4
25.48
26.52
23.5
23.22
21.28
22.92
22.26
22.3
23.64
21.22
19.7
21.08
24.64
24.04
24.18
24.76
25.78
27.56
20.74
21.78
21.4
22.02
23.98
23.82
23.52
24.0
19.74
22.48
22.44
24.0
25.48
27.2
23.02
22.5
22.12
22.72
24.4
24.94
24.72
24.36
24.7
22.46
24.14
24.12
25.0
23.38
22.76
23.38
23.08
23.06
22.84
24.32
26.14
24.84
24.64
23.34
22.78
23.36
22.12
22.12
24.5
23.76
24.86
21.98
22.22
23.5
22.86
23.0
23.94
24.6
24.72
22.76
23.7
23.38
25.0
23.84
23.62
23.44
22.66
21.94
22.46
22.22
23.26
24.22
23.64
23.06
23.3
23.2
23.58
20.94
20.2
20.36
21.72
21.9
21.88
22.32
22.18
21.64
22.16
22.74
22.56
22.9
22.76
23.24
22.66
22.3
23.26
21.88
23.22
23.46
24.14
22.28
23.18
22.64
24.08
24.8
24.44
26.2
25.66
26.52
24.86
23.06
23.26
22.18
21.2
21.08
20.68
23.8
24.86
24.28
22.26
22.3
23.18
21.12
22.44
21.96
23.26
22.3
25.36
24.96
24.7
23.98
24.1
25.78
25.64
25.62
24.92
24.2
24.62
25.18
22.54
23.6
24.62
23.5
22.08
23.0
22.14
23.02
23.06
22.78
24.52
24.94
24.12
23.06
23.28
25.66
23.74
21.88
22.5
23.38
24.46
24.76
24.98
24.16
24.44
24.68
26.24
25.84
24.74
20.86
23.08
23.38
24.48
24.78
25.32
24.98
23.76
23.6
24.28
24.96
24.76
23.74
23.24
22.6
23.82
24.34
25.2
24.08
22.78
24.8
24.16
17.24
16.16
16.44
20.72
22.92
23.04
22.0
21.3
21.62
21.8
22.6
23.8
21.52
19.66
19.7
18.86
19.98
19.02
20.28
20.0
21.28
23.2922328212
25.4286232439
20.84
20.68
21.52
22.22
23.34
20.4
21.88
23.18
23.2
23.0
22.92
23.34
23.54
19.62
19.84
15.9
16.24
19.18
21.34
23.26
22.9
22.36
21.78
22.12
22.32
22.16
22.34
22.7
23.6
23.06
18.88
16.74
19.52
20.9
21.48
20.42
20.96
20.34
21.44
21.52
21.5
20.32
20.4
20.9
21.88
21.18
16.06
19.0
20.94
21.48
21.0
18.22
17.86
19.14
18.52
15.82
12.74
13.58
18.54
22.72
23.76
24.52
23.4
23.9
26.2
24.16
23.8
23.0
22.5
21.32
20.22
21.44
21.72
21.4
21.88
21.54
23.16
23.48
21.92
22.46
22.04
20.94
22.5
21.48
22.12
22.66
22.66
23.0
21.88
21.24
22.18
20.98
22.4
22.84
22.42
23.06
23.54
21.66
22.56
22.68
22.68
24.84
26.04
26.14
27.18
26.08
26.28
25.98
26.42
26.58
27.02
27.66
28.92
28.68
29.26
27.24
26.66
27.3
27.0
25.82
20.92
22.22
20.0
23.1
24.0
22.88
20.06
18.48
22.48
24.48
25.76
26.56
28.12
28.06
25.22
26.24
26.96
27.24
27.36
27.6
23.94
25.02
24.3
24.56
25.68
26.44
22.62
23.54
25.58
24.98
24.62
24.3
26.32
25.32
24.18
26.1
28.16
28.12
28.5
30.14
31.78
28.84
22.74
24.44
24.88
24.82
23.78
22.76
23.92
22.04
21.06
21.54
22.96
24.14
24.36
21.96
24.48
23.9
25.26
24.88
25.12
25.66
25.26
24.5
25.6
22.98
24.3
24.0
24.84
25.26
25.98
24.6
23.56
20.86
23.1
22.96
24.66
25.52
26.3
27.04
26.7245668016
25.5
22.68
23.62
25.04
23.48
23.74
24.2
24.88
23.98
23.62
24.22
23.9
24.5
22.7
23.46
23.3
23.3
23.38
23.26
22.92
23.18
21.66
19.42
20.18
23.02
23.32
24.44
25.9
26.82
26.48
27.02
25.6
24.04
24.18
25.02
23.78
23.58
22.26
23.62
22.94
24.02
24.38
23.9
22.56
23.56
25.56
24.96
25.02
25.14
25.66
25.6
25.52
26.28
25.74
25.84
25.32
24.04
24.8
24.36
24.8
23.7
22.24
22.18
22.56
24.1
22.88
22.62
21.22
19.82
22.98
23.1
23.82
24.02
24.08
24.58
24.38
22.58
23.86
24.7
23.04
22.8
22.64
23.52
21.28
23.32
23.98
22.82
22.46
22.62
22.16
21.22
20.42
20.02
20.18
21.74
20.5
19.32
20.94
22.34
22.54
21.9
22.32
22.2
23.22
23.02
23.04
23.0
22.72
23.14
20.68
20.42
18.76
19.92
21.22
22.86
22.34
22.98
23.38
23.62
23.52
22.44
23.32
23.74
22.98
23.62
24.78
23.04
22.42
20.36
20.48
23.42
24.32
24.36
20.9
20.72
22.46
22.62
19.36
20.04
20.88
21.9
21.32
21.9
22.46
21.24
21.24
22.2
22.06
21.72
22.22
22.72
21.22
22.82
23.14
23.5
22.86
21.54
22.14
23.0
22.44
22.02
20.96
22.32
23.82
22.48
22.62
20.16
22.24
21.32
20.56
21.98
21.62
21.22
20.28
20.52
19.84
19.48
20.12
21.28
23.2
22.4
22.56
23.5
24.12
22.74
24.78
21.84
11.88
11.44
13.02
14.88
20.46
22.12
19.5
21.6
21.2
22.48
23.26
23.54
23.42
23.56
23.54
23.68
24.52
23.54
20.84
17.42
20.66
23.22
18.84
14.0
19.46
20.98
20.88
22.74
22.46
22.18
23.76
24.68
26.1
26.82
20.5
15.14
15.04
21.32
25.14
25.7
24.6
25.68
21.66
21.3
21.8
24.24
24.3
25.18
25.08
23.7
24.58
23.46
23.5
24.7
27.32
27.8
24.46
21.58
24.9
27.6
28.38
28.54
24.2
20.02
17.32
22.12
26.04
27.62
22.86
22.4
23.66
24.8
23.64
22.68
22.98
24.04
23.42
22.4
22.6
23.14
25.56
22.84
24.16
24.44
23.58
25.14
23.78
23.04
24.6
26.42
26.44
25.52
25.86
27.0
27.14
28.0
26.7
25.22
24.5
23.62
22.52
24.94
24.44
24.18
22.54
21.12
21.16
19.92
22.58
25.78
26.68
26.84
24.88
24.46
23.3
23.98
23.96
22.14
24.1
25.72
26.54
25.24
23.34
24.26
22.16
22.32
24.06
25.28
25.08
25.5
23.78
23.4
23.66
23.62
25.28
27.1
25.98
23.26
23.56
24.76
23.54
23.9
24.08
24.02
23.64
23.58
24.52
24.88
25.12
23.22
21.86
22.66
22.78
23.62
22.84
23.06
22.72
21.76
23.28
22.02
22.1
23.94
24.98
24.38
23.52
23.6
23.58
22.92
22.62
24.78
23.18
22.62
23.6
23.54
23.34
22.42
22.52
25.16
25.66
25.86
24.26
22.86
24.86
23.88
23.12
21.9
23.36
23.24
21.96
23.22
22.6
23.2
23.52
22.36
23.52
24.6
25.12
24.66
24.94
25.38
25.38
24.98
25.86
25.86
24.28
23.64
24.0
23.68
23.42
22.38
23.18
24.26
24.3
24.64
24.22
24.82
24.4
20.92
21.58
22.9
22.18
21.36
20.86
20.38
20.38
21.4
20.96
21.3
22.08
22.66
22.3
23.24
22.08
23.12
22.14
21.92
21.02
20.86
20.28
21.14
21.5
21.92
21.62
22.02
22.14
23.82
24.14
23.02
21.5
21.3
20.68
14.86
14.44
17.1
20.72
21.64
20.5
18.08
18.72
22.18
23.46
23.66
24.1
23.24
23.94
21.7
21.6
20.9
21.52
21.42
21.62
20.7
21.24
22.42
19.66
19.56
20.3
20.64
19.86
20.5
21.34
22.0
21.98
21.08
19.62
18.84
20.86
23.64
22.9
22.06
21.18
20.36
22.38
21.62
21.52
19.6
19.34
19.94
20.46
20.9
20.06
21.5
21.94
21.02
18.12
19.74
20.94
22.58
23.38
19.78
14.86
15.82
15.88
19.18
19.7
20.42
21.28
20.62
21.78
23.18
24.64
23.22
22.5
21.34
20.16
20.12
21.5
22.24
23.4
24.1
20.82
21.78
21.1
21.38
22.22
22.22
22.98
22.94
23.26
24.14
24.82
24.58
23.62
19.66
22.66
23.5
24.6
28.04
24.54
25.88
21.8
23.98
24.34
24.22
24.82
22.76
24.26
25.26
25.68
25.36
25.54
27.08
27.5
25.42
27.1
28.66
28.74
23.0
22.02
23.04
25.52
25.32
23.7
26.52
23.4
23.76
23.94
24.4
24.64
24.68
24.9
24.42
23.66
23.32
23.92
24.86
26.48
27.02
27.52
27.88
27.88
27.74
29.84
30.14
30.18
29.08
24.16
21.98
25.1982945563
25.5085966296
25.960423121
26.4203851412
26.6008296147
26.7419072759
26.8669797714
26.9269120889
26.9696620364
27.0026850691
27.0202059984
27.0322828199
27.0409034368
27.0458005914
27.0491123665
27.0513734695
27.0527183153
27.0536158466
27.0542133363
27.0545795584
27.0548215977
27.0549804323
27.0550796861
27.0551448143
27.0551872124
27.0552140326
27.0552315403
27.0552428876
27.055250121
27.0552548255
27.0552578675
27.0552598159
27.0552610799
27.0552618962
27.0552624206
27.0552627602
27.0552629793
27.0552631204
27.0552632116
27.0552632705
27.0552633085
27.055263333
27.0552633488
27.055263359
27.0552633656
27.0552633698
27.0552633726
27.0552633743
27.0552633755
27.0552633762
27.0552633767
27.055263377
27.0552633772
27.0552633773
27.0552633774
27.0552633775
27.0552633775
27.0552633775
27.0552633775
27.0552633775
27.0552633775
27.0552633775
27.0552633775
27.0552633775
27.0552633776
27.0552633776
27.0552633776
27.0552633776
27.0552633776
27.0552633776
27.0552633776
27.0552633776
