0.81286630493
0.812852752486
0.81282632719
0.812787608747
0.812737085286
0.812675160793
0.812602161756
0.812518343083
0.812423893366
0.812318939558
0.812203551098
0.812077743555
0.811941481829
0.811794682935
0.811637218437
0.811468916534
0.811289563851
0.811098906953
0.810896653603
0.810682473797
0.810456000592
0.81021683074
0.809964525156
0.809698609226
0.809418572976
0.809123871115
0.808813922959
0.808488112257
0.808145786919
0.807786258668
0.807408802621
0.807012656808
0.80659702164
0.806161059339
0.805703893339
0.80522460766
0.804722246286
0.804195812531
0.803644268429
0.803066534143
0.802461487422
0.801827963096
0.801164752658
0.800470603906
0.799744220707
0.798984262864
0.798189346121
0.797358042336
0.796488879819
0.795580343885
0.794630877625
0.793638882937
0.792602721838
0.791520718086
0.790391159147
0.789212298536
0.787982358566
0.786699533547
0.785361993456
0.783967888134
0.782515352034
0.781002509557
0.779427481026
0.777788389318
0.776083367201
0.7743105654
0.772468161428
0.770554369202
0.768567449469
0.766505721047
0.764367572896
0.762151477019
0.759856002155
0.757479828279
0.755021761821
0.752480751595
0.749855905318
0.747146506673
0.744352032757
0.741472171807
0.738506841038
0.735456204389
0.732320689986
0.729101007076
0.725798162162
0.722413474062
0.718948587564
0.715405485374
0.711786497978
0.708094311089
0.704331970304
0.700502882609
0.69661081441
0.692659885731
0.688654560317
0.684599631381
0.680500202801
0.676361665645
0.67218966998
0.667990092004
0.663768996647
0.659532595895
0.655287203191
0.651039184394
0.646794905892
0.642560680543
0.638342712267
0.634147040143
0.629979482964
0.625845585242
0.621750565673
0.617699269065
0.613696122707
0.609745098091
0.605849678823
0.602012835422
0.598237007621
0.594524094588
0.590875453366
0.587291905647
0.583773752858
0.580320799355
0.576932383411
0.573607415549
0.57034442366
0.567141604282
0.563996879339
0.560907957598
0.557872400061
0.554887688494
0.551951296244
0.54906076047
0.546213754813
0.543408161485
0.540642141544
0.537914202019
0.535223258245
0.532568689573
0.529950386264
0.52736878516
0.524824891424
0.522320283521
0.519857098587
0.51743799553
0.515066093682
0.512744885583
0.510478123605
0.508269681548
0.506123394013
0.504042878172
0.502031344273
0.500091402715
0.498224876478
0.496432627974
0.494714408804
0.493068739487
0.49149282401
0.489982501312
0.488532232805
0.48713512222
0.485782961744
0.484466296937
0.483174502628
0.481895862923
0.480617650921
0.479326207813
0.47800702703
0.476644857542
0.475223852019
0.473727801474
0.472140519399
0.470446466191
0.468631737928
0.466685576812
0.464602577911
0.462385731974
0.460050286648
0.457628013295
0.455170692688
0.452750422054
0.45045301724
0.448360521113
0.446521944923
0.444920054074
0.443454170878
0.441963505717
0.440297027122
0.438396007196
0.436329328817
0.434248454559
0.432293408213
0.430517987689
0.428877405272
0.427270423009
0.425600518417
0.42382466304
0.42197211938
0.420124654852
0.41836016064
0.416687726747
0.415031991539
0.41330308079
0.411492718031
0.409681553902
0.407944684599
0.406274199828
0.404604695646
0.402895676642
0.401170652845
0.399470149069
0.397778737036
0.396032515171
0.394204890776
0.392330673203
0.39042798282
0.388461712919
0.386409600114
0.38430368703
0.38216770837
0.37997509605
0.377719322435
0.37543234709
0.373104664945
0.370706583012
0.36824724414
0.365713377516
0.363069043434
0.360320906578
0.357456197591
0.354461430134
0.351356788491
0.348135610201
0.344823330432
0.341441894254
0.338009793911
0.334536273898
0.330983355687
0.327271581079
0.32324350669
0.318709391826
0.31346963028
0.307376330972
0.300481783752
0.293238515722
0.286450356849
0.280498179742
0.275060811752
0.269732885091
0.26429985354
0.258561303948
0.25238772576
0.245911695713
0.239481779367
0.233275306341
0.227187309742
0.221552866444
0.2193648158
0.249395301036
0.212612848411
0.199205069397
0.194402449138
0.198892749232
0.242782542959
0.185167677498
0.313105470027
0.221620599968
0.27073302532
0.211915302202
0.187055827425
0.21579808628
0.158937560063
0.187327283288
0.203049039989
0.188337708516
0.158959288638
0.154265769005
0.176514671882
0.180865968916
0.158979803617
0.14692313574
0.153903721758
0.164898384215
0.171461131579
0.170124029667
0.161851280685
0.151056135428
0.143357500019
0.142873917213
0.148459529769
0.152964397153
0.150917154174
0.144591549376
0.140348538906
0.140734135244
0.143402446278
0.145004493795
0.143971880325
0.141023498776
0.138499902039
0.138307107195
0.139802694546
0.140421672465
0.13906533049
0.137245593798
0.136768562455
0.137443255453
0.137807215781
0.137114613434
0.136001784278
0.135593553009
0.135949823511
0.136040818686
0.135415770647
0.134768884203
0.134716753918
0.134860622417
0.134599592235
0.134080668324
0.133866084891
0.133916700109
0.133733093996
0.133333826723
0.133149372415
0.13311961231
0.132891048046
0.132584616347
0.132469625969
0.132340982613
0.132059264563
0.131874372855
0.131746509059
0.131495634479
0.131289523575
0.131137938899
0.130892583674
0.130692510447
0.130509033231
0.130262450271
0.130069851335
0.129846560459
0.12961275835
0.129406075478
0.12915788545
0.128941194577
0.128696981419
0.128463836128
0.128223239524
0.127978492096
0.1277368057
0.12748625492
0.127241155526
0.126988412295
0.126739614262
0.126487184578
0.126235252193
0.125984882019
0.125731468019
0.12548410473
0.12523254891
0.124987525427
0.124742046367
0.124499218639
0.124261514685
0.124024449897
0.123792894724
0.123565732618
0.123341489634
0.123123349591
0.12291043908
0.122701895761
0.122499615877
0.122303655752
0.122113125572
0.121928759728
0.121751262761
0.121580156307
0.121415210755
0.121256924001
0.121105436872
0.12096039187
0.120821644881
0.120689324767
0.120563427465
0.120443683552
0.120329853111
0.120221882086
0.120119674382
0.120022988552
0.119931568588
0.119845242421
0.119763865097
0.119687211691
0.119615027173
0.119547116143
0.119483302657
0.119423373776
0.119367104663
0.119314305485
0.119264803957
0.119218406015
