15.26
21.6
24.28
27.101730537
26.5175231243
26.3244621785
25.8137784376
25.5782528842
25.3807667609
25.2666811469
25.1924966375
25.2
25.1394284629
17.08
17.04
14.44
16.22
15.38
15.86
15.86
17.88
21.02
23.62
18.94
18.88
19.24
25.06
27.72
27.74
28.2
24.94
22.06
24.94
24.56
21.62
20.7
23.36
26.58
20.84
23.28
26.32
27.8
23.46
24.96
22.74
21.28
21.46
23.16
20.04
18.98
19.68
22.68
26.58
23.02
19.52
20.52
17.26
19.9
21.28
22.2
23.56
23.1
25.28
25.58
26.12
27.24
26.38
25.66
26.74
21.36
22.32
22.72
24.74
21.4
21.0
22.66
23.94
23.92
24.58
24.66
22.94
23.44
25.1
26.6
25.38
26.38
26.84
28.94
27.42
25.28
29.06
29.02
22.9
26.74
27.62
28.46
26.9
28.42
29.02
29.88
28.06
27.54
27.18
25.72
25.46
24.42
22.92
23.98
24.3
23.98
24.04
23.2
22.82
23.5
24.72
25.58
26.64
27.14
28.5
28.06
23.86
25.22
22.26
24.74
25.24
24.44
25.96
23.66
25.48
24.38
24.3
23.16
23.88
22.46
24.24
25.78
23.68
21.48
24.36
24.22
22.76
22.76
23.64
24.56
26.02
26.6
25.88
24.42
23.82
21.62
21.72
23.84
24.88
24.18
23.72
25.1
25.72
26.26
20.84
24.44
25.7
26.76
26.76
26.44
25.1
24.62
23.82
24.06
23.2
23.98
24.12
23.8
23.36
23.56
23.9
25.08
25.56
27.3
25.22
25.12
24.12
25.76
23.66
23.52
25.02
23.36
24.2
24.54
26.08
25.36
23.44
23.44
22.86
22.34
22.26
23.18
23.9
24.66
25.24
24.14
24.8
25.58
26.08
24.7
23.32
23.2
24.78
24.5
25.2
26.28
26.54
26.74
26.9
24.22
23.4
23.18
24.08
24.62
24.78
24.5
23.64
24.34
23.28
24.1
22.8
21.74
22.72
23.16
22.08
22.66
20.88
19.72
19.04
17.34
18.38
20.48
22.2
22.22
21.82
20.92
20.74
19.6
20.44
20.66
19.84
19.52
19.86
20.04
20.84
19.66
19.68
20.1
21.6
21.26
21.56
20.5
20.82
22.88
21.5
21.86
21.7481624513
20.48
21.98
21.0
20.58
21.34
17.14
19.52
20.36
20.08
19.52
20.62
18.0
16.22
17.94
17.7
19.98
19.84
19.66
20.32
21.8
21.68
19.18
17.76
14.48
17.54
17.32
19.9
19.68
19.64
21.92
22.26
22.28
16.64
11.0
11.42
15.82
21.08
21.66
21.08
21.6
22.54
22.28
22.28
21.5
22.24
18.3
16.68
18.44
19.18
20.02
21.56
22.14
22.76
21.94
21.0
19.82
22.36
20.42
22.76
24.36
24.36
25.0
25.26
26.12
25.08
21.18
20.74
24.98
25.22
22.76
15.96
18.68
23.66
25.64
24.4
24.72
26.36
25.16
25.24
25.76
24.38
25.78
19.9
21.98
25.4
24.36
14.4
16.88
19.58
25.16
26.48
27.14
28.1
25.26
20.66
21.56
22.6
24.44
22.56
21.52
22.54
24.04
24.36
24.56
25.52
24.52
27.56
28.28
26.62
27.46
28.04
29.08
25.78
28.04
27.52
22.72
23.96
26.84
23.42
26.28
28.8
27.56
24.8
23.86
20.26
19.92
24.4
25.12
21.5
20.86
24.52
27.46
27.72
26.8
27.26
28.08
25.82
23.88
23.36
23.54
24.96
25.96
26.52
28.58
28.12
24.74
24.3
24.38
24.96
22.8
24.66
22.4
24.44
25.48
24.84
25.24
27.24
22.72
25.16
26.62
23.76
22.16
22.6
23.58
24.1
27.76
29.24
23.78
22.02
22.82
23.4
24.64
23.14
23.1
19.62
21.72
23.9
24.96
25.06
25.28
26.0
26.62
25.76
24.88
24.5
24.32
28.1
26.6
25.12
26.04
25.4
24.6
24.84
23.82
23.7
23.82
24.66
24.28
24.32
22.22
24.44
25.3
24.68
25.68
25.8
21.8
22.72
25.32
27.08
24.96
25.26
23.92
23.1
22.9
25.8
25.84
21.44
22.64
22.72
22.58
23.38
25.78
26.6
26.5
27.0
25.88
25.18
22.12
22.04
23.64
24.72
24.64
24.2
25.64
25.86
27.72
27.28
27.02
25.04
24.0
22.52
23.1
25.58
26.68
24.84
23.5
24.16
24.72
26.18
22.48
24.42
25.7
23.66
24.14
25.96
25.7
25.8
26.34
25.46
24.78
23.64
24.1
24.62
25.54
25.52
26.3
23.66
23.2
25.12
26.26
26.98
22.52
21.8
22.18
22.8
25.34
23.18
24.2
24.96
26.04
24.74
25.96
21.9
23.52
25.02
24.72
24.26
25.26
20.96
20.66
21.2
16.6
14.8
15.7
17.64
20.08
21.28
23.96
24.44
23.88
19.36
20.12
21.04
21.12
21.56
22.42
17.4
17.66
19.02
18.86
18.56
17.9
20.2
22.02
16.9
13.9
14.32
11.56
13.8
16.2
17.36
17.92
19.82
17.78
16.24
18.26
20.24
20.56
18.8
19.5
17.6
13.76
9.08
10.02
12.26
14.4
16.0
18.48
18.28
16.24
16.72
18.96
18.62
18.68
19.44
20.2
16.88
16.56
16.28
18.04
17.92
18.7
17.04
19.2
19.24
19.76
20.52
19.9
19.12
19.28
19.4
19.12
18.64
18.2
18.44
20.36
16.74
14.04
16.24
17.96
19.64
17.24
15.16
15.08
18.08
19.04
18.28
17.68
17.24
17.76
19.84
19.68
16.8
13.28
19.2
21.84
22.06
15.52
13.28
17.32
19.84
19.4
18.02
18.8
21.24
20.14
20.28
19.48
18.2
18.64
18.2
19.76
19.44
18.32
16.92
16.44
19.04
19.84
20.16
19.04
19.3
19.66
15.76
16.44
18.8
20.32
18.1
17.76
15.08
15.44
16.44
16.78
18.6
19.12
19.44
21.3
21.68
19.96
20.98
18.7
17.56
18.68
18.24
19.12
20.0
21.86
18.18
21.32
18.64
18.24
16.2
15.68
10.92
15.22
18.48
20.72
22.9
23.7
23.34
24.24
24.92
19.38
16.4
21.36
20.88
15.68
17.84
23.88
25.08
18.28
16.82
17.36
19.76
23.52
26.04
24.66
22.56
23.96
17.76
18.44
22.68
24.92
26.12
27.64
28.3
27.98
26.64
23.32
26.9
22.06
19.18
22.92
22.88
21.68
23.3
23.18
19.26
18.52
17.14
20.64
18.8
23.8
23.9
24.18
24.68
25.24
26.56
24.76
26.06
28.12
27.48
27.9
29.58
28.9
29.32
30.26
29.18
25.66
28.92
28.24
26.8
24.88
24.54
24.84
26.78
24.56
21.48
24.0
24.84
24.24
24.7
25.2
26.12
27.62
27.96
27.08
21.42
21.22
21.6
22.8
23.4
25.04
22.32
22.12
25.44
24.94
24.88
24.64
23.72
25.36
25.98
25.38
26.72
27.6
27.66
25.86
23.28
25.94
26.36
25.92
24.98
24.92
24.04
23.84
22.22
23.58
24.34
24.46
23.9
24.98
24.86
24.84
25.82
24.9
25.82
25.42
27.86
27.78
26.42
24.62
25.92
25.34
25.0
24.28
24.3
25.16
25.38
27.58
26.84
26.18
26.26
23.52
24.16
27.54
26.34
25.24
24.86
25.58
25.86
24.86
23.4
25.98
24.7
20.76
21.24
21.8
15.52
15.56
17.04
17.04
18.44
20.84
19.76
20.12
21.52
21.32
21.92
21.44
20.02
20.14
21.72
21.58
22.34
19.1
19.24
21.78
22.14
20.8
22.2
19.2
18.24
20.72
19.72
22.84
21.56
14.8
12.96
11.9
12.12
19.12
21.52
24.2
21.62
20.68
20.9
19.84
21.46
21.72
18.8
17.0
18.84
13.28
11.36
15.32
16.14
18.0
19.44
19.64
19.36
19.2
18.52
19.56
19.0
14.4
18.72
19.92
20.4
21.7
22.02
23.14
13.52
8.16
6.38
17.8213139012
11.48
15.16
19.2
18.6
21.34
22.2
22.6
22.84
21.18
21.9
22.86
22.78
22.54
21.58
21.44
21.28
21.6
22.22
21.1
21.48
21.96
12.28
8.5
12.08
20.46
23.56
15.12
14.46
19.48
21.92
22.3
23.02
22.82
24.58
24.4
23.82
23.88
23.58
24.08
22.9
12.24
16.62
19.4
23.08
17.98
15.9
18.68
19.82
15.54
16.94
18.8
20.28
22.12
23.74
26.78
21.0
17.46
23.5
22.08
19.22
20.52
24.48
26.54
25.86
26.74
25.4
24.26
24.32
26.42
24.9
24.04
16.28
19.34
23.52
22.0
25.94
27.84
21.44
19.76
20.52
21.64
20.8534815134
21.209798423
20.5957644379
20.5243993232
19.8572412966
19.372947173
18.5672795953
17.9790336235
17.5366290553
17.4929645144
17.6315573943
17.8653899166
17.9898225449
18.015115173
17.9435683034
17.8678724951
22.16
20.48
19.28
18.84
23.1
24.48
19.48
19.88
21.24
22.48
24.48
27.36
27.2
27.12
24.04
18.96
22.28
21.74
22.5
24.56
26.86
25.22
25.96
26.34
22.52
22.44
22.34
18.96
20.4
21.92
23.76
24.22
23.92
25.48
22.48
22.88
21.06
24.42
24.96
25.52
24.24
24.48
26.12
27.56
25.0
21.24
25.8
24.22
24.14
23.8
24.16
23.84
24.42
23.16
22.68
23.24
23.68
25.24
25.0
25.88
24.44
23.3
24.04
24.44
26.04
26.88
26.64
27.06
22.84
23.8
22.78
22.5
23.6
26.12
26.6
22.16
23.36
23.46
23.64
25.16
25.68
27.32
28.48
28.1
27.02
22.6
24.28
23.96
21.62
24.9
22.74
20.28
22.76
25.36
26.44
24.96
24.8
25.68
26.56
26.12
24.96
24.6
26.52
26.68
26.64
25.56
25.92
24.48
24.72
27.48
28.04
26.4
25.44
23.92
24.32
22.8
24.08
24.6
26.04
24.0
24.6
24.84
23.88
24.16
24.16
24.56
24.52
24.84
26.2
26.88
25.04
23.68
24.92
24.44
24.2
22.84
24.88
22.0
23.88
22.96
24.8
24.68
25.96
26.68
23.24
25.36
26.36
25.12
25.32
23.08
23.44
23.92
21.44
22.52
26.2
26.52
27.44
27.12
26.8
25.92
25.6
23.48
24.76
24.76
26.84
25.72
24.6
24.72
22.8
22.2
23.72
24.4
23.72
22.8
22.88
20.72
21.72
23.2
24.08
23.28
23.4
23.44
24.28
22.72
22.32
24.12
24.28
25.32
24.8
24.4
24.28
25.2
24.96
23.68
24.4
20.12
22.8
23.96
22.68
25.16
24.76
23.04
21.28
19.32
19.96
21.88
23.72
23.28
23.08
22.88
23.24
22.88
22.76
23.32
23.64
20.08
14.12
12.72
13.32
15.24
19.48
21.16
22.12
22.48
23.2
22.6
21.22
20.64
22.08
21.08
20.84
21.64
20.84
20.52
20.96
19.82
20.08
21.28
22.92
23.24
22.4
20.0
17.0
18.4
19.52
19.84
20.44
21.28
22.76
17.2
13.0
8.5
10.58
15.56
17.48
22.44
19.96
19.56
13.14
9.02
14.3
20.08
23.02
21.84
17.48
12.16
11.54
13.48
14.28
14.72
15.72
17.68
17.84
19.24
18.48
18.12
19.12
18.52
18.16
16.48
18.42
17.88
18.08
19.32
20.28
20.58
22.24
22.44
22.24
23.2
22.84
22.32
23.1820493773
23.2632890509
24.0023272959
24.2437434543
24.7141934226
24.8349788617
25.0148533379
25.0349497863
25.0865294629
25.0856216488
25.1002257789
25.0983575292
25.1027156392
25.1017652445
25.1031183799
25.102724102
25.1031549566
25.1030034391
25.1031430145
25.1030870048
25.1031328037
25.1031125728
25.1031277508
25.1031205526
25.103125622
16.4
15.66
15.08
15.04
12.08
15.54
21.44
23.56
19.58
17.36
16.92
17.96
21.48
21.12
19.0
20.72
19.16
16.08
17.44
20.72
22.52
21.12
21.08
20.8
20.6
22.76
24.72
20.2
21.08
23.16
22.4
19.28
22.68
26.24
20.32
19.48
20.4
18.48
21.2
23.48
22.8
20.4
22.2
22.68
19.96
19.96
22.56
24.64
26.46
27.92
27.12
24.64
23.04
21.12
20.28
22.36
22.8
24.84
24.92
26.2
20.24
23.28
26.24
26.12
20.36
19.72
20.52
21.6
21.0
24.24
23.64
23.12
23.24
24.24
23.64
24.32
21.16
21.12
22.56
23.84
20.2
21.24
21.0
23.56
23.04
19.36
17.84
20.64
23.96
22.28
18.96
21.64
25.28
22.28
22.44
21.44
21.28
21.96
23.8
26.6
27.44
25.48
28.32
27.4
26.08
23.04
24.36
25.6
27.92
27.56
27.2
25.4
24.96
25.44
23.56
24.16
26.48
27.68
27.96
27.0
25.24
23.04
23.28
22.88
24.24
23.72
23.0
22.88
24.2
23.08
23.76
23.4
23.64
23.72
23.6
24.8
25.44
24.08
26.08
24.96
25.4
26.28
27.32
27.72
25.72
25.36
24.52
26.44
27.28
26.36
27.92
28.44
27.6
25.02
25.32
24.8
24.88
24.6
27.24
28.44
28.04
26.48
25.68
23.88
23.28
23.4
23.84
24.64
24.2
24.52
26.24
26.08
26.8
27.64
26.2
24.28
23.68
23.56
25.56
24.32
21.36
21.28
22.64
23.52
23.8
24.28
24.72
25.32
23.6
25.28
24.24
25.08
25.68
22.8
24.92
24.8
25.24
24.52
24.58
24.64
25.28
25.44
25.72
27.0
22.84
23.48
22.76
24.28
22.44
22.6
23.64
23.6
24.12
24.7
24.84
25.4
25.52
25.44
25.48
23.8
22.24
23.52
20.56
20.84
21.64
23.16
22.72
23.88
25.28
25.32
20.08
17.36
18.2
18.2
21.36
22.24
22.64
15.56
11.56
13.68
14.84
19.56
21.48
23.16
22.16
22.52
19.64
18.32
18.56
13.12
15.04
18.2
17.6
17.84
19.16
20.28
20.2
20.76
20.2
21.56
19.28
17.96
21.16
21.2
20.64
20.36
20.96
21.96
22.76
21.08
19.04
15.28
14.52
15.2
16.68
17.92
19.58
19.08
19.36
18.98
19.56
15.44
16.84
13.04
8.78
10.3
10.42
10.42
13.88
13.72
17.56
15.88
14.44
15.62
17.96
16.72
20.12
19.36
14.4
17.96
22.2
22.0
22.36
21.32
21.0
21.48
18.36
17.56
20.84
14.76
9.66
10.18
12.5
15.44
19.68
20.68
20.56
20.0
20.52
20.72
19.48
18.48
18.64
19.24
19.48
19.32
20.16
21.92
20.64
19.64
20.8
16.88
16.8
17.0
17.68
17.28
16.76
20.28
20.96
22.68
23.44
22.12
22.64
22.0
22.72
20.6
19.88
22.12
22.72
14.84
10.86
12.0
13.94
15.88
18.44
22.0
22.24
22.16
23.04
20.76
17.84
18.2
18.48
18.88
19.76
19.72
19.96
20.04
19.6
20.36
20.56
22.44
24.56
21.36
18.72
19.48
18.2
18.56
20.2
19.28
20.8
21.4
22.52
22.92
23.0
22.48
24.96
25.24
24.92
23.24
23.28
19.92
23.48
19.36
19.56
22.28
23.2
21.4
21.72
24.32
23.32
20.12
18.76
20.04
18.76
21.36
23.04
20.2
18.92
15.88
15.6
17.92
20.64
22.68
22.36
24.08
23.12
20.0
20.48
21.24
23.32
22.4
23.36
22.88
24.56
23.96
22.8
23.48
23.08
22.28
22.64
23.84
23.04
23.88
20.16
23.84
22.68
23.48
24.56
23.56
22.08
25.0
23.48
24.32
25.44
27.12
24.52
23.16
22.68
21.68
22.16
22.36
23.88
24.92
24.76
25.04
25.2
23.72
21.96
23.36
24.6
23.24
22.2
20.84
22.12
23.92
23.32
23.24
24.52
25.2
25.6
27.48
23.6
24.44
25.84
27.92
27.72
25.6
25.48
27.8
25.24
19.24
21.6
22.24
23.8
25.16
24.16
23.04
23.84
26.16
26.2
25.24
24.16
25.52
26.84
21.56
20.76
23.0
24.8
25.08
25.24
22.6
23.28
22.92
24.04
25.2
26.08
27.28
25.28
24.28
24.08
23.72
24.96
23.72
25.44
26.2
24.52
22.96
23.96
25.0
24.76
25.16
21.76
22.76
22.88
24.04
24.48
25.52
24.2
23.4
23.48
23.4
23.92
22.8
22.24
22.88
22.56
23.32
23.96
23.56
23.68
23.28
24.32
25.96
25.16
23.88
23.96
24.48
23.84
22.84
23.24
23.88
24.72
24.28
24.28
24.96
23.8
23.8
23.2
22.68
23.6
23.4
25.48
26.04
26.56
26.68
27.0
23.76
24.04
24.2
23.96
24.84
27.24
25.52
25.72
25.0
24.6
23.88
24.12
23.52
23.92
24.8
24.28
20.6
21.12
21.52
20.88
22.2
22.0
22.84
22.84
22.64
23.48
23.52
25.04
15.36
17.36
18.56
19.08
18.44
18.76
20.56
20.04
20.88
21.72
22.2
19.84
16.04
14.64
16.4
16.88
16.88
17.68
19.8
20.52
17.28
17.76
17.56
21.56
23.04
21.76
24.24
24.04
23.56
23.28
22.4
22.2
22.28
22.16
21.72
21.48
21.16
18.12
18.88
18.16
16.88
18.12
20.4
21.0
20.96
21.0
20.56
20.32
21.48
22.4
24.56
23.48
23.72
23.92
23.88
22.8
22.32
21.76
20.48
20.52
20.48
21.48
21.4
19.08
16.72
13.04
13.12
13.56
15.0
16.84
18.26
20.84
21.36
22.24
22.92
23.0
23.36
22.44
21.24
20.12
21.88
21.48
22.24
15.6
7.34
8.74
11.02
12.86
16.24
15.84
13.8
19.08
20.84
21.96
22.56
22.0
21.92
21.76
14.14
13.9
17.58
19.88
16.64
18.32
20.24
20.88
20.8
20.28
21.44
23.24
18.92
10.74
11.6
16.04
18.88
21.24
22.88
23.6
22.08
16.64
18.3
18.6
18.12
20.4
22.16
22.6
22.96
21.2
23.32
17.64
15.44
19.44
22.88
23.04
20.66
14.68
11.56
10.6
9.5
11.44
14.22
18.34
22.4
25.04
24.38
26.24
26.74
24.8
20.4
19.48
21.12
20.94
22.2
23.52
24.38
22.68
23.04
25.08
21.28
22.56
18.7
17.7
16.58
19.38
25.56
25.72
19.22
18.5
21.74
23.22
24.56
17.36
16.04
18.34
19.56
20.24
20.36
21.3
19.58
18.38
19.14
22.12
20.12
17.36
20.2
21.56
24.06
26.08
26.64
24.2
25.66
27.06
28.5
28.14
27.74
28.8
23.12
20.8
22.3
25.48
23.88
20.62
22.56
21.48
24.52
24.9
25.48
21.24
22.16
24.76
20.76
23.08
23.08
23.68
22.3
21.84
23.6
24.86
24.84
25.2
24.8
22.68
23.72
24.28
20.22
24.4
25.36
26.96
26.64
25.32
24.04
22.44
24.08
22.36
25.24
25.84
26.32
25.08
24.4
27.64
24.52
23.64
21.9
21.32
23.96
27.36
25.12
24.9
25.94
24.84
23.16
21.04
22.08
23.04
21.84
23.24
25.0
25.36
25.64
24.68
25.64
26.28
25.24
24.4
24.92
27.08
26.56
28.58
27.56
26.08
25.96
26.8
27.48
26.6
26.84
25.84
25.76
25.08
25.56
26.76
25.08
23.12
23.56
25.36
25.16
23.6
24.76
26.32
27.28
28.0
25.92
28.12
26.4
27.04
26.72
27.76
26.16
26.68
26.56
26.52
27.88
28.44
28.44
26.92
25.0
23.12
23.96
23.92
25.76
26.16
25.04
25.44
27.68
27.92
26.92
26.44
27.52
26.36
26.0
27.2
26.68
26.68
26.32
26.88
27.16
26.6
27.92
25.28
22.0
22.48
24.28
23.44
23.96
24.08
24.96
26.0
26.0
27.92
26.44
26.88
24.88
21.44
22.0
24.04
24.52
24.12
25.04
24.6
24.32
23.48
23.04
25.08
25.6
26.36
26.96
27.22
27.2
25.84
26.08
24.32
24.4
24.04
23.56
24.56
24.96
26.44
25.84
25.84
23.8
24.92
25.56
25.0
26.0
25.56
26.24
26.64
23.24
24.52
25.76
25.72
24.56
26.12
23.72
19.32
20.88
20.32
20.84
21.88
22.72
21.92
17.64
12.74
11.66
13.64
13.18
14.52
16.36
16.62
18.7
20.2
22.32
19.56
17.68
17.22
19.48
21.36
22.92
24.64
22.72
22.36
21.0
21.68
20.52
20.6
19.24
17.56
21.88
23.4
20.92
23.16
19.0
18.36
20.52
22.08
20.84
20.52
21.0
21.6
20.6
16.32
10.34
12.1
15.64
20.76
20.52
20.6
13.6
12.42
12.28
12.28
12.78
17.48
19.84
17.44
17.46
19.36
20.96
20.8
20.44
21.4
22.4
22.6
21.36
20.68
20.84
20.24
21.68
22.52
14.28
11.14
14.38
19.68
13.3
9.22
9.14
9.42
13.96
13.92
9.16
9.86
11.76
12.98
14.92
15.74
14.3
15.14
14.7
15.18
15.58
14.54
20.14
20.36
18.28
16.34
16.94
17.18
13.76
15.66
15.68
18.14
18.02
19.52
18.34
18.08
17.78
17.56
19.08
20.96
14.62
10.92
13.72
12.76
14.54
14.38
15.34
14.66
15.3
19.6
22.56
18.24
15.7
15.38
16.44
19.48
21.12
21.64
23.04
23.94
22.28
25.84
25.36
23.88
19.72
15.8
15.74
17.94
18.72
19.54
21.4
20.36
19.28
19.82
17.86
20.92
16.78
18.62
19.18
21.88
23.6
22.8
21.24
20.0
21.2
26.0
25.4
22.4
21.56
22.8
20.64
19.58
21.34
22.64
21.8
25.28
26.48
27.48
23.68
18.68
19.96
20.0
21.88
24.08
24.48
26.28
25.4
21.12
23.08
22.52
20.68
22.72
24.96
25.2
23.64
23.0
21.52
24.56
23.32
23.08
24.84
23.76
25.8
24.08
23.0
23.44
22.56
23.88
24.28
24.64
20.48
23.2
23.64
25.32
23.24
22.56
25.44
26.76
22.52
23.48
23.24
22.6
25.16
23.64
21.28
22.84
24.44
25.48
26.2
26.92
22.96
23.2
24.64
23.48
22.44
24.64
26.76
24.2
24.92
23.4
22.12
23.84
23.36
25.16
25.92
23.76
24.32
24.52
25.32
25.0
26.2
25.8
25.4
27.12
25.64
24.08
23.12
24.36
23.6
22.84
22.2
23.36
23.48
22.0
23.04
22.44
21.72
22.08
25.0
23.56
23.56
25.04
26.2
24.2
25.84
26.92
27.4
24.68
24.02
22.52
23.0
23.76
23.96
25.04
26.76
26.72
25.6
25.84
26.36
25.28
24.96
26.52
25.76
25.24
24.4
23.28
24.44
23.64
26.44
26.12
24.12
23.68
23.4
24.44
25.76
26.76
22.84
24.56
26.76
25.08
25.24
24.96
22.12
21.68
23.52
22.8
24.12
24.16
24.6
25.04
25.32
24.68
23.88
21.32
21.8
22.08
22.84
23.08
23.6
24.24
24.32
24.24
23.52
23.6
22.92
23.8
24.68
25.96
23.44
24.76
24.76
24.2
24.24
24.08
23.24
22.8
23.04
23.4
22.88
22.24
22.4
23.76
24.04
24.48
24.24
24.0
23.64
23.2
23.88
24.16
22.36
21.48
18.48
16.2
16.26
17.24
17.72
19.52
17.4
17.94
17.74
18.22
19.64
19.64
19.76
19.56
19.76
20.2
20.48
17.44
15.82
15.74
16.8
20.6
22.6
21.36
19.76
21.36
23.28
22.36
22.28
22.2
21.44
15.8
12.5
11.7
13.32
14.32
16.02
17.56
16.28
12.64
12.2
14.24
18.58
21.2
22.6
22.32
18.2
20.24
14.2
11.86
14.94
17.44
19.56
20.56
18.36
20.52
21.0
19.0
14.74
15.16
17.52
21.96
21.72
18.92
17.72
16.16
16.9
16.2
16.24
16.62
17.26
17.58
17.66
16.46
19.24
19.16
19.12
17.42
18.68
19.24
19.96
20.4
21.12
20.16
21.28
16.44
14.62
20.64
15.24
14.54
15.26
17.56
20.04
21.04
21.48
21.6
23.04
21.72
22.48
21.92
22.88
21.28
14.76
13.54
15.52
16.72
18.36
18.2
19.24
17.48
19.8
21.36
20.48
12.02
16.3
14.8
14.34
18.68
21.24
23.0
24.08
23.48
20.12
17.64
20.84
21.88
21.68
23.84
25.48
18.84
16.64
16.38
18.8
19.52
19.6
19.72
22.04
19.24
19.82
20.92
23.12
25.84
26.36
27.08
27.68
24.88
20.04
21.0
23.48
25.36
26.56
26.52
26.64
26.48
22.92
19.6
19.16
18.66
19.72
19.8
22.08
21.88
19.4
19.56
17.88
17.54
19.4
20.2
21.88
22.52
23.12
23.44
24.36
26.16
22.96
21.76
20.68
21.8
23.76
25.16
24.64
27.36
24.4
21.44
22.24
23.8
23.96
20.76
16.12
19.04
22.16
22.8
24.76
26.52
22.44
17.56
18.84
20.28
20.6
21.16
24.56
21.12
21.56
23.12
22.64
23.68
25.0
27.08
27.92
26.04
20.0
22.12
23.12
26.16
27.28
24.84
20.8
23.32
23.8
25.8
24.6
22.2
23.12
21.2
20.88
21.56
22.2
24.96
26.6
27.28
26.76
23.88
23.16
25.24
24.2
22.92
21.88
25.04
24.24
23.16
23.12
25.84
23.24
25.76
26.8
27.16
26.88
24.8
25.96
22.48
24.48
22.4
22.4
22.8
23.88
24.56
22.8
21.92
22.12
25.84
24.04
22.28
22.92
25.88
25.2
25.04
26.84
27.4
23.52
24.76
24.04
24.2
23.96
23.96
25.56
27.24
24.72
25.4
25.44
26.6
27.04
25.64
24.44
25.92
25.88
24.48
21.92
22.24
23.2
23.28
24.28
24.88
25.28
27.76
27.32
25.48
26.4
27.72
27.08
24.48
25.44
24.88
25.44
24.32
26.32
25.36
23.56
23.28
24.92
25.12
25.44
24.2
23.04
24.72
23.32
23.76
23.88
23.28
25.92
26.32
26.28
25.52
27.04
27.32
26.68
23.96
24.76
24.64
24.8
23.52
24.4
23.88
23.72
23.2
23.84
23.2
22.52
22.84
24.44
23.32
23.52
23.16
21.8
21.64
21.12
20.08
20.88
22.32
20.5
22.84
19.76
20.08
22.2
22.32
23.64
18.24
17.58
20.72
23.68
24.84
24.4
24.04
24.08
22.16
22.64
22.68
22.44
22.56
21.72
21.44
19.4
19.64
18.36
16.28
15.84
16.56
17.68
21.0
22.2
22.8765836767
23.2406634983
23.789685564
24.188742543
24.5912292894
24.8115817048
24.9705896701
25.0319550966
25.0736574737
25.0861405542
25.0964574903
25.0988600952
25.1015694719
25.1020094627
25.1027600788
25.1028251467
25.103040761
25.1030424322
25.1031060665
18.48
19.28
19.52
22.4
22.86
21.44
17.92
18.34
19.24
14.92
10.2
10.58
16.02
21.02
21.6
21.22
20.28
20.06
17.02
15.64
16.26
16.0
17.88
19.74
20.8
17.72
16.44
18.72
18.46
17.7
18.78
19.82
20.6
19.0
18.56
18.64
16.6
17.12
15.6
10.5
12.02
14.98
18.58
18.0
18.66
19.46
20.44
21.6
21.2
12.26
16.6158989674
6.16
9.34
12.9
15.24
16.48
18.58
19.18
19.5
17.0
19.58
20.8
22.0
21.24
21.48
21.88
22.2
22.96
23.96
24.38
22.8
20.08
22.1
19.12
14.04
14.5
22.32
24.36
23.68
22.86
23.04
20.46
19.8
23.64
24.64
24.56
27.08
25.0
25.12
23.28
17.92
21.16
26.04
26.72
22.28
22.8
23.08
23.08
21.8
24.64
26.8
28.6
25.4
22.88
26.72
23.44
19.44
20.92
26.24
23.36
23.72
23.48
24.24
23.32
24.6
24.52
24.08
23.64
19.76
20.12
18.4
15.72
17.16
24.04
26.88
19.88
23.64
26.28
23.8
22.32
19.84
22.52
26.54
20.52
21.78
23.04
19.8
20.12
21.48
20.36
21.48
20.52
18.92
19.48
21.84
18.72
18.32
20.16
21.64
21.0872000407
21.4673198092
21.0189284904
21.0914827237
20.6735931083
20.4521862487
19.8829188135
19.3211578688
18.5641775842
17.9472088253
17.5381844523
17.4884483106
17.6436690631
17.8679902852
17.9951707674
18.0118896769
17.9424209252
17.8644070758
17.8141060223
17.8104148863
24.58
26.22
28.1
27.96
24.72
22.44
20.84
23.14
23.38
23.34
24.24
21.78
23.2
22.94
22.82
24.72
22.78
19.6
19.98
23.38
22.14
22.86
24.38
25.5
24.98
27.42
24.58
24.74
26.66
27.74
24.26
24.22
21.7
21.9
23.78
24.46
22.18
22.54
25.78
25.14
24.16
22.64
24.34
26.04
25.98
23.46
21.94
22.06
22.18
22.5
23.58
24.78
24.54
24.6
24.26
25.62
24.42
25.62
25.98
26.7
25.14
25.22
27.66
27.94
25.82
27.42
28.34
27.06
24.5
23.54
24.38
24.68
26.84
27.14
25.12
24.66
25.06
25.42
25.48
25.9
23.3
24.76
26.16
26.54
22.46
23.56
24.36
23.84
24.42
24.08
23.36
23.64
24.84
25.06
24.28
23.14
23.26
23.82
25.98
25.06
25.5
25.58
24.66
25.42
26.44
25.96
25.1
26.48
26.64
24.88
24.4
23.88
25.6
27.0
27.8
27.66
25.12
26.5
25.56
28.08
25.6
24.26
21.68
23.76
26.24
26.56
25.98
26.38
25.74
22.68
23.48
23.92
22.26
21.26
20.1
18.14
16.72
18.08
20.32
22.9
24.64
25.58
25.68
25.72
23.36
18.94
18.6
22.96
21.34
17.88
18.74
20.36
19.94
21.08
22.7
24.16
23.86
24.74
25.12
21.0
20.18
13.18
14.28
17.48
20.18
22.16
19.26
19.84
20.9
21.54
19.56
17.86
18.98
20.38
21.06
21.6
23.1
21.06
18.36
18.76
18.68
17.9
16.84
17.4
17.68
17.78
18.8
21.2
18.76
19.08
15.7
17.08
18.1
21.08
22.18
21.74
23.42
22.66
17.86
16.78
14.96
15.96
17.86
16.72
17.58
20.86
16.24
10.2
11.2
13.32
11.76
12.74
15.06
17.22
19.42
18.9
21.4
20.84
21.58
21.62
19.96
19.5
19.4
19.72
18.98
19.4
20.16
14.52
13.3
14.84
13.48
13.14
12.18
11.94
13.54
15.12
18.48
21.28
19.78
12.12
9.36
13.14
18.48
21.16
18.76
12.8
14.52
16.6
16.64
17.68
17.16
18.64
18.62
21.2
19.92
23.48
23.8
24.0
22.44
23.26
22.96
23.38
23.18
23.92
23.24
20.38
16.26
17.18
19.62
24.02
22.44
16.92
17.88
20.16
16.42
12.08
10.9
15.32
21.42
18.62
16.04
14.8
12.52
14.96
21.44
23.38
22.12
21.28
20.54
19.9
19.5
20.2
22.54
23.4
23.24
24.56
20.42
14.18
13.32
12.42
12.4
12.72
11.94
15.46
17.06
16.34
13.24
13.06
15.92
17.98
21.2
20.98
21.98
22.96
21.26
22.06
23.78
20.56
18.82
19.28
22.76
23.96
22.34
21.54
21.32
21.98
24.2
18.14
20.14
20.86
18.1
19.52
21.96
22.94
23.62
24.4
27.26
26.8
23.28
22.66
19.92
18.68
19.34
19.56
20.18
23.86
24.26
19.4
20.62
23.94
24.66
25.74
25.98
24.48
22.14
25.1
25.66
22.42
21.66
16.78
19.38
21.98
23.38
24.34
26.32
25.14
24.86
25.62
20.74
21.02
23.32
25.02
22.66
24.1
23.86
24.38
24.94
26.02
20.78
24.84
24.96
23.86
23.7
22.98
25.08
25.82
25.82
26.34
27.88
26.38
27.66
22.86
22.18
22.56
24.54
25.44
26.66
24.94
25.4
20.1
21.3
24.52
26.2
24.7
22.78
22.5
21.26
23.68
25.46
25.82
24.7
22.26
24.9
24.86
25.76
24.96
24.74
24.42
23.7
25.22
25.42
23.38
22.04
22.54
22.54
23.5
24.32
26.06
26.32
25.0
25.32
24.16
23.72
25.0
25.48
25.26
25.2709825675
25.1621060566
25.1559625115
25.119911696
25.1185524452
25.107331746
25.1075061814
25.1040791926
25.1043647389
25.1033155234
25.103478917
25.1031536781
25.1032273593
25.1031249555
25.1031548403
25.1031220961
25.1031335376
25.1031229216
25.1031271519
25.1031236693
25.1031251986
25.103124045
25.1031245896
25.1031242044
25.1031243963
25.103124267
25.1031243341
25.1031242904
25.1031243138
25.103124299
25.48
25.78
24.5
25.94
27.02
26.54
26.44
24.96
25.02
25.38
23.38
24.88
25.92
27.4
27.48
26.4
26.68
26.4
27.52
28.12
26.36
24.92
26.44
25.52
26.16
25.4
25.72
25.48
25.44
26.2
25.28
25.04
25.76
24.48
26.68
26.42
21.14
22.56
20.44
19.02
20.84
20.92
21.44
22.92
22.92
22.2
22.68
17.68
14.92
16.16
20.68
25.12
26.58
25.8
26.28
24.52
23.0
22.4
22.16
21.56
21.2
21.44
20.92
21.0
22.16
21.6
21.8
21.92
21.48
22.4
21.84
21.56
22.32
23.92
23.4
23.56
20.28
21.24
23.24
23.72
23.84
23.12
22.52
22.56
11.26
7.56
12.56
16.74
16.8
17.12
17.84
18.9
20.22
20.26
22.16
21.48
22.58
21.6
19.32
17.0
17.52
18.3
21.2
19.68
19.36
19.0
18.88
18.32
18.52
19.06
17.16
17.24
20.42
22.16
20.44
19.4
20.58
22.56
22.7
20.54
19.98
12.38
12.72
14.82
11.26
15.54
20.56
21.88
19.8
20.72
20.64
20.72
20.32
20.3
21.04
20.98
21.6
20.48
20.44
21.9
23.08
23.4
22.6
22.88
21.52
15.08
15.84
17.44
18.6
19.88
22.54
24.46
24.38
23.38
21.28
24.08
23.72
24.28
23.96
24.28
24.04
20.4
16.7
19.86
23.56
24.44
24.08
24.3
22.96
22.32
20.88
23.28
23.96
17.56
13.6
20.16
22.06
13.92
11.46
15.4
18.32
20.68
22.12
24.4
18.76
17.2
19.0
20.96
21.52
18.82
19.5
20.82
19.2
17.2
18.94
19.64
20.72
18.16
21.06
22.94
25.4
26.98
26.7
26.26
26.16
23.42
24.2
23.78
20.98
19.94
22.3
20.1
20.56
22.96
21.64
21.58
20.68
22.98
24.24
25.44
25.3032473124
19.02
17.5
20.0
23.88
22.78
23.6
25.24
25.24
26.08
25.86
27.18
22.22
19.08
24.8
26.8
27.5
23.88
20.2
21.04
24.64
24.82
25.22
26.4
28.14
25.72
23.36
22.46
24.08
25.36
25.28
27.0
27.4
24.54
23.78
24.92
25.5
26.8
21.84
23.12
25.72
26.68
25.66
24.18
25.34
25.24
21.54
22.86
23.24
24.18
24.12
23.16
25.0
26.58
22.8
24.18
22.74
23.16
24.7
25.62
23.08
24.32
25.04
25.86
25.3786759672
25.4
25.2137510033
25.86
26.28
23.1
21.88
23.5
21.84
24.18
24.92
26.2
25.24
25.16
25.56
26.64
25.12
23.32
23.18
22.78
24.28
23.16
23.16
24.4
25.92
25.12
26.16
27.88
27.8
26.12
24.2
23.16
21.96
24.04
24.24
24.32
25.98
25.68
24.76
24.74
25.02
25.26
27.32
23.32
23.56
22.48
23.4
25.44
27.24
28.64
23.76
27.14
26.1
27.26
28.82
28.1
27.24
28.66
26.72
27.74
28.1
28.06
27.94
27.84
26.16
25.6
25.38
24.68
25.18
24.74
26.0
27.28
26.78
27.38
28.8
27.08
28.68
28.0
28.64
27.76
25.8
24.98
26.64
26.62
27.92
27.98
26.48
26.06
24.96
24.74
24.76
24.98
27.08
27.56
24.24
24.64
25.44
23.56
20.98
24.38
26.52
25.92
26.52
25.72
26.96
27.64
27.1
27.52
26.06
28.06
27.66
27.98
28.22
28.92
28.72
28.24
26.4
23.7
25.48
21.76
22.78
23.0
23.02
23.36
24.24
24.34
20.24
21.16
23.12
20.58
19.94
20.34
22.9
23.5
24.44
25.54
24.24
24.48
23.36
20.8
21.32
21.5
19.8
17.84
20.6
22.36
23.52
23.22
20.48
18.76
18.22
19.78
20.68
22.42
22.86
23.68
22.82
20.48
21.06
21.04
23.2
23.78
22.88
23.32
24.48
18.24
16.48
17.32
19.68
19.44
18.32
14.78
15.04
16.78
15.78
16.28
17.34
18.08
17.56
18.046394902
11.46
17.26
18.18
16.98
17.9
21.34
21.06
14.76
15.76
18.6
17.84
19.8
20.2
19.72
20.56
20.36
21.36
21.7
21.5
17.68
20.04
21.36
20.64
20.22
19.96
20.24
20.16
20.44
21.12
20.88
20.0
20.16
20.86
21.34
21.98
21.46
20.58
21.0
21.88
20.9
20.68
19.2
21.02
23.32
19.8
17.44
14.4
18.34
16.76
18.46
23.48
24.3
20.44
21.98
24.76
23.76
23.1
22.86
21.8
20.6
20.68
20.24
21.2
21.16
21.8
21.44
22.68
23.44
23.72
23.8
20.84
13.26
8.88
15.9039273466
9.84
14.02
17.38
19.26
20.42
16.48
16.72
18.84
20.12
17.14
16.58
19.3
20.86
22.46
25.14
16.56
14.22
21.02
24.96
21.56
18.56
18.24
21.28
21.2
18.44
18.2
19.16
19.38
21.52
22.74
18.56
19.4
21.9
23.08
23.76
22.64
19.92
21.96
24.18
24.22
23.84
25.34
25.54
22.04
20.24
23.2
23.24
25.2
27.12
27.06
26.24
27.16
28.28
26.08
23.38
19.48
20.96
24.32
25.64
21.92
22.0
23.52
24.36
25.24
20.28
20.32
21.96
23.2
24.36
25.4
27.34
25.24
25.92
22.36
21.72
23.88
26.04
23.54
23.8
25.64
23.96
21.04
20.96
22.84
25.74
26.0
25.72
21.56
20.44
22.48
22.94
23.4
24.64
21.88
25.02
27.5
27.56
25.68
24.12
25.48
26.2
24.86
26.28
27.5
23.64
25.0
24.76
25.58
26.88
27.88
26.58
27.02
23.16
22.68
25.36
25.12
26.3
25.52
24.92
25.12
25.6
22.4
24.32
26.82
27.2
24.42
24.44
26.08
26.74
28.12
27.9
25.96
23.66
24.24
24.82
25.82
26.54
27.16
25.08
22.82
23.58
23.86
24.4
21.94
24.0125570037
24.4
24.68
23.6
23.16
22.28
24.92
25.46
25.26
24.74
25.96
25.24
25.12
25.66
26.46
26.02
24.48
26.44
27.44
26.6
24.48
24.62
25.38
23.96
26.3
26.64
27.32
27.32
28.84
28.7
29.0
24.44
23.2
24.44
26.2
26.36
21.58
24.08
25.14
24.92
26.1
23.64
25.54
26.2
25.8487943769
27.44
25.72
24.24
24.58
26.6
27.36
24.06
24.84
26.12
24.68
24.18
24.68
25.08
25.08
25.18
24.46
24.6
24.4
24.86
25.88
26.3
23.92
22.76
22.66
22.28
22.96
25.48
25.56
24.72
22.08
23.04
21.52
22.68
21.82
15.52
15.3
20.08
22.28
22.98
23.68
22.1
23.52
25.08
25.6
22.24
24.14
22.8
23.3
22.22
19.64
20.32
20.7
19.3
20.08
21.06
19.38
18.54
17.14
19.64
19.94
21.92
22.2
21.94
24.78
22.22
21.2
21.12
21.08
22.0
23.34
22.14
21.88
23.02
13.9
17.34
8.6
20.9
21.52
21.7
17.76
17.78
20.48
20.12
13.48
20.08
17.3667813629
22.1405140304
18.7465652291
21.2905526984
18.8212020436
19.7542644949
18.059410534
18.2035031338
17.3756656702
17.6789381781
17.5755330243
17.9541656914
17.9228571391
18.0367284662
17.8969033329
17.8851069108
17.801311304
17.8299808709
17.8286306369
17.871126585
17.8729718922
17.8828557652
17.8677438535
17.8635833553
17.8546287569
17.8573199789
17.8583090728
17.8631914071
17.8639207314
17.8647301783
17.8629903642
17.8622138446
17.861224681
17.8614908994
17.861729994
17.8623091833
17.86244434
17.8625034238
17.8622939148
17.8621715277
17.8620592962
17.8620879561
17.8621297986
17.8622004146
17.8622211678
17.8622242359
17.8621980969
17.8621802208
17.8621672116
17.86217061
17.86217713
17.8621859224
17.8621888484
17.8621887682
17.8621854194
17.8621829141
17.862181382
17.8621818213
17.8621827812
17.8621838926
17.8621842857
17.8621842234
17.8621837863
23.74
20.8986610053
25.86
22.54
24.0
23.8864184155
21.58
23.96
23.1298492586
24.6872307426
24.3371749028
25.1112230008
24.8868661034
25.1601823703
26.12
25.3773533095
25.4809357046
24.48
23.88
24.5967285092
24.2
25.62
26.18
27.26
26.3
24.36
24.36
24.7184857493
24.8306242799
24.4
24.92
24.6
24.22
24.7371615334
24.66
25.28
25.0358251447
25.2012643675
25.0900669635
25.1383362582
27.44
25.6375834908
24.86
25.3427591495
24.74
25.1250060249
24.9773377151
25.1224644177
25.0653014295
25.1132141523
25.091584316
25.1072766873
25.0994618738
24.96
23.84
22.42
23.8873051533
21.44
22.36
23.2
23.4994048686
20.2
20.16
19.4592821215
18.8770337394
14.0
14.26
18.74
19.02
21.2931632736
19.6681483522
20.2898091981
22.66
19.56
17.56
17.5163720009
19.64
18.6160565688
21.22
22.46
23.04
20.58
19.26
21.54
16.56
20.66
22.8
22.92
11.26
13.06
19.08
21.52
21.68
18.3
15.6
19.62
18.96
17.92
18.48
19.58
20.54
17.8
20.54
22.16
23.9
21.04
17.56
15.4
13.82
24.32
24.0
22.2
20.34
18.22
22.04
16.28
19.18
15.62
18.181419363
19.78
16.12
20.28
18.2
16.12
16.7379981336
17.74
22.0
20.3504124218
20.76
23.28
25.38
25.7070173905
25.7795229627
25.82
24.2
25.0888066092
23.94
24.54
22.24
20.76
21.9672584447
24.96
23.52
25.64
23.92
25.3068270428
23.12
24.52
24.94
23.36
26.16
24.46
22.32
24.64
23.32
21.8
23.3285799838
25.98
25.32
24.24
24.9532137905
24.7775080341
26.06
26.06
23.18
22.36
23.14
24.76
24.0
27.1
26.24
26.76
26.82
25.74
25.58
27.48
26.1
25.06
22.7
25.14
25.72
25.0
24.06
25.38
26.5
26.16
24.12
24.98
26.32
27.86
25.84
26.26
25.96
25.84
26.02
27.34
26.22
25.46
25.16
25.02
26.68
26.58
27.3
26.66
22.42
22.58
22.76
23.36
25.38
26.32
26.14
26.02
25.38
25.64
25.42
24.44
26.14
26.56
25.26
26.94
22.52
22.86
24.16
24.6
25.16
23.42
24.72
25.66
23.72
24.54
26.52
24.78
23.3
23.06
22.3
22.66
19.72
21.7
23.2
22.62
22.22
21.46
14.92
15.94
25.46
23.38
20.6
20.8
22.26
21.2
21.92
22.98
22.5
22.04
20.82
20.88
19.34
19.74
19.28
13.5
13.52
16.38
15.92
9.54
17.98
20.44
18.7
18.9
12.22
20.08
19.1
21.18
22.82
17.32
17.94
19.9
20.42
16.5
17.56
22.28
13.54
13.24
27.38
22.88
21.5
22.64
25.44
24.76
16.46
14.38
19.68
21.1
21.66
23.24
21.44
21.68
19.86
16.62
23.54
24.1
25.84
24.04
23.9
23.04
25.34
25.14
25.52
24.38
26.2
23.04
23.72
24.46
24.82
24.44
26.5
26.56
24.74
26.74
26.64
21.42
26.32
26.86
26.4
28.2
25.78
27.42
24.04
21.68
20.68
24.5
26.32
25.76
26.16
24.68
25.46
23.06
23.92
25.12
26.42
24.08
22.98
27.02
24.6
25.82
24.0
23.94
26.04
27.58
27.84
28.38
27.62
27.7
25.56
24.2
26.46
25.32
25.800290283
25.3068892842
25.3457701468
25.1823033019
25.1798904585
25.126352158
25.1258450023
25.1090147784
25.1096422048
25.104454814
25.1049822287
25.1033835083
25.1036582957
25.1031602828
25.1032802213
25.1031228094
25.1031707085
25.1031202151
25.1031383948
25.1031219814
25.103128667
25.103123271
25.1031256794
25.1031238889
25.1031247445
25.1031241459
25.1031244469
25.1031242456
25.1031243508
25.1031242828
25.1031243193
25.1031242963
25.1031243089
25.1031243011
25.1031243055
25.1031243028
25.1031243043
25.1031243034
25.1031243039
25.1031243036
25.1031243038
25.1031243037
25.1031243037
25.1031243037
25.1031243037
25.1031243037
25.1031243037
25.1031243037
24.54
20.78
18.42
21.4
23.48
24.72
24.76
26.02
26.72
24.28
23.36
22.56
22.12
22.06
21.78
22.58
22.5
20.72
21.42
20.3
19.68
22.36
23.7
22.7
23.68
24.54
22.7
22.04
22.68
20.48
19.66
20.78
19.88
20.16
20.02
18.6
19.86
21.1
20.8
23.0
19.28
22.72
23.92
21.14
22.96
23.04
20.26
18.12
16.68
16.96
17.08
16.52
16.66
15.58
15.94
15.74
16.36
15.84
16.66
20.54
21.38
19.68
16.74
17.72
19.56
20.32
21.16
22.24
22.88
17.76
19.02
22.18
19.58
18.96
20.94
18.78
12.0
12.06
15.22
22.4
21.98
14.5
20.38
20.72
21.86
22.0
22.2
20.02
20.86
22.2
18.0
17.2
19.44
21.7
18.92
18.54
19.72
21.32
21.62
21.28
20.96
21.7
21.18
21.08
16.3
14.62
18.92
21.44
16.66
22.68
20.8
17.76
16.78
17.34
20.26
21.18
22.64
21.4
17.56
17.42
18.62
25.02
23.86
23.5
21.68
22.18
23.18
23.94
21.48
21.68
20.34
21.26
23.78
24.62
25.84
26.14
20.26
20.26
18.88
20.08
21.48
22.16
20.86
16.08
23.26
19.4
21.94
23.0
22.82
23.08
19.32
21.22
19.24
22.56
25.78
17.42
17.58
22.46
23.1
21.76
24.08
26.5
27.62
28.06
23.5
25.64
24.52
26.9
25.62
23.48
26.48
26.26
26.58
24.36
23.04
20.22
24.18
26.18
23.56
23.44
23.78
24.86
26.68
24.12
23.72
22.92
21.94
26.5
22.34
23.96
24.64
24.14
24.16
22.3
24.56
20.56
22.12
20.84
23.62
24.82
22.64
21.08
22.32
22.26
22.74
24.2
24.08
21.14
23.3
24.36
24.8
24.9
23.12
25.64
25.22
27.08
22.86
24.68
25.3
24.5
25.3
23.88
25.38
25.6
25.34
24.58
25.12
24.08
23.86
25.68
25.5
24.82
25.76
25.72
27.68
27.5
23.78
27.12
25.2
26.26
25.12
25.24
25.74
23.84
23.84
23.9
22.74
24.06
26.08
26.64
23.82
23.82
23.36
24.08
25.62
25.96
25.88
24.96
25.16
24.94
24.42
25.96
24.66
25.66
25.14
24.64
25.8
27.38
26.42
26.98
27.44
24.78
25.98
25.46
25.54
24.98
24.58
24.1
24.38
25.32
26.4
26.18
25.56
25.44
22.78
24.22
24.3
24.28
24.04
20.2
19.04
20.56
21.48
21.24
23.56
21.96
21.7
22.6
23.68
24.38
24.9
25.58
26.04
26.82
26.68
25.18
24.22
24.1
20.62
19.7
20.76
21.3
22.42
22.9
21.8
24.76
24.42
24.92
25.2
25.06
25.46
22.86
23.14
21.7
20.98
22.04
21.74
20.78
19.78
21.5
23.76
24.78
23.38
23.88
24.46
23.1
22.74
22.48
21.98
23.44
22.62
22.9
23.1
20.32
20.68
19.74
22.46
23.66
20.48
20.92
22.66
24.58
20.88
21.26
20.96
19.82
19.16
17.0
18.78
21.58
21.12
16.86
18.08
12.08
9.52
10.0
10.12
9.62
9.88
11.8
12.42
18.1
23.18
17.68
19.0
22.74
14.44
10.98
11.14
15.0
18.56
20.54
21.94
22.42
21.96
21.9
21.78
17.38
14.9
19.24
17.08
19.26
20.78
22.02
21.76
16.92
18.46
21.74
22.96
22.92
24.06
23.18
22.78
20.96
20.0
19.92
20.92
22.1
15.06
11.3
12.2
11.92
13.78
13.72
14.92
20.28
22.72
21.14
19.76
16.72
19.44
21.92
21.28
17.88
12.14
16.3
14.38
13.42
14.56
16.5
18.28
20.2
18.46
20.3
22.4
23.62
23.3
22.84
25.3
20.52
16.42
14.7
15.16
17.34
15.4
16.62
20.06
24.26
23.12
24.38
23.0
25.52
25.92
24.72
16.8
12.14
12.08
13.5
16.5
21.38
19.08
18.34
12.68
15.8
17.9
16.88
14.06
15.12
19.92
21.46
20.98
22.3
18.22
16.76
16.78
19.72
24.28
25.8
23.72
24.42
23.8
25.82
26.48
21.42
17.2
15.86
18.74
22.24
21.9
22.34
22.9
23.62
26.04
27.04
26.02
23.02
20.96
20.44
23.56
24.3
27.14
23.4
19.74
20.6
23.5
26.0
21.4
17.62
17.44
19.56
20.44
23.22
24.6
22.74
19.82
21.92
22.34
22.22
22.58
22.96
24.34
25.46
24.74
24.7
24.52
21.72
22.58
23.58
21.66
19.06
20.84
22.7
24.18
25.6
21.22
24.34
23.22
20.38
21.64
24.78
25.62
26.02
26.58
26.26
25.46
25.26
26.12
24.74
24.48
25.1
26.04
24.16
25.76
26.9
25.96
26.48
25.66
24.74
25.82
27.38
27.58
26.16
25.48
23.9
23.72
24.22
22.92
24.14
25.82
26.74
25.8
25.76
22.64
23.76
25.22
24.82
25.12
25.04
26.42
25.94
23.68
25.58
26.9
27.06
26.92
27.2
27.04
24.94
25.98
25.28
26.98
26.86
27.66
30.04
29.24
23.62
25.62
25.9
24.94
24.96
25.02
25.68
23.92
24.76
23.32
25.1
24.72
25.36
25.48
26.6
28.14
26.82
26.94
24.2
26.18
25.6
27.74
27.14
27.78
26.94
24.26
26.72
27.06
27.52
25.76
26.06
24.78
25.86
27.5
25.34
27.32
29.04
27.58
26.72
23.82
27.7
26.56
25.52
25.72
26.96
26.9
26.9
24.36
25.74
25.74
25.94
25.96
24.12
24.94
25.28
24.72
26.58
28.16
25.64
25.84
24.22
24.66
25.2
24.94
26.0
26.54
24.66
25.7
24.12
24.16
23.8
23.42
21.9
22.74
19.96
19.62
19.74
19.22
19.52
21.72
22.7
24.5
23.42
22.14
22.96
20.82
21.88
23.52
25.46
23.42
22.54
24.54
26.1
25.7
26.0
25.12
18.66
16.18
18.96
20.64
23.26
20.04
18.74
20.6
22.14
22.2
25.06
25.08
24.62
25.14
25.52
25.24
24.36
21.92
16.6
11.54
14.06
16.88
18.84
21.98
23.64
24.18
24.48
23.94
23.68
23.0
22.98
23.7
23.46
23.2
22.92
17.78
11.92
15.38
20.34
22.56
22.52
22.52
18.8
16.98
16.12
17.86
15.36
12.16
16.54
20.02
21.34
22.82
22.96
22.76
22.76
22.48
21.36
21.2
21.1
22.68
22.26
21.92
21.76
18.42
11.0
13.48
16.52
16.84
20.28
22.76
23.74
24.32
24.44
23.82
24.3
23.44
21.98
22.0
21.92
22.84
21.62
21.78
21.86
23.62
23.8
24.08
22.08
16.8
10.44
12.0
15.2
16.38
18.04
20.6
18.48
16.54
18.46
20.92
22.94
16.62
15.76
21.7
24.58
25.32
24.32
23.66
24.94
25.88
25.42
23.18
19.04
18.1
15.98
14.4
16.98
18.36
16.98
17.9
19.14
18.98
19.96
15.28
8.86
9.66
12.84
14.42
15.72
18.58
20.42
22.34
22.92
23.66
24.06
24.88
18.98
20.0
21.44
22.04
21.46
20.74
21.72
24.22
24.76
23.44
19.78
20.38
23.76
26.9
18.1
18.7
20.48
23.6
26.98
26.0
20.22
15.28
15.42
16.74
21.28
23.32
25.78
28.02
27.92
28.7
26.04
25.94
26.8
24.54
20.8
25.1
24.62
26.62
23.86
25.76
25.96
24.66
23.14
24.2
22.94
23.76
27.44
26.56
25.3
26.9
26.96
27.96
29.36
29.34
26.54
25.3
27.0
28.56
22.36
22.56
23.9
24.9
26.84
27.8
23.94
24.1
23.64
20.56
24.68
25.76
26.58
27.72
25.46
25.56
25.92
25.22
25.18
25.52
26.26
25.52
24.98
23.8
24.34
25.84
26.96
25.98
23.18
24.32
25.82
27.02
26.56
24.84
23.86
25.26
25.78
25.98
24.96
25.38
20.94
23.44
22.56
24.88
22.8
23.38
23.32
26.36
27.0
24.54
25.48
24.44
24.68
26.34
24.88
22.68
24.66
25.04
22.44
22.16
23.96
24.56
25.62
28.72
23.12
22.02
24.84
26.22
26.94
25.9313424888
25.7671951444
25.5133637723
25.34626579
25.2418320377
25.1799103715
25.1445901226
25.1251132372
25.1146158302
25.1090731741
25.1061797197
25.104687281
25.1039204519
25.1035294244
25.1033299001
25.1032287039
25.1031771975
25.1031511453
25.36
28.58
29.16
28.44
27.6981456694
27.16
29.34
29.5
26.04
24.96
25.14
24.34
24.96
25.76
25.3
22.38
24.34
25.72
27.38
27.0
25.16
25.56
25.24
22.44
23.14
25.26
25.8
22.84
23.28
21.96
24.96
23.8740094172
25.5055498034
23.56
25.64
25.86
25.34
25.74
25.02
25.18
23.28
24.78
26.48
26.76
28.16
23.88
26.32
25.4813254438
27.32
25.84
26.28
24.76
26.36
25.84
25.36
24.84
23.94
23.78
25.7
23.64
25.1851283223
24.68
24.2
26.6
27.3
27.7
25.8
26.1
26.5
25.6573612674
25.2
26.9
27.7
26.1
27.1
26.0
25.8330929268
26.7
23.8
25.6
25.4
24.8
25.2
23.3
24.6
25.0
25.6
26.0
28.4
25.7
23.04
23.0
23.16
22.64
22.68
22.44
21.84
20.96
23.18
25.0
25.06
25.14
25.2
26.58
26.42
25.08
25.28
25.88
24.7
24.76
22.44
22.8
23.08
25.06
22.88
21.76
23.52
24.56
25.32
22.88
22.64
24.38
24.08
22.72
24.08
26.76
24.0
20.14
16.88
19.72
22.02
22.8
24.36
22.64
20.42
22.66
23.92
23.8
20.94
22.34
24.06
24.34
24.14
24.12
26.0
25.6
26.64
26.38
26.46
25.14
24.58
24.84
24.36
23.74
24.52
25.06
25.22
25.28
25.42
26.54
23.92
21.3
18.18
15.24
15.28
16.78
18.02
19.04
21.8
20.78
20.86
19.4
20.2
21.9
22.02
23.28
19.76
19.94
21.14
21.86
21.62
21.62
20.22
22.28
23.24
22.36
22.52
22.6
20.88
17.66
16.98
17.1
19.46
20.58
18.5
19.22
20.5
21.82
22.46
23.6
24.9
20.64
20.06
18.46
16.94
16.24
8.94
7.66
10.86
13.98
16.94
20.92
22.68
25.28
21.72
20.9
19.72
20.28
16.62
11.18
5.54
10.3
11.94
15.66
18.42
20.44
21.22
21.48
22.04
22.42
22.76
21.74
22.66
18.98
10.82
16.22
21.3
22.34
23.78
23.94
24.0
23.72
23.5
23.44
18.28
13.18
12.58
15.14
16.5
17.26
20.1
22.94
14.64
15.1
17.48
21.58
23.44
22.88
18.42
19.96
20.6
21.94
23.06
26.02
25.24
23.88
22.84
23.96
25.14
25.98
26.26
26.62
27.7
27.68
24.32
14.84
18.0
20.28
22.8
25.9
22.86
18.06
18.42
20.42
23.76
27.0
28.64
21.98
18.9
22.82
23.56
24.4
26.0
28.32
28.2
27.68
27.94
27.46
26.74
25.08
22.9
23.2
21.34
20.78
23.74
23.38
22.22
21.78
22.82
24.22
23.3
24.58
27.24
28.6
28.88
25.76
24.88
24.38
26.16
27.12
29.14
27.04
27.78
24.98
23.7
23.3
25.0
25.36
24.34
24.14
24.54
24.66
24.82
21.3
22.54
24.14
24.7
27.4
27.84
22.74
24.12
26.74
26.64
23.22
25.54
26.12
26.22
24.5
25.78
27.44
27.0
24.46
24.98
24.8
23.22
22.46
21.98
22.94
23.4
25.28
26.44
23.5
24.86
21.22
23.94
26.7
27.96
28.96
24.7
22.5
23.64
26.04
25.98
25.58
27.96
29.08
27.52
28.16
29.64
29.6
26.92
26.74
26.28
28.3
27.48
23.72
25.02
27.56
29.04
29.72
29.68
25.2
23.18
23.52
24.6
24.92
24.96
25.32
25.64
26.46
24.78
25.76
26.46
25.62
25.0
23.1
24.42
25.24
25.82
26.92
27.12
25.44
25.0
24.52
26.14
26.8
26.48
25.86
25.04
27.64
28.36
26.94
26.74
25.3
26.34
25.82
24.94
25.0
25.02
24.58
24.4
25.78
26.22
22.0
23.86
25.24
24.8
26.0
25.08
25.18
25.82
26.58
26.14
26.48
24.54
24.5
25.14
25.36
25.58
25.42
24.68
25.22
25.54
24.88
27.2
25.32
26.42
27.36
26.28
25.06
25.56
27.24
25.42
24.3
25.16
25.7
24.04
22.4
22.0
22.82
23.86
23.98
25.56
26.88
23.58
25.82
25.68
26.1
23.12
24.34
23.66
24.72
25.64
25.06
25.28
23.0
19.18
19.2
20.12
22.66
24.74
26.42
24.88
25.16
25.22
24.48
19.5
14.38
18.5
20.34
21.18
24.66
25.2
20.7
22.7
18.42
16.12
16.08
17.3
20.56
22.68
23.12
20.98
23.02
25.76
25.76
24.96
23.9
23.16
23.66
21.8
20.12
15.2
15.04
17.58
19.54
20.94
21.54
22.34
23.5
23.06
21.7
23.56
17.38
14.48
15.44
15.52
18.06
19.02
18.58
20.18
17.48
17.64
19.48
18.5
18.0
19.04
20.62
21.24
22.18
21.3
20.76
22.4
23.12
22.82
21.76
22.86
24.28
23.38
22.3
21.24
21.96
22.7
21.44
15.04
14.6
15.46
17.4
20.26
20.7
24.82
14.8
12.54
20.14
22.56
20.58
19.92
22.16
24.08
22.96
23.52
22.38
23.08
24.06
17.32
17.92
19.66
21.74
22.92
24.14
23.68
23.68
24.16
22.0
19.04
19.5
12.68
12.86
14.84
18.46
19.7
23.4
24.16
24.28
24.82
24.88
25.34
25.08
23.94
24.72
24.74
14.2
12.4
17.98
22.46
24.8
25.04
24.72
24.78
25.24
25.38
25.84
25.6
16.5
15.78
15.5
16.26
19.68
23.16
25.12
26.14
25.92
25.82
26.18
26.28
26.92
27.76
27.18
28.8
28.6
29.4
24.62
21.98
22.58
23.04
24.24
25.52
26.8
29.0
29.48
25.52
23.36
20.62
17.9
21.22
23.74
28.42
18.9
14.68
18.16
23.14
24.56
21.66
22.66
24.18
21.82
19.62
20.82
23.46
26.16
27.26
29.3
26.78
23.12
23.52
20.9
20.64
22.12
20.08
21.38
25.36
22.0
18.2
16.02
16.5739783747
17.1986279784
18.3822102568
18.5739384089
18.619897996
18.1271564272
17.8630381531
17.6146696551
17.6642494516
17.7485578143
17.8974490582
17.9422772917
17.949803611
17.8947095183
17.85667084
17.828289683
17.8347134286
17.8481546187
17.8668311069
17.8732594315
17.8733220503
17.8663263361
17.8609964919
17.8576528203
17.8584954334
17.8604875094
17.8628526635
17.8637189837
17.8636189627
17.8627063398
17.861976963
17.8615775924
17.8616942053
17.8619791234
17.8622815541
17.8623946294
17.8623692609
17.8622485887
17.8621503413
17.8621023153
17.8621190706
17.8621589929
17.8621979222
17.8622123624
17.8622076112
17.8621915287
17.862178437
17.8621726474
17.8621750976
17.8621806183
17.8621856495
17.8621874624
26.32
28.0
27.72
28.08
27.4
23.68
24.34
24.14
26.12
26.6
27.72
27.44
23.84
24.04
21.84
23.28
25.98
25.46
24.18
24.0
24.58
24.66
25.62
25.78
26.42
26.0
26.52
26.84
24.58
22.86
24.98
25.0
24.42
24.54
27.48
27.46
27.1
25.9
25.34
23.54
23.74
23.58
23.32
24.86
24.78
24.54
24.68
25.14
25.32
26.44
26.46
26.22
26.06
25.1
26.9
24.38
24.78
25.02
24.62
26.58
25.18
24.02
26.76
26.54
27.48
28.1
25.66
21.74
23.3
24.88
26.46
24.82
25.62
25.06
25.86
27.34
26.24
25.22
26.86
25.58
25.62
25.92
25.94
26.92
23.52
25.36
25.22
24.18
24.12
24.54
23.86
23.18
25.46
26.1
25.3
23.78
25.38
26.68
25.08
24.98
23.02
23.24
23.84
24.46
23.42
24.78
24.22
24.4
21.58
22.94
25.18
26.28
26.64
26.42
27.56
25.98
25.3
26.4
26.34
27.06
26.62
27.94
26.86
25.98
25.5
22.94
22.72
23.56
24.64
25.78
25.8
20.42
16.38
15.1
17.14
20.1
21.62
23.62
23.82
22.64
22.46
20.46
20.96
22.16
24.02
24.46
22.86
22.02
21.98
21.06
22.38
21.7
23.86
23.96
23.52
21.22
20.38
20.46
22.86
21.94
18.54
18.38
17.66
19.26
21.22
21.58
20.78
20.88
21.02
20.18
16.22
17.5
20.1
21.0
21.34
19.82
15.8
11.38
13.04
15.12
14.4
16.66
19.08
19.96
18.72
18.02
18.5
19.1
19.18
20.62
21.5
22.9
23.78
23.62
23.34
20.48
20.78
15.26
15.14
15.78
18.9
21.92
22.12
11.42
9.34
8.62
10.98
14.82
19.38
19.02
18.64
20.66
22.9
23.74
22.24
19.02
13.98
11.98
12.62
14.54
18.86
17.98
16.94
18.06
20.12
21.96
22.38
13.84
11.48
14.26
18.22
20.7
17.94
19.06
19.3
19.7
17.74
16.02
19.06
20.24
20.36
22.38
23.44
25.12
23.98
24.42
24.02
20.3
23.66
20.18
23.9
26.0
21.5
18.84
17.58
21.88
23.18
23.32
22.86
23.58
25.26
24.7
27.1
26.7
19.62
18.5
19.0
23.66
23.26
18.84
22.2
18.9
16.66
17.62
18.66
21.46
18.86
12.42
15.1
16.68
18.18
20.84
23.12
24.02
26.04
22.5
20.86
21.7
24.62
27.5
25.82
24.74
24.46
21.52
19.5
21.7
22.16
24.32
26.9
22.68
19.52
22.9
24.98
27.02
24.06
25.18
23.74
23.74
22.26
25.02
25.14
21.52
18.28
20.64
22.34
24.9
26.54
25.26
20.78
22.82
22.7
24.04
23.98
22.7
20.58
22.04
25.1
26.94
27.62
23.56
22.66
23.22
24.88
26.28
25.16
26.34
25.78
23.44
25.0
24.72
26.34
25.08
24.9
23.66
23.98
25.06
26.26
26.74
24.9
23.78
24.66
23.4
23.4
23.0
22.66
25.02
23.86
25.02
25.62
24.92
24.38
24.1
24.8
26.3
24.16
24.32
22.68
26.26
25.78
25.54
24.74
23.42
25.06
24.82
26.46
26.3
21.46
24.52
28.38
25.8
27.96
26.5
25.44
26.08
27.1
25.02
24.94
25.86
24.46
25.84
25.84
26.04
26.22
25.56
26.2
26.08
24.98
28.0
27.14
24.78
23.7
23.26
22.14
23.58
24.34
25.9
25.2
23.5
24.32
25.16
24.0
24.64
23.58
25.58
25.7
25.38
25.52
25.3
24.9
25.2
25.02
24.56
23.48
23.72
23.92
25.04
25.78
26.42
26.52
27.44
25.4
27.52
23.98
25.3
26.36
23.44
24.14
25.84
24.72
25.26
26.36
23.42
24.76
24.8
27.08
28.12
28.2
27.9
27.4
27.32
26.36
22.96
23.32
24.82
24.74
24.58
25.38
26.46
26.9
27.26
27.62
26.3
27.0
23.08
23.24
24.28
25.0
23.74
24.5
25.66
26.18
26.26
25.54
23.94
24.26
24.86
24.56
24.38
22.46
23.2
20.22
20.56
21.18
24.56
21.26
19.14
21.1
20.94
21.5
22.52
23.1
23.78
24.32
25.96
26.0
21.86
24.32
24.16
24.86
25.66
20.06
21.18
23.54
24.24
25.16
21.46
17.12
19.56
20.8
21.04
22.78
23.62
24.98
25.4
23.7
22.94
23.74
23.44
22.52
22.66
22.28
21.32
21.56
22.44
19.04
17.74
19.24
20.92
22.74
22.74
21.14
24.4
18.18
13.74
14.72
15.54
18.5
20.96
16.62
14.86
17.28
15.98
16.98
14.74
14.9
15.32
17.56
17.12
11.18
10.66
12.28
15.88
16.56
18.42
21.78
17.1
15.46
15.46
14.22
19.04
22.58
23.54
23.42
23.3
22.78
22.38
22.5
22.78
17.58
13.34
13.26
12.32
14.6
20.98
20.9
20.02
20.98
20.62
21.06
21.46
21.84
21.4
20.44
20.62
21.0
20.98
21.18
20.76
22.2
22.76
22.72
16.64
15.3
17.42
19.3
19.18
19.86
19.42
19.84
21.34
22.34
21.44
23.82
25.36
25.92
22.86
15.9
16.6
17.74
17.02
13.62
15.94
15.08
17.82
20.32
21.52
23.18
24.34
23.82
24.64
24.32
25.42
21.94
18.38
16.06
15.38
16.34
18.94
22.18
23.92
25.38
25.12
25.88
24.38
26.0
24.24
21.86
25.7
24.58
25.46
26.7
27.22
27.46
23.46
20.7
24.76
28.16
28.0
22.1
22.2
25.42
22.06
21.9
22.3
21.42
22.38
24.82
23.98
20.6
23.08
23.88
27.56
25.46
24.66
20.96
19.82
22.42
25.5
24.42
17.82
21.94
23.0
27.7
27.04
27.44
29.54
29.14
29.98
31.18
21.66
23.94
20.7
23.72
21.64
23.18
24.78
24.8
22.0
23.36
21.24
25.3
28.44
29.72
25.58
24.9
25.54
26.1
24.66
26.26
25.88
25.18
26.16
29.02
30.36
29.68
28.2
28.86
21.9
23.78
24.4
22.62
24.1
24.14
22.84
25.46
24.38
20.86
23.72
20.82
22.24
25.58
23.14
25.34
24.3
24.64
20.54
25.1
21.38
21.88
24.04
23.82
24.4
25.04
25.86
26.54
25.18
27.18
26.98
22.78
24.02
25.02
25.48
25.74
28.4
27.3
27.8
29.22
27.76
27.5
29.38
29.78
30.02
27.22
28.38
26.86
26.52
27.08
28.36
27.38
28.38
30.26
29.12
25.98
25.76
24.26
24.46
26.16
27.08
25.7
26.9
27.78
23.96
27.26
28.4
29.42
29.28
29.0
28.84
27.84
28.0
29.2
31.06
28.88
26.24
26.26
25.76
25.26
25.4
25.92
27.18
27.04
25.52
28.16
26.68
27.76
28.96
26.16
23.56
22.02
21.78
23.52
26.62
26.26
28.08
26.96
26.48
25.62
26.6
25.08
25.66
26.42
25.76
26.22
26.12
24.98
25.96
23.74
25.74
27.66
26.24
26.52
27.48
27.3
28.48
27.18
26.24
25.28
25.38
25.86
25.04
26.04
23.6
24.62
25.08
25.8
25.6
23.64
23.4
24.82
23.9
20.58
24.58
25.94
27.08
24.86
25.24
24.14
23.26
21.26
17.5
19.22
24.84
22.62
23.52
25.66
27.5
27.44
27.8
28.02
27.42
26.08
22.46
20.7
17.52
18.78
20.74
23.22
24.88
26.26
24.68
24.28
25.06
24.6
21.2
15.96
14.2
16.22
18.3
16.48
16.3
18.78
18.78
17.7
18.44
20.96
22.38
23.16
23.52
24.02
20.96
18.34
14.34
14.1
15.82
19.74
21.72
21.86
21.9
22.82
22.54
24.08
20.0
15.66
17.86
16.9
15.2
15.8
17.22
17.64
16.32
16.54
16.82
20.24
21.72
19.9
19.28
21.1
17.02
15.34
17.22
19.9
22.14
21.38
17.44
19.76
13.98
16.86
18.24
19.86
22.02
16.48
12.74
13.06
16.42
18.3
21.1
22.62
23.26
23.34
22.7
21.68
21.82
23.36
23.74
20.5
14.22
14.7
13.58
16.3
14.74
16.5
18.42
20.22
20.02
18.42
19.86
19.82
23.3
24.56
23.78
23.96
21.22
18.14
21.02
23.56
21.96
20.4
20.76
18.18
18.18
19.84
16.88
17.26
17.3
17.98
16.88
16.54
18.22
21.54
24.18
24.98
22.1
21.76
23.82
25.26
21.54
20.86
25.1
22.8
23.66
22.74
22.96
24.84
19.22
14.88
16.42
18.0
18.68
19.32
26.5
25.0
23.18
24.3
24.1
25.74
25.98
26.72
27.28
28.6
28.48
29.76
29.32
26.18
26.48
26.74
26.08
26.98
27.6
27.14
26.88
25.32
26.4
27.28
25.16
25.74
26.56
29.12
26.7
24.44
26.72
26.8
27.56
29.04
26.84
27.28
26.56
27.92
29.04
30.2
29.36
28.42
27.34
28.86
28.64
29.64
26.88
28.28
28.18
27.04
26.8
27.66
25.4
26.1
27.14
28.8
27.6
24.82
26.64
25.14
26.36
26.76
26.72
26.84
26.9
25.84
23.98
24.2
26.68
24.5
21.18
23.52
24.7
26.02
24.22
24.3
25.34
26.98
27.48
26.02
25.94
22.96
25.2
26.0
25.5
26.26
23.74
23.98
25.42
25.94
24.54
23.54
24.14
24.86
25.88
24.42
22.14
22.5
24.76
25.68
25.46
25.14
24.86
24.82
25.04
25.06
24.86
25.82
26.44
25.98
21.98
23.24
23.74
25.26
26.24
25.96
24.02
24.72
24.9
25.56
26.24
27.24
26.6
27.16
26.64
26.7
25.74
27.62
27.9
27.4
27.0
22.42
18.64
17.3
17.84
19.62
21.1
21.94
23.7
22.38
24.32
25.04
24.02
24.08
24.68
23.24
21.54
23.78
22.28
14.86
16.9
18.94
19.82
19.04
18.44
19.74
22.38
23.74
23.88
20.6
16.56
14.86
15.9
16.68
17.76
18.68
20.24
21.62
23.12
22.64
18.98
16.84
18.02
16.02
16.0
15.78
17.5
17.46
18.02
22.78
23.06
22.14
22.46
22.22
22.66
21.38
23.06
23.14
23.26
24.54
22.12
18.98
15.54
12.92
11.88
11.0
14.2
18.94
22.12
23.34
22.92
23.46
22.82
22.24
20.86
22.9
21.66
16.5
19.58
19.86
19.34
22.02
22.54
23.02
18.46
10.72
7.54
6.46
11.2
11.66
8.86
8.52
12.58
12.38
9.04
15.68
15.6
10.06
9.5
13.98
16.12
17.04
19.54
21.3
20.5
18.52
17.74
18.02
18.42
16.66
16.34
17.7
22.18
24.3
22.6
18.5
15.88
15.84
16.9
21.9
23.28
21.46
18.62
19.34
20.36
22.66
24.92
25.44
25.34
26.14
26.06
23.74
18.62
17.04
16.4
19.54
19.28
18.8
17.46
18.02
17.86
19.1
20.74
21.7
19.62
22.42
25.38
27.38
22.12
21.2
17.82
15.72
18.24
22.84
24.92
27.9
27.84
28.1
22.24
26.32
18.78
13.66
17.06
16.58
20.52
21.42
24.02
25.74
27.14
26.78
24.74
21.14
20.02
23.62
24.14
25.62
21.34
24.6
27.24
25.58
24.44
25.58
27.42
26.84
28.18
30.04
26.88
28.68
29.92
25.52
24.92
24.7
27.0
21.86
22.72
23.8
23.86
27.06
27.42
24.22
24.66
27.22
25.42
23.9
25.22
26.3
27.06
28.14
25.86
22.16
22.22
24.1
19.66
21.5
24.84
23.84
25.6
24.14
24.2
26.16
26.64
24.98
24.72
25.16
27.42
27.98
23.9
24.0
25.02
21.78
25.1
22.66
23.74
24.74
26.34
27.58
28.74
28.9
28.66
27.62
25.16
23.94
26.56
22.66
20.66
23.04
24.86
27.04
27.68
26.6
28.02
23.92
27.3
26.4
26.58
24.24
26.38
23.22
24.9
26.6
27.5
27.9
27.66
28.18
28.46
27.78
26.54
24.7
24.44
21.26
21.26
23.58
23.9
26.82
25.72
27.02
28.66
26.88
24.56
25.22
25.26
24.78
26.98
26.62
26.1
27.26
28.78
25.3
26.74
27.14
23.66
25.16
25.12
27.44
27.58
24.54
26.62
28.86
25.22
24.62
25.48
26.32
24.44
22.6
22.46
23.82
24.58
23.68
24.96
24.42
25.76
25.8
25.48
24.06
24.52
26.44
25.78
27.26
26.66
27.26
28.46
26.9
28.06
25.02
24.14
24.82
24.46
26.44
25.66
26.26
25.22
25.68
27.42
27.96
26.14
24.66
22.68
24.84
25.76
25.54
27.08
23.6
24.18
24.68
23.78
21.18
23.38
24.1
25.48
23.14
23.24
24.98
25.58
25.16
24.62
25.34
27.26
24.48
25.06
26.86
27.58
26.08
23.0
24.4
24.8
23.7
24.14
25.2
26.36
22.04
21.94
24.34
23.72
23.52
24.5
25.14
25.96
25.64
24.14
25.2
24.94
25.14
17.3
11.86
14.98
18.5
20.2
22.98
20.98
15.74
15.22
16.1
15.82
18.1
15.04
13.52
14.5
18.56
19.7
21.92
19.1
19.68
20.38
19.74
18.7
17.78
20.82
22.42
23.98
23.94
22.82
21.94
22.62
23.66
23.66
24.42
20.06
22.16
22.58
22.46
20.42
21.2
21.62
22.04
23.28
18.58
11.44
8.44
9.3
9.0
9.32
11.52
15.4
20.22
16.04
12.3
10.86
13.06
14.94
18.22
20.98
22.02
22.38
21.82
20.7
20.76
20.62
22.02
22.94
22.62
19.44
15.4
14.78
17.1
18.84
21.92
23.06
23.22
24.38
23.78
24.68
19.78
19.12
19.02
21.86
18.44
9.84
9.26
13.88
19.96
22.9
23.5
22.9
21.98
22.88
23.34
23.42
23.74
22.94
21.82
21.16
20.42
21.76
23.06
23.3
23.22
23.52
24.12
24.74
24.46
22.88
22.92
22.18
19.98
20.22
21.56
19.0
23.12
18.6
21.8
25.42
26.4
26.58
26.86
27.34
26.54
25.14
24.28
23.46
24.62
26.54
24.54
20.84
21.46
23.0
20.96
18.68
13.24
14.38
18.52
21.8
23.38
18.8
21.68
24.32
23.94
19.9
19.92
23.16
23.4
23.32
26.56
25.94
21.58
21.3
22.06
20.9
25.02
25.74
21.94
22.22
23.86
26.52
26.58
26.48
23.16
25.84
26.04
26.34
26.52
22.8
24.66
22.1
22.36
21.64
25.04
25.28
27.12
28.28
28.42
27.18
24.1
26.32
25.52
25.18
22.98
20.2
22.82
26.92
25.68
24.62
27.54
28.08
23.92
20.08
21.5
20.8
23.36
25.94
24.28
23.78
24.76
27.3
28.86
25.9
26.82
27.8
28.32
27.24
24.9
25.5
25.4
22.88
20.3
23.18
25.74
21.8
21.56
24.66
27.06
25.34
25.32
26.62
23.2
23.86
23.86
25.76
25.94
25.32
26.02
26.26
27.98
29.12
26.46
23.6
24.28
24.74
24.2
25.76
24.5
24.6
25.58
25.92
24.2
25.88
26.72
27.22
27.22
27.22
26.56
26.14
27.62
26.28
24.18
22.02
22.96
26.1
25.1
26.62
24.9
24.62
24.14
25.46
26.66
25.92
25.74
26.32
27.64
27.66
28.98
28.44
27.34
24.4
26.1
28.56
25.1
26.02
24.68
24.86
26.1
23.82
22.64
24.86
25.78
28.18
28.34
24.82
24.12
23.74
24.54
24.36
26.3
26.14
25.28
23.08
23.76
23.3
24.6
25.7
25.44
26.3
23.6
24.18
25.5
25.82
27.42
27.6
28.64
27.96
27.82
28.04
29.68
29.68
28.78
28.48
27.56
27.8
27.9
28.16
29.06
28.8
27.5
26.34
25.8
26.24
24.14
24.94
26.44
27.76
27.66
27.34
27.58
27.58
25.88
23.12
23.36
27.24
27.32
26.76
26.12
25.96
26.56
26.68
26.98
27.74
29.0
27.72
27.46
28.04
28.3
28.16
27.12
28.6
26.66
27.3
27.02
27.96
27.34
27.14
28.44
26.62
26.5
24.48
23.92
23.68
24.94
22.12
23.6
22.54
22.52
25.2
21.64
20.66
23.48
24.44
25.14
25.0
25.46
25.78
23.4
23.94
23.38
20.26
21.62
15.68
15.04
18.34
18.52
18.22
19.18
21.14
21.42
21.36
19.58
18.4
21.46
22.92
23.6
22.8
22.74
23.84
23.88
23.06
23.82
22.98
24.16
18.72
18.96
18.1
17.74
20.36
22.24
20.74
17.76
21.42
23.04
17.46
16.98
17.86
17.84
19.76
21.74
22.76
24.24
24.36
23.9
22.46
21.18
21.5
21.36
18.96
12.78
11.34
13.48
16.68
15.68
16.72
13.4
15.64
18.52
20.44
19.96
16.42
18.48
20.6
19.74
17.04
20.78
23.2
24.5
22.36
16.72
14.28
17.26
20.38
19.82
18.32
13.92
13.22
19.66
21.38
24.62
26.14
26.92
21.58
18.56
23.2
25.42
26.54
27.24
24.26
25.16
24.56
25.56
26.64
24.98
21.52
24.72
25.92
27.26
27.3
25.0
24.56
25.4
20.04
17.34
15.82
12.02
11.96
15.52
20.5
24.26
25.06
17.6
19.34
20.44
24.5
26.9
23.7
22.32
24.86
24.84
22.96
25.26
24.62
27.52
19.44
16.36
18.9
18.64
19.3971657023
20.92
22.64
24.9
26.18
29.02
29.22
25.34
26.68
24.76
27.44
29.62
30.36
29.08
28.5
29.64
29.84
27.72
24.14
24.26
26.44
27.18
24.78
24.8
25.46
27.22
29.44
26.3
21.18
25.22
28.68
29.04
24.32
26.18
26.3
24.16
23.8
23.3
24.78
26.88
29.68
21.86
22.6
22.38
21.34
22.84
27.74
24.34
20.3
23.04
22.72
21.66
23.32
25.54
28.4
27.44
28.42
29.66
24.82
25.66
27.04
26.94
27.64
29.3
28.5
23.96
24.74
26.54
28.98
22.68
24.04
26.48
26.8
28.1
25.76
25.94
25.26
25.64
26.96
27.74
28.7
27.66
24.42
25.4
26.4
28.34
30.16
26.52
26.0
25.04
28.96
26.34
25.14
26.08
26.7
28.28
29.76
29.04
29.12
28.16
26.5
25.12
24.96
25.48
25.24
27.86
29.06
29.94
30.58
24.1
25.72
25.06
25.22
26.5
28.08
27.94
27.84
28.9
27.52
24.78
26.68
24.62
24.2
24.36
23.2
24.78
25.2
25.94
26.12
27.54
24.32
26.18
26.22
27.26
25.0
27.64
27.0
25.18
25.46
24.64
25.0
24.7
24.02
24.68
25.76
25.04
25.5
26.48
27.32
25.6
23.56
23.46
25.9
25.04
26.74
28.66
29.68
30.46
28.74
28.28
26.02
26.84
26.94
27.92
26.94
25.74
24.78
24.8
24.06
24.82
26.84
27.6
28.3
26.74
24.52
25.22
26.32
25.64
21.14
22.18
23.76
24.96
24.82
23.1
24.56
25.3
24.56
26.0
26.82
26.68
27.04
25.1
21.18
22.88
20.34
22.16
23.8
23.06
20.74
19.74
16.44
17.8
19.82
22.78
23.9
25.38
25.78
18.6
17.86
22.66
25.48
25.84
26.08
26.76
26.58
26.7
27.04
27.22
27.24
25.54
20.58
17.78
17.44
17.22
16.54
14.08
14.36
16.64
18.2
20.22
20.82
21.46
21.68
23.3
23.76
23.94
24.32
22.38
22.82
23.36
25.32
20.5
16.58
17.24
18.24
18.3
18.34
18.04
19.4
21.66
22.84
23.26
20.4
15.34
19.4
22.66
23.88
20.92
21.76
22.82
23.28
23.04
23.08
22.46
23.28
24.24
23.42
23.04
20.62
21.02
21.32
21.6
21.28
20.9
21.14
21.34
21.42
21.96
22.62
19.34
19.98
20.72
20.9
22.94
23.02
23.24
24.24
22.48
16.58
14.98
18.18
14.72
12.12
14.58
16.38
19.78
17.14
16.2
15.36
14.06
16.64
19.62
22.64
24.34
24.62
25.1
14.74
13.04
12.58
14.68
12.98
12.3
15.54
18.94
22.02
23.78
21.5
22.48
25.2
25.8
26.34
20.12
15.56
12.42
12.96
15.38
17.88
18.68
19.7
20.22
21.54
22.22
25.14
28.22
27.5
27.74
29.22
26.56
23.48
19.4
20.58
22.7
20.98
23.24
24.74
25.48
26.32
29.02
25.66
24.62
25.76
26.66
23.38
19.52
21.66
20.54
21.46
21.14
22.1
22.56
24.44
28.2
26.3
22.96
21.22
21.8
24.22
27.34
27.8
23.54
23.26
22.84
23.52
25.66
24.3
22.04
19.18
21.78
21.9
23.38
24.88
25.76
26.8
28.32
29.1
30.82
29.76
23.28
24.86
26.98
25.92
23.48
21.52
22.42
24.94
25.14
25.98
27.96
26.74
25.28
22.36
22.48
25.34
25.98
25.44
23.74
27.04
25.92
24.8
25.02
24.66
25.54
27.5
20.8
24.32
27.24
23.24
25.86
25.96
27.9
26.46
25.66
25.9
27.2
28.1
29.24
26.92
26.14
26.48
25.9
26.98
28.66
27.42
25.8
26.52
23.0
24.82
24.84
24.0
25.44
26.02
24.32
26.0
25.0493566475
26.86
28.4
27.6
27.2
27.06
26.84
26.92
27.82
27.24
26.54
26.44
26.28
25.78
27.12
27.58
27.22
26.58
27.2
27.98
29.22
29.04
27.42
25.7
26.42
27.04
27.58
27.5
25.94
27.16
25.92
25.02
24.86
25.24
26.54
27.74
25.06
24.4
25.64
27.02
26.38
24.46
25.86
25.84
25.66
24.66
25.66
26.88
26.28
27.48
26.44
26.8
28.84
30.36
30.7
24.74
26.08
25.9
26.66
26.76
24.62
27.12
28.56
28.22
24.28
24.6
24.08
25.98
27.42
27.72
23.72
24.76
24.4
23.98
24.16
22.88
23.14
23.5
24.42
25.1
25.96
26.46
27.36
26.98
27.68
27.32
22.54
23.38
25.16
26.18
25.44
24.94
25.34
24.8
24.7
25.82
26.38
24.04
24.62
25.26
24.14
26.24
23.58
22.14
23.42
25.42
25.02
23.5
20.6
21.94
22.12
22.76
23.98
22.06
21.16
23.62
23.44
20.62
18.7
17.4
16.42
15.42
16.72
18.64
21.06
21.84
19.02
16.28
14.08
13.94
15.78
17.04
16.78
18.32
19.2
17.0
17.8
19.0
15.06
13.22
13.12
14.74
17.16
20.26
18.74
17.46
18.34
16.6
16.04
16.28
17.04
17.24
17.84
18.36
21.52
16.56
10.38
9.46
12.7
18.22
20.76
21.94
21.32
20.84
20.8
21.88
22.14
22.04
18.2
16.92
20.7
19.52
18.16
20.94
22.5
22.82
22.72
23.04
23.08
21.74
19.02
21.2
18.96
15.34
16.1
10.84
15.56
19.1
22.38
23.26
19.62
16.0
14.94
15.92
16.46
16.0
16.2
16.16
16.74
17.3
17.4
17.8
18.88
19.78
14.8
12.06
15.8
21.02
23.92
24.62
22.62
22.56
14.66
11.06
13.68
16.7
18.4
18.88
18.04
18.96
19.98
21.94
23.54
24.2
22.56
25.18
19.06
18.96
19.34
21.7
25.28
23.4
23.6
22.46
22.52
24.18
25.18
26.5
28.22
28.58
26.5
27.12
28.38
28.74
29.28
24.78
22.7
19.96
13.44
13.28
16.32
18.8
19.2
18.3
23.5
26.72
27.38
29.3
28.98
24.9
26.24
29.02
30.32
29.92
25.42
21.64
22.84
22.9
21.98
22.78
23.14
25.22
24.64
21.1
23.02
27.7
22.34
23.78
26.58
22.66
21.3
22.86
25.34
21.46
22.0
21.66
22.26
21.74
24.3
26.48
23.0
20.6
22.48
23.48
22.48
23.08
26.58
24.28
23.92
27.02
28.74
24.32
23.24
21.46
23.86
23.38
26.62
22.6
21.06
20.46
23.16
26.36
21.62
22.36
24.3
23.94
22.58
22.4
24.16
24.64
26.64
29.14
26.66
26.5
24.06
23.34
26.04
26.6
26.38
26.24
26.62
25.5
26.16
26.38
25.86
24.94
24.36
25.54
23.72
24.4
26.26
25.36
28.92
25.76
25.5
25.22
27.72
23.6
24.86
21.06
21.16
24.32
24.94
24.44
26.1
27.0
28.16
28.42
29.06
29.74
25.72
23.2
24.08
24.58
24.72
27.02
28.94
25.96
25.22
27.28
27.12
27.5
28.6
28.4
24.34
25.06
25.78
25.18
26.62
26.54
27.36
25.1
25.68
24.74
23.48
22.02
23.58
24.56
25.96
26.94
25.2
24.96
25.42
25.94
26.1
26.08
24.78
25.3
25.26
26.3
27.82
24.9
27.2
26.66
27.72
27.76
29.42
29.94
30.42
29.94
28.9
29.72
30.4
30.12
28.3
26.88
27.2
28.68
29.38
27.8
26.54
26.12
26.84
26.22
27.7
29.4
29.4
30.24
31.32
31.38
28.32
23.38
23.62
26.24
27.92
28.9
28.76
28.5
26.38
25.66
25.26
24.64
26.24
26.36
26.18
25.3
28.2
27.48
28.12
29.48
27.04
26.72
25.72
26.52
28.26
29.12
29.32
29.06
29.42
28.46
28.9
29.0
28.88
27.3
26.68
26.3
26.0
27.68
22.9
24.58
26.04
24.86
23.36
16.82
14.6
18.3
19.64
18.58
18.38
19.56
19.24
20.76
22.78
22.98
22.02
22.42
20.46
22.38
24.2
25.88
25.42
25.58
25.34
25.32
26.08
25.4
26.24
25.56
25.2
19.32
14.66
17.08
20.62
17.6
16.96
19.2
21.32
22.92
23.14
22.2
22.72
23.22
23.54
23.4
23.36
22.34
21.96
22.92
23.08
22.96
23.86
24.36
24.0
23.96
24.5
24.0
24.18
19.44
19.76
18.8
15.8
17.72
19.24
20.58
20.42
20.0
21.02
19.36
22.14
23.46
23.44
22.8
22.64
22.92
17.3
11.84
12.08
14.92
15.68
17.08
18.24
19.84
20.34
20.86
22.5
23.3
14.04
10.74
10.78
15.68
18.6
18.0
13.26
10.36
13.06
14.16
17.86
22.14
24.06
24.08
23.88
23.1
23.02
23.18
23.04
23.94
24.04
23.72
13.76
10.86
14.24
17.22
18.38
20.3
22.24
22.9
25.36
26.76
21.7
22.34
24.44
25.12
26.22
26.84
18.8
15.5
19.88
25.06
27.26
27.94
26.76
18.16
11.92
13.92
18.02
24.0
20.38
21.04
19.44
22.38
24.38
27.16
20.32
12.24
10.5
15.48
15.8
15.1
17.26
16.6
17.56
19.86
20.66
18.06
19.06
18.06
19.36
18.98
20.4
20.38
23.9
21.7
22.02
25.1
25.78
29.0
20.82
20.68
24.72
24.1
22.32
26.34
23.66
25.48
26.76
25.58
25.18
22.72
22.1
21.44
21.9
20.5
20.22
22.48
24.58
24.72
23.28
23.62
25.0
26.4
21.84
21.98
20.0
22.14
23.28
22.62
21.88
23.52
27.52
26.96
25.32
21.56
24.1
22.8
24.4
25.52
27.68
28.74
26.6
24.32
27.42
25.54
27.84
26.9
25.68
26.46
24.94
25.72
23.9
24.14
26.38
26.44
26.28
27.52
25.6
23.54
24.96
26.26
22.62
24.04
23.94
26.48
27.88
26.34
24.46
25.46
26.16
26.38
28.4
23.66
26.98
23.52
24.8
25.26
27.76
28.68
25.24
26.54
26.74
27.14
27.12
26.9
27.8
26.46
25.24
25.02
25.9
25.28
24.64
26.26
26.96
25.9
26.56
27.7
27.18
23.24
24.7
27.6
29.42
30.0
29.6
26.16
24.84
25.06
26.92
28.82
27.64
26.92
25.68
23.14
25.0
24.5
23.18
25.3
27.6
28.16
28.54
28.6
29.44
29.1
29.0
26.98
26.78
25.06
26.36
25.38
25.82
27.88
28.1
25.06
24.9
26.4
25.68
25.46
26.58
28.06
23.82
24.7
23.76
22.44
24.22
24.94
27.08
27.74
29.66
28.78
28.1
27.02
26.06
27.0
28.54
24.8
25.78
26.28
25.68
26.2
27.4
27.84
28.02
27.54
24.62
25.98
25.64
26.34
27.28
24.2
26.32
22.96
23.6
24.64
25.9
23.86
23.62
24.7
24.98
25.98
26.04
25.04
22.1
23.38
23.98
24.62
24.26
23.18
23.22
24.16
25.54
26.18
21.52
21.78
20.84
20.92
21.32
22.78
24.72
23.94
25.48
25.82
25.9
24.76
24.32
23.1
23.54
24.2
19.54
14.48
14.08
15.86
17.78
19.26
19.94
17.12
15.96
15.58
16.82
18.84
18.38
18.6
18.92
19.26
20.26
21.24
19.04
18.22
17.42
16.68
16.52
18.14
20.7
21.36
22.46
23.66
22.7
22.82
22.28
23.12
20.02
20.42
19.44
20.04
22.18
22.78
21.34
21.18
21.0
18.06
18.92
20.78
23.02
21.98
21.72
20.64
20.66
22.42
23.44
21.94
22.64
22.46
22.52
23.16
16.84
13.06
14.78
13.16
17.16
17.4
16.04
19.3
21.34
21.56
21.04
22.2
22.96
24.26
22.94
24.36
23.66
23.18
22.78
22.58
20.4
20.46
20.82
21.3
21.38
21.96
23.22
24.8
24.74
25.4
24.32
25.12
23.24
14.86
10.66
12.9
16.18
19.08
21.28
23.68
25.08
25.62
26.04
25.0
24.68
25.24
26.56
27.58
27.8
27.86
26.84
22.72
17.46
17.3
18.56
17.68
14.72
16.56
19.78
23.32
25.8
21.2
19.04
18.34
15.6
18.52
24.04
22.58
19.0
13.86
13.12
12.12
14.68
19.58
23.1
19.08
21.58
25.98
28.0
28.0
28.4
23.42
19.2
21.22
23.96
24.28
22.82
21.08
22.26
20.36
18.98
21.5
22.06
23.84
22.06
22.86
22.88
21.7
21.72
25.02
24.62
22.52
21.14
24.1
25.44
26.3
27.38
25.22
25.78
26.76
26.42
24.48
22.94
24.76
24.52
25.7
25.22
24.72
25.44
24.1
24.74
27.46
29.56
30.06
29.5
29.36
28.16
26.6
23.24
26.28
24.88
23.28
26.24
24.8
24.78
23.5
19.6
21.42
22.48
22.4
23.38
24.04
27.4
29.24
30.26
31.24
28.5
24.08
27.32
28.28
26.9
23.88
25.26
28.4
26.34
25.44
26.88
28.34
29.14
27.72
28.18
24.9
26.24
26.26
25.5
22.4
25.22
27.22
27.78
26.94
27.5
28.42
29.42
30.08
29.22
30.2
28.02
26.58
24.36
24.14
24.88
26.76
28.62
23.56
25.8
25.58
24.62
25.74
26.86
25.52
25.76
25.32
24.66
26.46
28.04
27.74
26.98
24.62
26.88
26.5
26.22
25.02
26.48
26.28
25.58
24.82
27.22
28.46
23.5
25.3
24.68
25.48
26.5
25.58
25.8
27.12
24.54
26.2
25.24
26.5
28.52
26.52
27.16
27.82
26.48
26.92
24.82
27.46
26.1
24.52
24.4
24.72
24.36
25.2
26.14
26.2
25.32
24.62
24.18
24.54
26.4
28.14
27.7
27.76
25.84
25.74
25.54
26.2
26.64
25.3
25.92
27.32
28.54
28.54
28.54
28.04
27.52
26.38
25.14
24.92
25.44
26.02
24.34
25.42
23.48
22.54
21.56
22.48
24.1
25.32
27.08
26.5
28.44
28.86
29.0
29.34
29.6
28.54
27.82
27.84
28.68
29.0
26.74
26.68
23.48
22.64
22.32
21.82
23.56
25.24
22.92
23.42
26.46
25.22
26.66
26.04
25.36
25.78
25.46
25.4
25.44
26.26
27.44
27.22
23.44
17.78
19.62
21.62
24.22
25.22
26.16
25.36
23.82
24.52
26.16
26.2
16.54
11.68
16.1
19.86
22.88
25.2
22.02
24.34
25.1
23.74
21.28
19.02
22.08
23.42
20.74
14.4
11.64
14.14
16.26
19.12
17.32
11.38
10.94
14.94
21.2
17.04
13.64
13.22
16.3
20.74
23.18
23.6
23.46
24.0
22.36
22.44
22.8
22.54
23.2
17.0
22.2
24.06
23.62
23.06
22.44
22.54
23.16
21.52
19.48
21.52
18.0
14.04
14.88
18.64
20.4
21.02
21.06
21.6
22.46
24.5
24.18
24.52
21.86
13.16
10.66
16.04
20.46
22.46
18.26
18.16
17.64
15.4
14.6
17.34
21.42
25.44
16.04
14.2
11.52
10.82
13.68
15.1
13.46
15.02
18.98
22.72
23.4
20.98
13.46
15.6
21.08
16.48
21.6
22.86
22.82
18.7
20.78
23.94
23.92
23.54
24.04
22.2
19.56
15.2
14.46
18.66
22.86
24.62
26.46
25.6
18.38
11.44
10.72
16.0
19.16
22.9
24.66
25.56
26.58
26.9
26.82
26.54
26.56
27.6
27.12
26.84
25.96
25.5
26.7
29.16
26.2
25.92
26.48
26.16
27.0
29.28
28.68
25.4
28.42
18.38
17.72
20.58
24.76
26.14
24.02
21.7
24.3
26.08
26.82
26.5
28.32
29.78
25.86
27.64
27.18
30.22
28.32
25.34
22.36
23.94
24.7
24.76
24.5
22.8
24.22
28.58
24.14
23.42
24.28
20.38
22.54
26.1
29.2
30.64
30.64
28.02
29.58
26.1
23.72
19.76
22.28
23.66
25.52
25.6
26.0
27.16
23.28
21.08
22.62
23.16
21.12
21.62
23.56
26.0
25.42
23.5
26.06
26.76
25.42
24.76
24.7
26.36
25.64
27.88
27.76
27.52
27.32
27.9
29.86
29.26
25.08
25.04
24.84
26.32
26.2
28.08
26.52
24.6
25.8
24.38
25.9
25.76
29.1
27.22
26.3
26.04
24.98
25.7
27.54
29.34
25.72
25.26
25.06
24.3
25.42
26.68
26.32
25.54
23.86
25.58
26.32
25.94
26.6
27.84
27.32
28.34
28.54
27.54
25.72
25.48
26.22
27.4
25.78
25.56
24.62
26.92
25.86
23.86
24.12
24.18
25.02
24.48
25.16
23.26
20.68
21.52
23.52
25.18
25.98
26.74
27.38
26.36
27.02
25.66
26.1
25.88
26.12
25.1
22.98
22.58
25.08
26.78
25.76
24.72
26.4
26.18
25.54
25.78
25.66
25.5
24.58
23.92
25.62
26.16
24.2
23.18
22.58
25.12
25.66
26.52
27.06
25.72
24.56
25.24
25.16
24.26
25.06
25.74
25.06
25.0
25.9
24.46
23.64
23.44
23.64
23.44
23.08
23.0
24.9
24.68
25.38
26.78
26.18
25.48
26.32
26.3
27.08
25.44
23.86
24.22
23.6
22.22
21.58
22.72
24.44
25.08
25.94
26.56
27.52
27.3
26.32
25.68
18.6
20.4
21.08
23.8
24.56
19.72
20.32
22.88
23.3
23.46
23.5
24.28
24.44
25.64
26.54
23.9
18.86
17.68
14.14
15.06
15.76
16.86
16.98
19.4
20.16
20.28
20.2
19.32
19.2
19.74
18.74
20.76
20.02
21.2
23.18
24.18
23.4
23.08
23.2
22.96
23.52
23.06
22.92
23.76
23.22
14.8
11.46
13.46
16.74
18.66
19.36
20.32
22.18
23.68
23.04
22.36
21.84
14.22
16.6
18.3
20.84
23.32
17.38
10.46
13.7
18.28
21.16
22.16
14.3
12.44
15.74
17.56
18.18
18.92
20.86
17.4
16.6
17.7
20.66
22.76
22.52
21.12
20.66
21.26
22.86
21.88
22.38
19.6
19.08
21.12
21.92
20.48
19.92
20.44
20.82
22.04
22.3
23.3
23.8
24.0
22.48
20.34
19.9
22.2
22.88
24.88
25.02
23.36
19.26
19.94
20.34
17.58
17.9
20.36
23.4
23.52
19.44
17.54
19.02
22.54
25.66
19.16
21.18
21.08
24.94
25.48
25.98
25.72
25.02
25.66
22.48
22.3
24.06
25.32
25.74
25.68
24.4
16.18
17.12
18.94
22.44
25.98
28.04
29.02
17.22
11.86
13.74
19.98
25.48
28.66
30.24
22.32
16.32
18.12
19.5
19.48
20.72
19.58
19.58
17.22
16.5
15.98
18.76
20.38
19.2
22.2
22.82
22.92
23.54
24.34
25.4
23.9
24.46
22.68
19.14
20.04
22.24
22.48
21.22
22.06
23.1
25.46
29.3
30.36
30.16
26.8
26.92
22.14
22.64
24.22
25.9
26.58
28.18
29.36
30.62
28.16
26.24
29.22
24.64
20.66
25.04
24.6
21.82
23.16
22.74
22.92
20.64
23.52
24.34
21.76
25.5
26.42
25.26
24.22
26.7
28.02
26.58
26.04
25.94
25.62
24.94
25.2
25.7
27.56
27.8
27.34
27.06
26.92
27.56
27.38
28.18
28.18
21.56
20.98
22.84
25.54
27.32
30.94
27.96
28.3
25.44
24.6
24.6
23.04
25.84
25.36
26.3
26.16
26.04
28.64
28.56
26.58
27.5
28.86
29.02
27.6
26.2
26.86
28.0
30.62
29.48
28.72
25.32
25.26
23.12
21.06
21.78
24.2
26.74
28.12
29.4
27.0984489877
27.144700473
27.1491183085
26.1859153216
25.9573728162
25.6544551316
25.4302595186
25.2972109202
25.2106052068
25.1629101847
25.1346111728
25.1200127225
25.1117367956
25.1076677112
25.1053944123
25.1043176708
25.1037117566
25.1034346173
25.1032749447
25.1032047446
25.1031627315
25.1031451618
25.1031340664
25.1031297237
25.1031267731
25.103125717
25.1031249248
25.103124674
25.1031244588
25.1031244013
25.103124342
25.1031243296
25.103124313
25.1031243107
25.1031243059
25.1031243056
25.1031243042
25.1031243042
25.1031243038
25.1031243039
25.1031243037
25.1031243038
25.1031243037
25.1031243037
25.1031243037
25.1031243037
25.1031243037
25.1031243037
25.1031243037
25.1031243037
25.1031243037
25.1031243037
25.1031243037
25.1031243037
25.1031243037
25.1031243037
25.1031243037
25.1031243037
25.1031243037
25.1031243037
25.1031243037
25.1031243037
25.1031243037
25.1031243037
25.1031243037
25.1031243037
25.1031243037
25.1031243037
25.1031243037
25.1031243037
25.1031243037
25.1031243037
25.1031243037
25.1031243037
25.1031243037
25.1031243037
25.1031243037
25.1031243037
25.1031243037
25.1031243037
25.1031243037
25.1031243037
25.1031243037
25.1031243037
25.1031243037
25.1031243037
25.1031243037
25.1031243037
25.1031243037
25.1031243037
25.1031243037
25.1031243037
25.1031243037
25.1031243037
25.1031243037
25.1031243037
25.1031243037
25.1031243037
25.1031243037
25.1031243037
25.1031243037
25.1031243037
25.1031243037
25.1031243037
25.1031243037
25.1031243037
25.1031243037
25.1031243037
25.1031243037
25.1031243037
25.1031243037
25.1031243037
25.1031243037
25.1031243037
25.1031243037
25.1031243037
25.1031243037
25.1031243037
25.1031243037
25.1031243037
25.1031243037
25.1031243037
25.1031243037
25.1031243037
25.1031243037
25.1031243037
25.1031243037
25.1031243037
25.1031243037
25.1031243037
25.1031243037
25.1031243037
25.1031243037
25.1031243037
25.1031243037
25.1031243037
25.1031243037
25.1031243037
25.1031243037
25.1031243037
25.1031243037
25.1031243037
25.1031243037
25.1031243037
25.1031243037
25.1031243037
25.1031243037
25.1031243037
25.1031243037
25.1031243037
25.1031243037
25.1031243037
25.1031243037
25.1031243037
25.1031243037
25.1031243037
25.1031243037
25.1031243037
25.1031243037
25.1031243037
25.1031243037
25.1031243037
25.1031243037
25.1031243037
25.1031243037
25.1031243037
25.1031243037
25.1031243037
25.1031243037
25.1031243037
25.1031243037
25.1031243037
25.1031243037
25.1031243037
25.1031243037
25.1031243037
25.1031243037
25.1031243037
25.1031243037
25.1031243037
25.1031243037
25.1031243037
25.1031243037
25.1031243037
25.1031243037
25.1031243037
25.1031243037
25.1031243037
25.1031243037
25.1031243037
25.1031243037
25.1031243037
25.1031243037
25.1031243037
25.1031243037
25.1031243037
25.1031243037
25.1031243037
25.1031243037
25.1031243037
25.1031243037
25.1031243037
25.1031243037
25.1031243037
25.1031243037
25.1031243037
25.1031243037
25.1031243037
25.1031243037
25.1031243037
25.1031243037
25.1031243037
25.1031243037
25.1031243037
25.1031243037
25.1031243037
25.1031243037
25.1031243037
25.1031243037
25.1031243037
25.1031243037
25.1031243037
25.1031243037
25.1031243037
25.1031243037
25.1031243037
25.1031243037
25.1031243037
25.1031243037
25.1031243037
25.1031243037
25.1031243037
25.1031243037
25.1031243037
25.1031243037
25.1031243037
25.1031243037
25.1031243037
25.1031243037
25.1031243037
25.1031243037
25.1031243037
25.1031243037
25.1031243037
25.1031243037
25.1031243037
25.1031243037
25.1031243037
25.1031243037
25.1031243037
25.1031243037
25.1031243037
25.1031243037
25.1031243037
25.1031243037
25.1031243037
25.1031243037
25.1031243037
25.1031243037
25.1031243037
25.1031243037
25.1031243037
25.1031243037
25.1031243037
25.1031243037
25.1031243037
25.1031243037
25.1031243037
25.1031243037
25.1031243037
25.1031243037
25.1031243037
25.1031243037
25.1031243037
25.1031243037
25.1031243037
25.1031243037
25.1031243037
25.1031243037
25.1031243037
25.1031243037
25.1031243037
25.1031243037
25.1031243037
25.1031243037
25.1031243037
25.1031243037
25.1031243037
25.1031243037
25.1031243037
25.1031243037
25.1031243037
25.1031243037
25.1031243037
25.1031243037
25.1031243037
25.1031243037
25.1031243037
25.1031243037
25.1031243037
25.1031243037
25.1031243037
25.1031243037
25.1031243037
25.1031243037
25.1031243037
25.1031243037
25.1031243037
25.1031243037
25.1031243037
25.1031243037
25.1031243037
25.1031243037
25.1031243037
25.1031243037
25.1031243037
25.1031243037
25.1031243037
25.1031243037
25.1031243037
25.1031243037
25.1031243037
25.1031243037
25.1031243037
25.1031243037
25.1031243037
25.1031243037
25.1031243037
25.1031243037
25.1031243037
25.1031243037
25.1031243037
25.1031243037
25.1031243037
25.1031243037
25.1031243037
25.1031243037
25.1031243037
25.1031243037
25.1031243037
25.1031243037
25.1031243037
25.1031243037
25.1031243037
25.1031243037
25.1031243037
25.1031243037
25.1031243037
25.1031243037
25.1031243037
25.1031243037
25.1031243037
25.1031243037
25.1031243037
25.1031243037
25.1031243037
25.1031243037
25.1031243037
25.1031243037
25.1031243037
25.1031243037
25.1031243037
25.1031243037
25.1031243037
25.1031243037
25.1031243037
25.1031243037
25.1031243037
25.1031243037
25.1031243037
25.1031243037
25.1031243037
25.1031243037
25.1031243037
25.1031243037
25.1031243037
25.1031243037
25.1031243037
25.1031243037
25.1031243037
25.1031243037
25.1031243037
25.1031243037
25.1031243037
25.1031243037
25.1031243037
25.1031243037
25.1031243037
25.1031243037
25.1031243037
25.1031243037
25.1031243037
25.1031243037
25.1031243037
25.1031243037
25.1031243037
25.1031243037
25.1031243037
25.1031243037
25.1031243037
25.1031243037
25.1031243037
25.1031243037
25.1031243037
25.1031243037
25.1031243037
25.1031243037
25.1031243037
25.1031243037
25.1031243037
25.1031243037
25.1031243037
25.1031243037
25.1031243037
25.1031243037
25.1031243037
25.1031243037
25.1031243037
25.1031243037
25.1031243037
25.1031243037
25.1031243037
25.1031243037
25.1031243037
25.1031243037
25.1031243037
25.1031243037
25.1031243037
25.1031243037
25.1031243037
25.1031243037
25.1031243037
25.1031243037
25.1031243037
25.1031243037
25.1031243037
25.1031243037
25.1031243037
25.1031243037
25.1031243037
25.1031243037
25.1031243037
25.1031243037
25.1031243037
25.1031243037
25.1031243037
25.1031243037
25.1031243037
25.1031243037
25.1031243037
25.1031243037
25.1031243037
25.1031243037
25.1031243037
25.1031243037
25.1031243037
25.1031243037
25.1031243037
25.1031243037
25.1031243037
25.1031243037
25.1031243037
25.1031243037
25.1031243037
25.1031243037
25.1031243037
25.1031243037
25.1031243037
25.1031243037
25.1031243037
25.1031243037
25.1031243037
25.1031243037
25.1031243037
25.1031243037
25.1031243037
25.1031243037
25.1031243037
25.1031243037
25.1031243037
25.1031243037
25.1031243037
25.1031243037
25.1031243037
25.1031243037
25.1031243037
25.1031243037
25.1031243037
25.1031243037
25.1031243037
25.1031243037
25.1031243037
25.1031243037
25.1031243037
25.1031243037
25.1031243037
25.1031243037
25.1031243037
25.1031243037
25.1031243037
25.1031243037
25.1031243037
25.1031243037
25.1031243037
25.1031243037
25.1031243037
25.1031243037
25.1031243037
25.1031243037
25.1031243037
25.1031243037
25.1031243037
25.1031243037
25.1031243037
25.1031243037
25.1031243037
25.1031243037
25.1031243037
25.1031243037
25.1031243037
25.1031243037
25.1031243037
25.1031243037
25.1031243037
25.1031243037
25.1031243037
25.1031243037
25.1031243037
25.1031243037
25.1031243037
25.1031243037
25.1031243037
25.1031243037
25.1031243037
25.1031243037
25.1031243037
25.1031243037
25.1031243037
25.1031243037
25.1031243037
25.1031243037
25.1031243037
25.1031243037
25.1031243037
25.1031243037
25.1031243037
25.1031243037
25.1031243037
25.1031243037
25.1031243037
25.1031243037
25.1031243037
25.1031243037
25.1031243037
25.1031243037
25.1031243037
25.1031243037
25.1031243037
25.1031243037
25.1031243037
25.1031243037
25.1031243037
25.1031243037
25.1031243037
25.1031243037
25.1031243037
25.1031243037
25.1031243037
25.1031243037
25.1031243037
25.1031243037
25.1031243037
25.1031243037
25.1031243037
25.1031243037
25.1031243037
25.1031243037
25.1031243037
25.1031243037
25.1031243037
25.1031243037
25.1031243037
25.1031243037
25.1031243037
25.1031243037
25.1031243037
25.1031243037
25.1031243037
25.1031243037
25.1031243037
25.1031243037
25.1031243037
25.1031243037
25.1031243037
25.1031243037
25.1031243037
25.1031243037
25.1031243037
25.1031243037
25.1031243037
25.1031243037
25.1031243037
25.1031243037
25.1031243037
25.1031243037
25.1031243037
25.1031243037
25.1031243037
25.1031243037
25.1031243037
25.1031243037
25.1031243037
25.1031243037
25.1031243037
25.1031243037
25.1031243037
25.1031243037
25.1031243037
25.1031243037
25.1031243037
25.1031243037
25.1031243037
25.1031243037
25.1031243037
25.1031243037
25.1031243037
25.1031243037
25.1031243037
25.1031243037
25.1031243037
25.1031243037
25.1031243037
25.1031243037
25.1031243037
25.1031243037
25.1031243037
25.1031243037
25.1031243037
25.1031243037
25.1031243037
25.1031243037
25.1031243037
25.1031243037
25.1031243037
25.1031243037
25.1031243037
25.1031243037
25.1031243037
25.1031243037
25.1031243037
25.1031243037
25.1031243037
25.1031243037
25.1031243037
25.1031243037
25.1031243037
25.1031243037
25.1031243037
25.1031243037
25.1031243037
25.1031243037
25.1031243037
25.1031243037
25.1031243037
25.1031243037
25.1031243037
25.1031243037
25.1031243037
25.1031243037
25.1031243037
25.1031243037
25.1031243037
25.1031243037
25.1031243037
25.1031243037
25.1031243037
25.1031243037
25.1031243037
25.1031243037
25.1031243037
25.1031243037
25.1031243037
25.1031243037
25.1031243037
25.1031243037
25.1031243037
25.1031243037
25.1031243037
25.1031243037
25.1031243037
25.1031243037
25.1031243037
25.1031243037
25.1031243037
25.1031243037
25.1031243037
25.1031243037
25.1031243037
25.1031243037
25.1031243037
25.1031243037
25.1031243037
25.1031243037
25.1031243037
25.1031243037
25.1031243037
25.1031243037
25.1031243037
25.1031243037
25.1031243037
25.1031243037
25.1031243037
25.1031243037
25.1031243037
25.1031243037
25.1031243037
25.1031243037
25.1031243037
25.1031243037
25.1031243037
25.1031243037
25.1031243037
25.1031243037
25.1031243037
25.1031243037
25.1031243037
25.1031243037
25.1031243037
25.1031243037
25.1031243037
25.1031243037
25.1031243037
25.1031243037
25.1031243037
25.1031243037
25.1031243037
25.1031243037
25.1031243037
25.1031243037
25.1031243037
25.1031243037
25.1031243037
25.1031243037
25.1031243037
25.1031243037
25.1031243037
25.1031243037
25.1031243037
25.1031243037
25.1031243037
25.1031243037
25.1031243037
25.1031243037
25.1031243037
25.1031243037
25.1031243037
25.1031243037
25.1031243037
25.1031243037
25.1031243037
25.1031243037
25.1031243037
25.1031243037
25.1031243037
25.1031243037
25.1031243037
25.1031243037
25.1031243037
25.1031243037
25.1031243037
25.1031243037
25.1031243037
25.1031243037
25.1031243037
25.1031243037
25.1031243037
25.1031243037
25.1031243037
25.1031243037
25.1031243037
25.1031243037
25.1031243037
25.1031243037
25.1031243037
25.1031243037
25.1031243037
25.1031243037
25.1031243037
25.1031243037
25.1031243037
25.1031243037
25.1031243037
25.1031243037
25.1031243037
25.1031243037
25.1031243037
25.1031243037
25.1031243037
25.1031243037
25.1031243037
25.1031243037
25.1031243037
25.1031243037
25.1031243037
25.1031243037
25.1031243037
25.1031243037
25.1031243037
25.1031243037
25.1031243037
25.1031243037
25.1031243037
25.1031243037
25.1031243037
25.1031243037
25.1031243037
25.1031243037
25.1031243037
25.1031243037
25.1031243037
25.1031243037
25.1031243037
25.1031243037
25.1031243037
25.1031243037
25.1031243037
25.1031243037
25.1031243037
25.1031243037
25.1031243037
25.1031243037
25.1031243037
25.1031243037
25.1031243037
25.1031243037
25.1031243037
25.1031243037
25.1031243037
25.1031243037
25.1031243037
25.1031243037
25.1031243037
25.1031243037
25.1031243037
25.1031243037
25.1031243037
25.1031243037
25.1031243037
25.1031243037
25.1031243037
25.1031243037
25.1031243037
25.1031243037
25.1031243037
25.1031243037
25.1031243037
25.1031243037
25.1031243037
25.1031243037
25.1031243037
25.1031243037
25.1031243037
25.1031243037
25.1031243037
25.1031243037
25.1031243037
25.1031243037
25.1031243037
25.1031243037
25.1031243037
25.1031243037
25.1031243037
25.1031243037
25.1031243037
25.1031243037
25.1031243037
25.1031243037
25.1031243037
25.1031243037
25.1031243037
25.1031243037
25.1031243037
25.1031243037
25.1031243037
25.1031243037
25.1031243037
25.1031243037
25.1031243037
25.1031243037
25.1031243037
25.1031243037
25.1031243037
25.1031243037
25.1031243037
25.1031243037
25.1031243037
25.1031243037
25.1031243037
25.1031243037
25.1031243037
25.1031243037
25.1031243037
25.1031243037
25.1031243037
25.1031243037
25.1031243037
25.1031243037
25.1031243037
25.1031243037
25.1031243037
25.1031243037
25.1031243037
25.1031243037
25.1031243037
25.1031243037
25.1031243037
25.1031243037
25.1031243037
25.1031243037
25.1031243037
25.1031243037
25.1031243037
25.1031243037
25.1031243037
25.1031243037
25.1031243037
25.1031243037
25.1031243037
25.1031243037
25.1031243037
25.1031243037
25.1031243037
25.1031243037
25.1031243037
25.1031243037
25.1031243037
25.1031243037
25.1031243037
25.1031243037
25.1031243037
25.1031243037
25.1031243037
25.1031243037
25.1031243037
25.1031243037
25.1031243037
25.1031243037
25.1031243037
25.1031243037
25.1031243037
25.1031243037
25.1031243037
25.1031243037
25.1031243037
25.1031243037
25.1031243037
25.1031243037
25.1031243037
25.1031243037
25.1031243037
25.1031243037
25.1031243037
25.1031243037
25.1031243037
25.1031243037
25.1031243037
25.1031243037
25.1031243037
25.1031243037
25.1031243037
25.1031243037
25.1031243037
25.1031243037
25.1031243037
25.1031243037
25.1031243037
25.1031243037
25.1031243037
25.1031243037
25.1031243037
25.1031243037
25.1031243037
25.1031243037
25.1031243037
25.1031243037
25.1031243037
25.1031243037
25.1031243037
25.1031243037
25.1031243037
25.1031243037
25.1031243037
25.1031243037
25.1031243037
25.1031243037
25.1031243037
25.1031243037
25.1031243037
25.1031243037
25.1031243037
25.1031243037
25.1031243037
25.1031243037
25.1031243037
25.1031243037
25.1031243037
25.1031243037
25.1031243037
25.1031243037
25.1031243037
25.1031243037
25.1031243037
25.1031243037
25.1031243037
25.1031243037
25.1031243037
25.1031243037
25.1031243037
25.1031243037
25.1031243037
25.1031243037
25.1031243037
25.1031243037
25.1031243037
25.1031243037
25.1031243037
25.1031243037
25.1031243037
25.1031243037
25.1031243037
25.1031243037
25.1031243037
25.1031243037
25.1031243037
25.1031243037
25.1031243037
25.1031243037
25.1031243037
25.1031243037
25.1031243037
25.1031243037
25.1031243037
25.1031243037
25.1031243037
25.1031243037
25.1031243037
25.1031243037
25.1031243037
25.1031243037
25.1031243037
25.1031243037
25.1031243037
25.1031243037
25.1031243037
25.1031243037
25.1031243037
25.1031243037
25.1031243037
25.1031243037
25.1031243037
25.1031243037
25.1031243037
25.1031243037
25.1031243037
25.1031243037
25.1031243037
25.1031243037
25.1031243037
25.1031243037
25.1031243037
25.1031243037
25.1031243037
25.1031243037
25.1031243037
25.1031243037
25.1031243037
25.1031243037
25.1031243037
25.1031243037
25.1031243037
25.1031243037
25.1031243037
25.1031243037
25.1031243037
25.1031243037
25.1031243037
25.1031243037
25.1031243037
25.1031243037
25.1031243037
25.1031243037
25.1031243037
25.1031243037
25.1031243037
25.1031243037
25.1031243037
25.1031243037
25.1031243037
25.1031243037
25.1031243037
25.1031243037
25.1031243037
25.1031243037
25.1031243037
25.1031243037
25.1031243037
25.1031243037
25.1031243037
25.1031243037
25.1031243037
25.1031243037
25.1031243037
25.1031243037
25.1031243037
25.1031243037
25.1031243037
25.1031243037
25.1031243037
25.1031243037
25.1031243037
25.1031243037
25.1031243037
25.1031243037
25.1031243037
25.1031243037
25.1031243037
25.1031243037
25.1031243037
25.1031243037
25.1031243037
25.1031243037
25.1031243037
25.1031243037
25.1031243037
25.1031243037
25.1031243037
25.1031243037
25.1031243037
25.1031243037
25.1031243037
25.1031243037
25.1031243037
25.1031243037
25.1031243037
25.1031243037
25.1031243037
25.1031243037
25.1031243037
25.1031243037
25.1031243037
25.1031243037
25.1031243037
25.1031243037
25.1031243037
25.1031243037
25.1031243037
25.1031243037
25.1031243037
25.1031243037
25.1031243037
25.1031243037
25.1031243037
25.1031243037
25.1031243037
25.1031243037
25.1031243037
25.1031243037
25.1031243037
25.1031243037
25.1031243037
25.1031243037
25.1031243037
25.1031243037
25.1031243037
25.1031243037
25.1031243037
25.1031243037
25.1031243037
25.1031243037
25.1031243037
25.1031243037
25.1031243037
25.1031243037
25.1031243037
25.1031243037
25.1031243037
25.1031243037
25.1031243037
25.1031243037
25.1031243037
25.1031243037
25.1031243037
25.1031243037
25.1031243037
25.1031243037
25.1031243037
25.1031243037
25.1031243037
25.1031243037
25.1031243037
25.1031243037
25.1031243037
25.1031243037
25.1031243037
25.1031243037
25.1031243037
25.1031243037
25.1031243037
25.1031243037
25.1031243037
25.1031243037
25.1031243037
25.1031243037
25.1031243037
25.1031243037
25.1031243037
25.1031243037
25.1031243037
25.1031243037
25.1031243037
25.1031243037
25.1031243037
25.1031243037
25.1031243037
25.1031243037
25.1031243037
25.1031243037
25.1031243037
25.1031243037
25.1031243037
25.1031243037
25.1031243037
25.1031243037
25.1031243037
25.1031243037
25.1031243037
25.1031243037
25.1031243037
25.1031243037
25.1031243037
25.1031243037
25.1031243037
25.1031243037
25.1031243037
25.1031243037
25.1031243037
25.1031243037
25.1031243037
25.1031243037
25.1031243037
25.1031243037
25.1031243037
25.1031243037
25.1031243037
25.1031243037
25.1031243037
25.1031243037
25.1031243037
25.1031243037
25.1031243037
25.1031243037
25.1031243037
25.1031243037
25.1031243037
25.1031243037
25.1031243037
25.1031243037
25.1031243037
25.1031243037
25.1031243037
25.1031243037
25.1031243037
25.1031243037
25.1031243037
25.1031243037
25.1031243037
25.1031243037
18.84
23.2518274607
20.6057351262
23.411063268
21.991327694
23.8985927243
23.3790530711
24.6314551331
24.4429353797
25.0518166532
24.9157000507
25.1270401819
25.0526572109
25.1186682728
25.0883828319
25.1095338967
25.0984662705
25.1054777128
25.1015869478
25.1039545486
25.1026066918
25.1034127648
25.1029485111
25.1032238987
25.1030643675
25.1031585922
25.1031038293
25.1031360912
25.1031173021
25.1031283525
25.1031219078
25.1031256936
25.1031234835
25.1031247807
25.1031240228
25.1031244673
25.1031242075
25.1031243598
25.1031242707
25.103124323
25.1031242924
25.1031243103
25.1031242998
25.103124306
25.1031243024
25.1031243045
25.1031243033
25.103124304
25.1031243036
25.1031243038
25.1031243037
25.1031243037
25.1031243037
25.1031243037
25.1031243037
25.1031243037
25.1031243037
25.1031243037
25.1031243037
25.1031243037
25.1031243037
25.1031243037
25.1031243037
25.1031243037
25.1031243037
25.1031243037
25.1031243037
25.1031243037
25.1031243037
25.1031243037
25.1031243037
25.1031243037
25.1031243037
25.1031243037
25.1031243037
25.1031243037
25.1031243037
25.1031243037
25.1031243037
25.1031243037
25.1031243037
25.1031243037
25.1031243037
25.1031243037
25.1031243037
22.6
23.32
24.24
27.32
29.64
29.68
29.44
23.34
20.8
19.68
22.16
23.8
25.08
25.2430717875
25.361626322
25.2083231035
25.1957577372
25.136806243
25.1310093885
25.1121822873
25.1110804372
25.1053373665
25.1053573576
25.1036219736
25.103752722
25.1032242253
25.1033033894
25.1031400149
25.103176244
25.1031248886
25.1031396702
25.1031232677
25.1031289441
25.1031236308
25.1031257333
25.1031239914
25.1031247524
25.1031241757
25.1031244469
25.1031242545
25.1031243501
25.1031242854
25.1031243189
25.1031242971
25.1031243087
25.1031243014
25.1031243054
25.1031243029
25.1031243043
25.1031243034
25.1031243039
25.1031243036
25.1031243038
25.1031243037
25.1031243037
25.1031243037
25.1031243037
25.1031243037
25.1031243037
25.1031243037
25.1031243037
25.1031243037
25.1031243037
25.1031243037
25.1031243037
25.1031243037
25.1031243037
25.1031243037
25.1031243037
25.1031243037
25.1031243037
25.1031243037
25.1031243037
25.1031243037
25.1031243037
25.1031243037
25.1031243037
25.1031243037
25.1031243037
25.1031243037
25.1031243037
25.1031243037
25.1031243037
25.1031243037
25.1031243037
25.1031243037
25.1031243037
25.1031243037
25.1031243037
25.1031243037
25.1031243037
25.1031243037
25.1031243037
25.1031243037
25.1031243037
25.1031243037
25.1031243037
25.1031243037
25.1031243037
25.1031243037
25.1031243037
25.1031243037
25.1031243037
25.1031243037
25.1031243037
25.1031243037
25.1031243037
25.1031243037
25.1031243037
25.1031243037
25.1031243037
25.1031243037
25.1031243037
25.1031243037
25.1031243037
25.1031243037
25.1031243037
25.1031243037
25.1031243037
25.1031243037
25.1031243037
25.1031243037
25.1031243037
25.1031243037
25.1031243037
25.1031243037
25.1031243037
25.1031243037
25.1031243037
25.1031243037
25.1031243037
25.1031243037
25.1031243037
25.1031243037
25.1031243037
25.1031243037
25.1031243037
25.1031243037
25.1031243037
25.1031243037
25.1031243037
25.1031243037
25.1031243037
25.1031243037
25.1031243037
25.1031243037
25.1031243037
25.1031243037
25.1031243037
25.1031243037
25.1031243037
25.1031243037
25.1031243037
25.1031243037
25.1031243037
25.1031243037
25.1031243037
25.1031243037
25.1031243037
25.1031243037
25.1031243037
25.1031243037
25.1031243037
25.1031243037
25.1031243037
25.1031243037
25.1031243037
25.1031243037
25.1031243037
25.1031243037
25.1031243037
25.1031243037
25.1031243037
25.1031243037
25.1031243037
25.1031243037
25.1031243037
25.1031243037
25.1031243037
25.1031243037
25.1031243037
25.1031243037
25.1031243037
25.1031243037
25.1031243037
25.1031243037
25.1031243037
25.1031243037
25.1031243037
25.1031243037
25.1031243037
25.1031243037
25.1031243037
25.1031243037
25.1031243037
25.1031243037
25.1031243037
25.1031243037
25.1031243037
25.1031243037
25.1031243037
25.1031243037
25.1031243037
25.1031243037
25.1031243037
25.1031243037
25.1031243037
25.1031243037
25.1031243037
25.1031243037
25.1031243037
25.1031243037
25.1031243037
25.1031243037
25.1031243037
25.1031243037
25.1031243037
25.1031243037
25.1031243037
25.1031243037
25.1031243037
25.1031243037
25.1031243037
25.1031243037
25.1031243037
25.1031243037
25.1031243037
25.1031243037
25.1031243037
25.1031243037
25.1031243037
25.1031243037
25.1031243037
25.1031243037
25.1031243037
25.1031243037
25.1031243037
25.1031243037
25.1031243037
25.1031243037
25.1031243037
25.1031243037
25.1031243037
25.1031243037
25.1031243037
25.1031243037
25.1031243037
25.1031243037
25.1031243037
25.1031243037
25.1031243037
25.1031243037
25.1031243037
25.1031243037
25.1031243037
25.1031243037
25.1031243037
25.1031243037
25.1031243037
25.1031243037
25.1031243037
25.1031243037
25.1031243037
25.1031243037
25.1031243037
25.1031243037
25.1031243037
25.1031243037
25.1031243037
25.1031243037
25.1031243037
25.1031243037
25.1031243037
25.1031243037
25.1031243037
25.1031243037
25.1031243037
25.1031243037
25.1031243037
25.1031243037
25.1031243037
25.1031243037
25.1031243037
25.1031243037
25.1031243037
25.1031243037
25.1031243037
25.1031243037
25.1031243037
25.1031243037
25.1031243037
25.1031243037
25.1031243037
25.1031243037
25.1031243037
25.1031243037
25.1031243037
25.1031243037
25.1031243037
25.1031243037
25.1031243037
25.1031243037
25.1031243037
25.1031243037
25.1031243037
25.1031243037
25.1031243037
25.1031243037
25.1031243037
25.1031243037
25.1031243037
25.1031243037
25.1031243037
25.1031243037
25.1031243037
25.1031243037
25.1031243037
25.1031243037
25.1031243037
25.1031243037
25.1031243037
25.1031243037
25.1031243037
25.1031243037
25.1031243037
25.1031243037
25.1031243037
25.1031243037
25.1031243037
25.1031243037
25.1031243037
25.1031243037
25.1031243037
25.1031243037
25.1031243037
25.1031243037
25.1031243037
25.1031243037
25.1031243037
25.1031243037
25.1031243037
25.1031243037
25.1031243037
25.1031243037
25.1031243037
25.1031243037
25.1031243037
25.1031243037
25.1031243037
25.1031243037
25.1031243037
25.1031243037
25.1031243037
25.1031243037
25.1031243037
25.1031243037
25.1031243037
25.1031243037
25.1031243037
25.1031243037
25.1031243037
25.1031243037
25.1031243037
25.1031243037
25.1031243037
25.1031243037
25.1031243037
25.1031243037
25.1031243037
25.1031243037
25.1031243037
25.1031243037
25.1031243037
25.1031243037
25.1031243037
25.1031243037
25.1031243037
25.1031243037
25.1031243037
25.1031243037
25.1031243037
25.1031243037
25.1031243037
25.1031243037
25.1031243037
25.1031243037
25.1031243037
25.1031243037
25.1031243037
25.1031243037
25.1031243037
25.1031243037
25.1031243037
25.1031243037
25.1031243037
25.1031243037
25.1031243037
25.1031243037
25.1031243037
25.1031243037
25.1031243037
25.1031243037
25.1031243037
25.1031243037
25.1031243037
25.1031243037
25.1031243037
25.1031243037
25.1031243037
25.1031243037
25.1031243037
25.1031243037
25.1031243037
25.1031243037
25.1031243037
25.1031243037
25.1031243037
25.1031243037
25.1031243037
25.1031243037
25.1031243037
25.1031243037
25.1031243037
25.1031243037
25.1031243037
25.1031243037
25.1031243037
25.1031243037
25.1031243037
25.1031243037
25.1031243037
25.1031243037
25.1031243037
25.1031243037
25.1031243037
25.1031243037
25.1031243037
25.1031243037
25.1031243037
25.1031243037
25.1031243037
25.1031243037
25.1031243037
25.1031243037
25.1031243037
25.1031243037
25.1031243037
25.1031243037
25.1031243037
25.1031243037
25.1031243037
25.1031243037
25.1031243037
25.1031243037
25.1031243037
25.1031243037
25.1031243037
25.1031243037
25.1031243037
25.1031243037
25.1031243037
25.1031243037
25.1031243037
25.1031243037
25.1031243037
25.1031243037
25.1031243037
25.1031243037
25.1031243037
25.1031243037
25.1031243037
25.1031243037
25.1031243037
25.1031243037
25.1031243037
25.1031243037
25.1031243037
25.1031243037
25.1031243037
25.1031243037
25.1031243037
25.1031243037
25.1031243037
25.1031243037
25.1031243037
25.1031243037
25.1031243037
25.1031243037
25.1031243037
25.1031243037
25.1031243037
25.1031243037
25.1031243037
25.1031243037
25.1031243037
25.1031243037
25.1031243037
25.1031243037
25.1031243037
25.1031243037
25.1031243037
25.1031243037
25.1031243037
25.1031243037
25.1031243037
25.1031243037
25.1031243037
25.1031243037
25.1031243037
25.1031243037
25.1031243037
25.1031243037
25.1031243037
25.1031243037
25.1031243037
25.1031243037
25.1031243037
25.1031243037
25.1031243037
25.1031243037
25.1031243037
25.1031243037
25.1031243037
25.1031243037
25.1031243037
25.1031243037
25.1031243037
25.1031243037
25.1031243037
25.1031243037
25.1031243037
25.1031243037
25.1031243037
25.1031243037
25.1031243037
25.1031243037
25.1031243037
25.1031243037
25.1031243037
25.1031243037
25.1031243037
25.1031243037
25.1031243037
25.1031243037
25.1031243037
25.1031243037
25.1031243037
25.1031243037
25.1031243037
25.1031243037
25.1031243037
25.1031243037
25.1031243037
25.1031243037
25.1031243037
25.1031243037
25.1031243037
25.1031243037
25.1031243037
25.1031243037
25.1031243037
25.1031243037
25.1031243037
25.1031243037
25.1031243037
25.1031243037
25.1031243037
25.1031243037
25.1031243037
25.1031243037
25.1031243037
25.1031243037
25.1031243037
25.1031243037
25.1031243037
25.1031243037
25.1031243037
25.1031243037
25.1031243037
25.1031243037
25.1031243037
25.1031243037
25.1031243037
25.1031243037
25.1031243037
25.1031243037
25.1031243037
25.1031243037
25.1031243037
25.1031243037
25.1031243037
25.1031243037
25.1031243037
25.1031243037
25.1031243037
25.1031243037
25.1031243037
25.1031243037
25.1031243037
25.1031243037
25.1031243037
25.1031243037
25.1031243037
25.1031243037
25.1031243037
25.1031243037
25.1031243037
25.1031243037
25.1031243037
25.1031243037
25.1031243037
25.1031243037
25.1031243037
25.1031243037
25.1031243037
25.1031243037
25.1031243037
25.1031243037
25.1031243037
25.1031243037
25.1031243037
25.1031243037
25.1031243037
25.1031243037
25.1031243037
25.1031243037
25.1031243037
25.1031243037
25.1031243037
25.1031243037
25.1031243037
25.1031243037
25.1031243037
25.1031243037
25.1031243037
25.1031243037
