1.00739899104
1.00739471042
1.00738636322
1.00737413143
1.0073581676
1.00733859725
1.00731552099
1.00728901639
1.00725913962
1.00722592694
1.00718939592
1.00714954664
1.00710636257
1.00705981146
1.00700984601
1.00695640449
1.00689941121
1.00683877689
1.00677439903
1.00670616204
1.00663393746
1.00655758396
1.00647694742
1.00639186077
1.00630214396
1.00620760371
1.00610803329
1.00600321226
1.00589290606
1.00577686565
1.00565482706
1.00552651087
1.00539162168
1.00524984748
1.005100859
1.004944309
1.00477983153
1.00460704108
1.0044255317
1.00423487609
1.00403462459
1.00382430411
1.00360341698
1.0033714398
1.00312782213
1.00287198509
1.00260332001
1.0023211868
1.00202491239
1.00171378895
1.00138707207
1.00104397879
1.00068368549
1.00030532568
0.999907987611
0.999490711741
0.999052487995
0.998592252873
0.998108886327
0.99760120842
0.997067975744
0.996507877564
0.995919531682
0.995301479984
0.994652183651
0.993970018003
0.993253266953
0.992500117041
0.991708651019
0.990876840971
0.990002540938
0.98908347905
0.988117249143
0.987101301897
0.986032935512
0.984909285997
0.983727317178
0.98248381058
0.981175355419
0.979798339042
0.978348938253
0.976823112159
0.975216597358
0.973524906567
0.971743332123
0.969866956243
0.967890670413
0.965809207004
0.963617186938
0.961309188224
0.958879841253
0.956323957955
0.953636703199
0.950813818011
0.947851905083
0.94474878725
0.941503948607
0.938119064719
0.934598621965
0.930950614738
0.927187291368
0.923325893573
0.919389299183
0.915406435137
0.911412282727
0.907447261528
0.903555772418
0.899783731644
0.896175067144
0.892767394158
0.889587424431
0.886647019369
0.883941032043
0.881448015945
0.879134367381
0.876961519965
0.874894663651
0.872910569598
0.871001961907
0.869176759036
0.867452234699
0.865846078545
0.864367624625
0.863012534845
0.861762916274
0.860592758996
0.859476556883
0.858397761887
0.857353699041
0.856354731991
0.855417546834
0.854554897069
0.853766162043
0.853033457318
0.852325903217
0.851610393877
0.850863078849
0.850074901007
0.849248335915
0.848388680651
0.847497102218
0.846570897685
0.845610219184
0.844624680428
0.843632595063
0.842651454686
0.841686796228
0.840729934703
0.839767511542
0.838793031783
0.837807840841
0.836812318525
0.835801023488
0.834769203432
0.833720502563
0.832663075674
0.831599388174
0.830526319834
0.829445557867
0.828365585289
0.827291566102
0.826222146007
0.825157139778
0.824097574174
0.823038793093
0.821975924557
0.820912095831
0.81985145447
0.818795330122
0.817747392027
0.816708302839
0.815674394153
0.814645925169
0.813622373825
0.812602042897
0.811585296462
0.810569400708
0.80955416866
0.808539143525
0.80752251652
0.806502556996
0.80547650265
0.804444488379
0.803405246469
0.802357461743
0.801298223793
0.800226691765
0.799142501423
0.798045043352
0.79693415714
0.79580939236
0.79467046326
0.793517344542
0.79235077666
0.791171373627
0.789978552282
0.78877161549
0.787549618637
0.786311149997
0.785054579115
0.783777479734
0.782480006582
0.781181115056
0.780113088182
0.78215982138
0.820030907414
0.795392063934
0.798552617522
0.782244809822
0.783262508757
0.78592863645
0.821625774381
0.776127073895
0.881661944572
0.801045319737
0.840753638892
0.781796822215
0.818988324403
0.824453492574
0.770079417914
0.818670534762
0.826837013641
0.785167308093
0.765339535063
0.810777529695
0.792980750225
0.759093356857
0.780220100805
0.793423585428
0.775650848543
0.757822706891
0.776775681479
0.774419807876
0.756799042538
0.767875744751
0.771355988808
0.758750922479
0.759521006944
0.767186403163
0.756304999347
0.758290590415
0.762708562209
0.755899225754
0.755784824028
0.759269226049
0.753358073988
0.75586852043
0.756027103712
0.752206233945
0.754906017408
0.752888063138
0.75204443002
0.753293193993
0.750707370517
0.751985919387
0.750618681691
0.750338856053
0.750385044923
0.749046365751
0.749681402887
0.748223200101
0.748702153971
0.74748080904
0.747762728843
0.746686522135
0.746788037476
0.745851279211
0.745872051829
0.74493410456
0.744880037157
0.744017683283
0.743801542361
0.743204098543
0.742533411273
0.742265201627
0.741561372117
0.740819627671
0.740400426518
0.739950289686
0.7392540737
0.738532617404
0.737842909553
0.737470603093
0.738271852805
0.745328114195
0.763396702016
0.853349712676
0.815103021803
0.874360698644
0.740965589727
0.806420743055
0.812253150544
0.737809607895
0.830666259068
0.745599809142
0.762484686505
0.799284250287
0.78442493606
0.745081527849
0.758151722756
0.763632189589
0.727445047345
0.752248549925
0.7595369273
0.735787996581
0.739444080978
0.740066102038
0.727039078909
0.740477481388
0.739225424135
0.725640248132
0.73249031498
0.726671503905
0.728624828141
0.731844085446
0.721971171674
0.727002032458
0.723307056689
0.724635478253
0.72483251737
0.719461537752
0.723877254701
0.719532999029
0.722018440399
0.718473276743
0.720090748419
0.71829848546
0.718651253473
0.717163913798
0.717534272594
0.716186917163
0.716510922835
0.714851808993
0.715824131406
0.713666131364
0.714360677232
0.712774061739
0.712948425391
0.712160156811
0.711169540025
0.711475283276
0.710176722406
0.709452916534
0.709557914662
0.708620934091
0.707436818393
0.70703841459
0.707037359223
0.706907040464
0.70773633805
0.708588468831
0.713559138713
0.71420401982
0.727358165738
0.716370950558
0.729598946586
0.720578885111
0.757938185337
0.704598911809
0.837057702114
0.747941893315
0.793489392157
0.718406351323
0.770604845518
0.767696669879
0.710649410983
0.774952150205
0.770973876844
0.704901755193
0.727196964986
0.746372204328
0.691287235017
0.728215316472
0.746217226599
0.719797770591
0.691261232875
0.720465465358
0.735606510002
0.697845415141
0.692744337223
0.714353734221
0.715205241307
0.694708812562
0.68914183705
0.705996461341
0.696849408555
0.686396499217
