27.72
27.44
26.94
28.3
27.72
27.46
27.14
27.1331647257
27.0124170004
27.72
27.68
27.2
26.62
26.86
26.52
27.34
27.54
27.16
27.58
27.6
27.68
28.06
26.56
26.84
27.54
27.14
27.68
27.6
27.28
26.96
27.92
26.96
27.62
27.32
27.7
27.76
27.12
27.0
27.74
27.64
27.6
27.7
27.72
26.82
28.26
27.9
27.54
27.56
27.42
27.6
27.16
26.96
27.32
27.4
27.12
27.14
27.12
27.04
26.98
27.24
27.58
27.5
27.2
27.16
27.46
27.66
27.54
27.22
27.34
27.86
27.66
27.72
27.04
27.04
27.56
27.6
27.68
27.42
27.98
28.0
27.98
27.46
27.2
27.78
28.02
28.64
28.16
28.78
28.1
28.56
28.82
28.36
28.54
28.82
28.76
28.42
27.84
27.38
27.8
27.76
27.26
27.44
27.8
27.52
27.94
27.8
27.28
26.9
24.8
24.9
26.58
25.42
27.34
26.88
27.8
27.44
27.78
28.0
26.72
26.9503161663
26.7795516223
26.34
27.4
26.34
26.58
27.02
27.4
27.04
27.66
27.42
27.1
26.48
27.54
27.64
27.62
27.46
27.78
27.74
28.26
27.14
26.78
26.9
26.36
26.76
25.98
25.84
26.16
26.84
27.16
27.38
26.6
27.1
27.48
27.18
27.04
27.18
26.8
27.16
27.28
27.48
26.76
27.34
27.12
27.02
27.32
27.14
27.2
27.64
27.0
27.4
26.78
26.62
26.88
27.74
26.48
26.26
26.76
26.1
26.86
25.62
25.48
24.76
25.84
25.88
26.46
26.14
26.9
27.18
26.16
25.76
26.62
26.74
26.56
26.96
27.12
27.1
27.52
27.84
26.56
26.52
26.16
27.28
27.6
26.94
26.38
27.34
26.14
26.72
25.94
27.18
26.14
26.74
26.02
27.68
26.86
26.5
25.68
26.56
27.38
27.78
26.56
27.2
26.54
26.88
25.46
26.08
25.72
27.0
28.28
25.96
27.46
25.22
27.12
25.0
25.26
26.6
26.9
25.34
26.38
26.92
27.74
27.02
26.98
26.46
26.36
26.46
25.84
26.84
27.0
27.6
27.06
27.08
27.18
27.32
27.18
27.26
27.32
26.44
27.3
26.96
26.64
27.28
27.3
27.2
27.3
27.12
27.26
27.04
27.3
27.28
26.54
26.84
26.96
27.3
27.18
27.0
27.34
27.48
27.78
27.36
26.78
27.28
28.3
27.96
26.92
26.7
27.66
27.82
27.22
27.4
27.78
27.44
27.58
27.32
27.38
27.4
27.44
27.2820024054
27.46
27.5
27.22
27.32
27.14
27.18
26.9
26.76
26.26
26.86
26.54
26.3
26.48
25.4
26.3
27.1
27.56
27.48
26.7
27.74
27.76
27.7
27.96
27.34
28.08
27.76
26.78
26.56
26.36
26.84
27.62
27.86
27.64
27.76
29.0
28.04
27.18
27.52
27.08
27.46
28.06
27.7
28.26
27.66
27.2
26.92
26.84
27.14
28.66
28.42
28.06
27.64
27.68
27.64
27.8
27.74
28.46
25.72
27.02
28.06
27.98
27.5
26.98
27.64
28.2
28.34
27.88
27.06
27.02
26.78
27.14
28.14
28.52
27.78
28.38
28.16
27.36
28.06
28.12
28.2
28.3
27.62
28.0
28.58
27.1
27.42
27.98
28.14
28.96
28.52
28.3
28.02
28.26
27.96
28.48
29.0
29.44
28.32
28.16
28.68
26.42
26.6
27.1
27.38
27.5
26.8
27.0
27.02
27.34
28.2
27.8
26.26
27.08
27.24
26.9
27.64
28.16
27.56
27.44
27.76
26.74
27.82
27.3
26.3
25.16
26.8
25.36
24.98
25.5
26.54
26.4
25.24
25.04
27.24
25.08
26.64
26.7
27.02
26.02
25.04
25.56
26.7
26.2
26.64
26.2
26.42
25.76
26.5
26.52
26.2
27.08
26.84
25.68
25.66
26.18
26.06
25.56
26.0
24.92
25.76
25.62
25.6
25.74
25.74
25.82
26.0
26.06
25.72
25.1
26.1
25.48
25.5
25.38
25.36
25.3
25.18
25.46
24.58
24.7
25.94
25.18
24.06
25.0
26.22
25.54
25.38
25.46
25.58
24.9
25.68
24.94
25.76
25.34
25.32
24.66
24.26
25.0
25.0
25.12
24.66
25.6
25.04
25.24
26.04
26.46
26.02
25.8
26.96
26.3
25.28
25.44
25.54
26.0
25.84
25.74
25.04
24.86
26.6
24.82
24.76
24.88
24.32
25.34
26.06
25.88
25.36
25.22
26.14
25.74
24.58
24.84
26.14
26.84
26.92
26.66
25.78
26.04
25.88
26.08
26.44
25.5
26.76
26.76
26.46
26.74
26.9
26.7
26.54
26.9
25.46
26.88
26.78
26.7
26.46
25.6
26.56
27.86
27.1
26.32
26.12
26.9
26.7
27.46
27.02
26.82
26.88
26.8
26.86
26.34
27.3
27.42
27.82
27.44
27.44
27.3
27.16
27.22
27.68
27.14
27.16
27.56
27.88
27.56
26.8
26.82
27.04
27.54
27.64
27.58
28.06
27.68
28.52
27.24
27.88
27.76
27.72
27.72
27.94
27.68
26.4
27.1
27.52
27.28
26.28
26.3093750553
27.56
26.88
27.48
27.68
27.42
28.02
27.88
27.7
27.92
28.32
27.64
27.46
28.06
27.68
27.92
26.26
26.52
26.54
26.74
25.46
26.3
25.74
24.38
25.06
25.92
26.26
26.06
26.92
27.0
26.16
25.76
26.14
26.18
26.32
26.28
25.66
25.52
26.14
25.8
25.12
26.0
26.36
27.1
26.34
26.72
27.06
26.42
27.32
26.94
27.14
26.6
26.46
26.26
26.16
26.52
26.06
26.96
25.64
25.88
25.86
25.94
25.86
26.22
25.72
25.76
26.04
25.64
25.32
26.06
26.14
25.58
25.72
26.18
25.96
26.18
25.98
25.84
26.54
25.54
25.84
25.7
26.12
25.58
26.08
25.9
26.64
24.76
25.5
25.38
25.98
26.24
26.12
25.96
25.68
25.66
25.38
25.64
25.0
25.22
25.94
25.78
26.26
25.98
25.04
25.02
25.22
25.16
24.12
24.6
25.06
24.62
24.04
25.16
25.14
24.74
25.2
24.98
25.56
24.86
24.6
25.78
26.1
25.66
25.32
25.18
25.08
25.6
25.08
25.7
24.96
24.9
26.02
25.2
24.38
25.44
25.62
24.84
25.16
25.44
25.48
25.32
25.66
25.06
25.94
25.86
25.76
25.68
26.1
25.48
26.54
26.2
26.2
25.86
26.62
26.32
25.7
26.14
26.46
26.12
25.8
26.36
26.34
25.98
25.46
26.92
27.06
27.6
27.12
26.7
26.18
26.66
26.88
27.82
26.86
26.88
25.32
26.62
25.92
26.88
26.54
26.76
27.16
26.6
27.22
26.68
27.12
26.98
27.94
27.26
27.72
28.16
27.96
27.72
27.08
25.7
26.38
26.74
26.86
28.68
27.3
27.52
27.48
27.84
27.32
27.92
28.26
27.66
27.68
27.36
27.14
26.92
28.2
28.22
27.74
28.26
27.96
27.64
27.9409589231
27.9141757951
27.8369355477
27.9153902161
23.8
23.8
24.720335831
24.1
23.8
24.3
24.2
26.0727232213
26.583842153
26.188096255
23.6
25.0887347445
23.6
25.9678761982
23.7
24.0
24.5
24.0
23.7
25.6113563033
23.6
23.9
25.061505541
26.4635581079
26.3386682882
27.48
28.04
28.12
28.26
28.28
28.1
28.38
27.38
27.28
28.64
28.52
28.18
29.22
28.86
28.22
28.38
28.42
27.7
27.24
27.4
28.36
27.96
28.18
27.34
28.46
28.38
27.78
28.02
27.96
27.94
28.08
28.58
27.82
27.02
27.76
27.16
27.72
27.64
28.6
28.1
27.8
27.9
27.14
27.24
27.9
28.58
27.7
27.66
28.72
28.82
28.46
26.92
25.36
26.54
26.98
26.78
25.22
25.02
25.34
24.52
26.42
25.7
26.6
27.18
27.06
27.66
26.4
25.98
24.42
25.78
26.5
26.7
26.0
26.78
24.96
24.76
25.96
26.48
26.68
26.42
26.1
26.9
26.22
26.68
25.54
26.28
26.5
25.58
25.46
26.4
26.5
26.76
26.76
26.34
25.42
25.94
26.32
26.82
26.06
25.94
25.14
24.8
24.24
24.0
24.1
24.36
25.86
25.78
24.56
24.46
25.24
25.76
25.04
24.98
24.98
24.72
24.84
24.56
25.3
25.36
25.1
26.92
25.0
26.36
25.98
26.08
25.86
25.82
26.32
26.64
25.88
24.88
26.0
26.82
26.06
26.22
26.22
25.98
26.5
26.1
26.42
26.3
26.38
26.5
26.48
25.48
26.48
25.94
25.62
26.42
26.28
26.58
26.58
27.54
27.0
26.3
26.84
27.14
27.24
26.94
26.82
26.82
26.12
26.08
26.14
26.88
26.22
26.36
26.38
25.56
26.24
26.76
26.44
26.42
26.88
26.6
27.5
27.34
27.46
26.86
27.22
27.38
27.16
26.12
26.24
27.28
27.68
26.98
26.86
26.04
26.06
25.96
26.8
27.4
26.32
26.14
26.92
25.84
26.2
25.2
25.74
26.96
26.92
26.68
26.56
27.06
27.4
26.28
27.22
28.02
27.82
27.56
27.08
27.52
26.58
27.02
27.04
27.36
27.34
26.52
27.38
27.34
26.76
26.7
27.66
26.6
25.48
25.94
26.46
27.04
27.1
27.48
27.5
28.34
27.06
26.88
27.02
27.76
27.82
26.58
27.7
27.42
27.26
28.1
27.26
27.18
27.32
28.06
28.32
25.64
27.06
27.98
27.14
27.22
27.48
27.86
28.38
27.84
28.22
28.12
28.34
28.06
28.02
28.52
28.38
27.96
28.26
27.24
27.3
27.66
28.06
28.26
27.84
26.5
26.98
27.06
27.9
27.54
27.78
28.14
28.02
26.76
27.34
27.24
28.0
28.34
26.96
27.86
26.64
26.62
26.76
27.84
27.12
26.8
25.72
26.82
27.44
27.9
27.46
27.94
28.3
28.28
27.74
27.96
28.22
26.28
25.5
26.62
27.14
27.54
25.84
26.12
25.94
23.86
24.98
25.34
26.08
24.32
25.1
24.3
26.14
26.92
26.68
26.66
26.44
26.64
26.28
26.72
26.88
26.3
26.44
25.54
26.22
25.78
26.66
26.14
26.12
26.48
26.94
26.44
27.1
26.84
27.24
27.16
26.2
26.18
25.66
24.74
25.94
26.54
26.84
26.98
27.22
26.84
25.72
26.44
27.6
26.22
26.14
26.76
26.36
26.2
26.62
25.9
24.94
25.88
25.92
26.42
26.32
26.1
26.64
25.7
26.1
26.5
25.56
25.26
25.88
24.98
26.34
25.18
25.7
26.12
25.44
25.66
26.2
26.08
25.7
25.98
26.4
25.88
25.98
25.44
26.12
25.76
24.96
24.98
25.18
24.78
24.88
25.86
25.34
25.16
24.94
25.56
25.98
25.52
25.08
25.5
25.84
25.5
25.38
25.8
25.5
25.3
25.78
25.52
25.18
24.86
25.86
25.34
24.46
23.84
25.24
25.02
25.16
25.84
26.28
25.56
25.02
25.24
25.3
23.82
25.3
25.18
23.6
24.96
25.02
25.64
24.02
23.62
25.16
24.9
24.64
24.26
24.92
25.24
24.62
24.78
25.44
24.92
25.02
24.48
25.04
25.02
24.8
23.88
24.4
23.9
24.1
23.92
25.26
25.06
24.92
24.72
25.48
24.7
24.38
24.16
25.34
24.2
24.6
24.34
24.8
24.56
24.84
25.34
26.28
25.18
25.14
24.0
25.06
25.66
24.96
25.64
25.62
26.38
26.96
26.02
26.58
26.3
25.7
25.42
26.5
26.28
26.92
25.74
25.62
26.42
26.34
25.88
25.38
26.44
26.36
26.32
25.98
25.56
26.88
26.6701074608
26.2824230653
26.5
26.74
26.72
27.1
27.2
27.2
26.72
27.2
26.78
27.06
27.12
27.12
27.2
27.78
27.38
27.9
27.36
26.64
26.68
26.96
27.2
27.18
27.06
28.24
26.96
26.4
27.34
26.94
26.58
27.26
28.16
26.82
27.66
27.36
27.68
27.62
26.36
26.78
26.62
27.48
27.48
26.82
27.1
27.2
27.36
27.3
27.62
26.52
25.04
25.8
28.0
27.36
27.66
28.12
28.0
28.24
27.94
27.46
27.94
27.86
27.82
27.98
28.56
28.6
28.36
27.8
28.12
26.76
27.48
27.94
27.76
27.62
28.4
28.02
27.92
26.84
27.64
27.54
28.14
28.3
27.62
27.28
27.72
25.48
27.76
28.6
28.08
27.72
27.9
27.46
27.94
27.64
27.3
27.12
27.06
28.1
27.6
27.08
27.74
27.84
27.52
27.54
27.76
27.08
26.98
27.28
27.94
27.86
27.24
28.04
27.62
28.44
27.86
27.58
27.62
27.4
27.52
28.14
27.28
27.64
28.24
28.1
27.46
27.28
27.86
27.52
27.88
27.26
28.32
27.68
27.86
27.68
27.76
28.4
26.28
25.58
27.56
27.08
27.8
25.9
26.8
26.68
26.08
26.14
26.96
27.58
27.42
26.98
26.0
26.2
24.3
25.02
25.84
26.16
26.22
26.68
27.1
27.1
27.2
27.6
26.66
24.8
25.28
25.86
26.3
26.38
27.38
27.1
26.68
27.0
27.0
26.08
24.58
25.1131146644
24.16
25.26
24.28
24.66
26.26
26.64
26.42
26.7
26.02
26.68
27.2
26.62
26.64
26.64
26.72
26.92
26.6
25.38
25.48
25.82
25.4
24.28
26.36
25.56
24.9
26.16
26.64
26.68
26.68
26.68
27.34
26.72
27.08
26.66
26.8
26.04
26.68
25.84
26.34
25.84
25.72
26.16
26.08
25.96
25.46
25.96
26.68
25.94
25.98
25.54
25.88
26.12
25.82
26.12
26.06
26.18
26.36
26.12
26.62
26.4057109215
25.1
26.38
26.76
26.48
26.82
26.66
26.54
26.44
26.16
26.56
26.22
26.1
26.92
27.04
27.16
27.28
27.42
25.34
26.42
26.76
26.28
26.9
26.94
25.1
26.36
26.96
27.1
26.76
26.28
26.08
26.16
26.84
26.36
26.48
26.36
25.98
26.52
26.2
26.38
26.48
27.36
27.0
26.16
26.68
26.12
26.46
26.36
26.18
25.6
25.2
26.4
26.3782467
26.1901001875
26.1356730003
26.0955326686
26.0924503212
26.0948564502
26.0999187731
26.1026294535
26.1038179331
26.1039812373
26.1038421227
26.1036713655
26.1035721393
26.1035334826
26.1035283129
26.1035339662
26.1035400562
26.1035435568
26.1035448519
26.1035449962
26.1035447768
26.1035445579
26.1035444354
26.103544392
26.1035443883
26.1035443967
26.1035444046
26.1035444088
26.1035444103
26.1035444104
26.1035444101
26.1035444098
26.1035444096
26.1035444096
26.1035444096
26.1035444096
26.1035444096
26.1035444096
26.1035444096
26.1035444096
26.1035444096
26.1035444096
26.1035444096
26.1035444096
26.1035444096
26.1035444096
26.1035444096
26.1035444096
26.1035444096
26.1035444096
26.1035444096
26.1035444096
26.1035444096
26.1035444096
26.1035444096
26.1035444096
26.1035444096
26.1035444096
26.1035444096
26.1035444096
26.1035444096
26.1035444096
26.1035444096
26.1035444096
26.1035444096
26.1035444096
26.1035444096
26.1035444096
26.1035444096
26.1035444096
26.1035444096
26.1035444096
26.1035444096
26.1035444096
26.1035444096
26.1035444096
26.1035444096
26.1035444096
26.1035444096
26.1035444096
26.1035444096
26.1035444096
26.1035444096
26.1035444096
26.1035444096
26.1035444096
26.1035444096
26.1035444096
26.1035444096
26.1035444096
26.1035444096
26.1035444096
26.1035444096
26.1035444096
26.1035444096
26.1035444096
26.1035444096
26.1035444096
26.1035444096
26.1035444096
26.1035444096
27.56
27.2
27.22
26.9
27.48
27.4
27.38
27.64
28.18
27.66
27.3
26.8
26.32
26.18
27.52
27.92
27.92
27.78
27.5
27.8
28.18
28.44
27.44
27.42
28.14
27.82
27.38
26.9
27.82
28.56
27.52
27.76
28.54
28.16
27.46
27.38
27.487496401
27.3561704807
24.0
23.6
24.6632780356
23.6
23.6
25.4392048324
26.6846849128
26.2488830901
23.7
23.9
23.7
23.8
23.7
26.013416999
24.1
24.1
23.8
25.8612989328
26.6562140754
23.7
24.0
24.8056191991
26.3377037321
26.4098599724
26.1783131023
26.1358685681
26.090989221
26.0915385725
26.0942156645
26.1000353156
26.1027486786
26.1039367912
26.1040292153
26.103857144
26.1036687532
26.1035669155
26.103529556
26.103526563
26.103533515
26.1035401583
26.1035437538
26.1035449892
26.1035450568
26.103544791
26.1035445536
26.1035444282
26.1035443871
26.1035443862
26.1035443963
26.1035444048
26.1035444091
26.1035444105
26.1035444104
26.1035444101
26.1035444098
26.1035444096
26.1035444096
26.1035444096
26.1035444096
26.1035444096
26.1035444096
26.1035444096
26.1035444096
26.1035444096
26.1035444096
26.1035444096
26.1035444096
26.1035444096
26.1035444096
26.1035444096
26.1035444096
26.1035444096
26.1035444096
26.1035444096
26.1035444096
26.1035444096
26.1035444096
26.1035444096
26.1035444096
26.1035444096
26.1035444096
26.1035444096
26.1035444096
26.1035444096
26.1035444096
26.1035444096
26.1035444096
26.1035444096
26.1035444096
26.1035444096
26.1035444096
26.1035444096
26.1035444096
26.1035444096
26.1035444096
26.1035444096
26.1035444096
26.1035444096
26.1035444096
26.1035444096
26.1035444096
26.1035444096
26.1035444096
26.1035444096
26.1035444096
26.1035444096
26.1035444096
26.1035444096
26.1035444096
26.1035444096
26.1035444096
26.1035444096
26.1035444096
26.1035444096
26.1035444096
26.1035444096
26.1035444096
26.1035444096
26.1035444096
26.1035444096
26.1035444096
26.1035444096
26.1035444096
26.1035444096
26.1035444096
26.1035444096
26.1035444096
26.1035444096
26.1035444096
26.1035444096
26.1035444096
26.1035444096
26.1035444096
26.1035444096
26.1035444096
26.1035444096
26.1035444096
26.1035444096
26.1035444096
26.1035444096
26.1035444096
26.1035444096
25.26
25.72
26.22
25.66
25.38
25.94
25.22
25.9
25.64
25.06
25.6892361602
25.46
25.9
25.9
26.4
25.46
25.52
25.5
25.42
25.4
24.74
25.18
25.1
25.12
25.1
25.34
25.5
24.62
25.26
25.16
25.78
25.6
25.36
24.54
24.62
24.14
24.8
24.56
24.86
24.78
24.5
24.36
24.56
24.8
24.58
24.94
24.8
24.8
25.42
24.12
24.74
25.0
25.46
25.26
24.86
24.48
25.1
25.1
26.12
25.8
25.74
25.24
24.04
24.46
25.5
26.02
25.64
24.36
25.2
25.86
25.38
25.24
24.66
25.84
25.66
24.54
25.8
25.94
25.64
26.12
26.7
26.46
25.86
26.44
26.56
26.18
25.5
26.5
26.3751478983
26.2016861808
26.1342699563
26.0959738519
26.0913468042
26.0945003654
26.0996730784
26.1026095348
26.1038340798
26.1040110904
26.1038583563
26.1036783797
26.1035731251
26.1035326463
26.1035272971
26.1035333743
26.1035398265
26.1035435261
26.1035448857
26.1035450325
26.1035447976
26.1035445656
26.1035444363
26.1035443907
26.103544387
26.103544396
26.1035444043
26.1035444088
26.1035444103
26.1035444104
26.1035444101
26.1035444098
26.1035444096
26.1035444096
26.1035444096
26.1035444096
26.1035444096
26.1035444096
26.1035444096
26.1035444096
26.1035444096
26.1035444096
26.1035444096
26.1035444096
26.1035444096
26.1035444096
26.1035444096
26.1035444096
26.1035444096
26.1035444096
26.1035444096
26.1035444096
26.1035444096
26.1035444096
26.1035444096
26.1035444096
26.1035444096
26.1035444096
26.1035444096
26.1035444096
26.1035444096
26.1035444096
26.1035444096
26.1035444096
26.1035444096
26.1035444096
26.1035444096
26.1035444096
26.1035444096
26.1035444096
26.1035444096
26.1035444096
26.1035444096
26.1035444096
26.1035444096
26.1035444096
26.1035444096
26.1035444096
26.1035444096
26.1035444096
26.1035444096
26.1035444096
26.1035444096
26.1035444096
26.1035444096
26.1035444096
26.1035444096
26.1035444096
26.1035444096
26.1035444096
26.1035444096
26.1035444096
26.1035444096
26.1035444096
26.1035444096
26.1035444096
26.1035444096
26.1035444096
26.1035444096
26.1035444096
26.1035444096
26.1035444096
26.1035444096
26.1035444096
26.1035444096
26.1035444096
26.1035444096
26.1035444096
26.1035444096
26.1035444096
26.1035444096
26.1035444096
26.1035444096
26.1035444096
26.1035444096
26.1035444096
26.1035444096
26.1035444096
26.1035444096
26.1035444096
26.1035444096
26.1035444096
26.1035444096
26.1035444096
26.1035444096
26.1035444096
26.1035444096
26.1035444096
26.1035444096
26.1035444096
26.1035444096
26.1035444096
26.1035444096
26.1035444096
26.1035444096
26.1035444096
26.1035444096
26.1035444096
26.1035444096
26.1035444096
26.1035444096
26.1035444096
26.1035444096
26.1035444096
26.1035444096
26.1035444096
26.1035444096
26.1035444096
26.1035444096
26.1035444096
26.1035444096
26.1035444096
26.1035444096
26.1035444096
26.1035444096
26.1035444096
26.1035444096
26.1035444096
26.1035444096
26.1035444096
26.1035444096
26.1035444096
26.1035444096
26.1035444096
26.1035444096
26.1035444096
26.1035444096
26.1035444096
26.1035444096
26.1035444096
26.1035444096
26.1035444096
26.1035444096
26.1035444096
26.1035444096
26.1035444096
26.1035444096
26.1035444096
26.1035444096
26.1035444096
26.1035444096
26.1035444096
26.1035444096
26.1035444096
26.1035444096
26.1035444096
26.1035444096
26.1035444096
26.1035444096
26.1035444096
26.1035444096
26.1035444096
26.1035444096
26.1035444096
26.1035444096
26.1035444096
26.1035444096
26.1035444096
26.1035444096
26.1035444096
26.1035444096
26.1035444096
26.1035444096
26.1035444096
26.1035444096
26.1035444096
26.1035444096
26.1035444096
26.1035444096
26.1035444096
26.1035444096
26.1035444096
26.1035444096
26.1035444096
26.1035444096
26.1035444096
26.1035444096
26.1035444096
26.1035444096
26.1035444096
26.1035444096
26.1035444096
26.1035444096
26.1035444096
26.1035444096
26.1035444096
26.1035444096
26.1035444096
26.1035444096
26.1035444096
26.1035444096
26.1035444096
26.1035444096
26.1035444096
26.1035444096
26.1035444096
26.1035444096
26.1035444096
26.1035444096
26.1035444096
26.1035444096
26.1035444096
26.1035444096
26.1035444096
26.1035444096
26.1035444096
26.1035444096
26.1035444096
26.1035444096
26.1035444096
26.1035444096
26.1035444096
26.1035444096
26.1035444096
26.1035444096
26.1035444096
26.1035444096
26.1035444096
26.1035444096
26.1035444096
26.1035444096
26.1035444096
26.1035444096
26.1035444096
26.1035444096
26.1035444096
26.1035444096
26.1035444096
26.1035444096
26.1035444096
26.1035444096
26.1035444096
26.1035444096
26.68
26.8
25.86
25.76
26.18
26.36
25.84
26.2
25.82
25.78
25.56
25.64
26.02
26.34
24.86
25.84
25.0
25.34
25.52
25.62
25.44
25.02
25.44
26.02
25.42
23.94
25.68
25.5
25.86
25.78
25.56
25.66
25.6
25.86
25.6
25.68
25.3
25.98
25.92
26.3
25.7
26.34
25.4
25.68
25.32
26.16
26.52
25.62
25.34
25.68
25.54
25.9
26.08
25.66
25.56
25.86
26.26
26.68
26.76
25.46
25.08
25.78
25.5
25.14
24.88
25.7
25.76
25.54
25.7
25.06
24.38
25.5
25.24
26.22
24.88
25.36
25.86
25.88
25.62
25.76
25.66
26.98
26.72
25.36
25.8
26.82
26.9
25.76
26.2
26.22
26.4
27.44
28.06
27.04
26.76
27.54
26.76
26.26
26.66
27.06
27.1
27.22
26.84
26.96
26.76
27.14
27.22
27.88
26.8
26.72
27.88
27.78
27.74
27.12
27.9
27.66
27.12
27.18
27.42
26.26
28.22
27.0
27.16
27.34
27.72
27.9
28.5
28.04
27.92
28.18
28.12
27.98
27.56
27.42
26.96
26.52
26.6
27.98
27.86
27.86
26.86
27.46
28.32
27.08
26.98
25.8
26.44
27.18
27.3
27.52
27.82
28.44
28.18
27.88
28.06
27.94
28.2
28.04
27.58
28.08
28.48
27.22
27.8
27.58
28.08
27.44
27.92
27.96
27.74
27.3
26.56
26.28
28.38
27.48
27.74
28.3
28.68
28.64
28.0
27.8
28.3
28.22
27.4
26.96
27.72
27.68
28.82
27.0
27.16
27.84
27.48
27.34
26.8
27.82
27.64
27.86
28.02
27.82
28.02
28.0329258732
28.0206266209
28.1055246652
28.1533525945
28.2047635895
28.2842791581
23.8
26.7264919577
25.051251358
26.1099312827
25.8927642053
26.1005544277
26.095416845
26.1168973932
26.1097761742
26.1076043838
26.1043889496
23.6
25.3201008982
25.2665660926
26.1136002589
26.2262736027
26.1699532613
26.1368301779
26.1107071187
26.1018371969
26.0997893831
26.1010570532
26.1024265831
26.1032976269
26.1036268531
26.1036795851
26.1036330839
26.1035823006
26.1035522227
26.1035409509
26.1035394984
26.1035412802
26.1035431195
26.103544169
26.1035445496
26.103544588
26.1035445197
26.1035444534
26.1035444168
26.1035444041
26.1035444031
26.1035444057
26.1035444081
26.1035444094
26.1035444098
26.1035444098
26.1035444097
26.1035444097
26.1035444096
26.1035444096
26.1035444096
26.1035444096
26.1035444096
26.1035444096
26.1035444096
26.1035444096
26.1035444096
26.56
26.3483998879
26.2193432333
26.1372150323
26.1017092557
26.0923908443
25.68
25.928532287
25.9995001239
26.0971609089
26.114274938
26.1170462628
26.110712475
26.1063355298
26.1038163461
26.1030885607
26.1030783153
26.1032872952
26.1034525174
26.1035370916
26.1035621517
26.1035610469
26.1035534089
26.1035474696
26.1035445633
26.1035437358
26.103543814
26.1035440964
26.1035443078
26.103544408
26.103544435
26.1035444309
26.1035444205
26.103544413
26.1035444095
26.1035444087
26.1035444088
26.1035444092
26.1035444095
26.1035444096
26.1035444096
26.1035444096
26.1035444096
26.1035444096
26.66
26.4120615361
26.2462166609
26.1509540912
26.1043117403
26.0915091807
26.0931799603
26.0982440302
26.1018926592
26.1035810078
26.104004339
26.1039140586
26.1037277892
26.1035985477
26.1035408496
26.1035272994
26.1035312555
26.1035380712
26.1035426409
26.1035446159
26.94
26.64
26.3399031131
26.2208935179
26.1298525034
26.98
26.6630004228
27.36
27.116054952
26.7267915873
26.6086387587
26.4402202373
26.2886748224
26.22
26.3
26.1940570018
26.1444488631
26.1087937547
26.0988742001
26.0975444906
26.1000935097
26.1021874677
27.06
26.7042269572
25.84
25.9093680089
26.72
25.44
25.9972943214
25.26
25.9403303497
25.66
26.0439721241
26.0883147745
26.1276787335
26.1193841013
26.1129399595
24.9
25.04
25.4141237208
26.0651537661
26.1976171095
26.166526408
26.1373933076
26.1134268426
26.28
26.1885904701
26.1465307518
26.92
26.6050695103
26.3308094338
26.2110226862
26.04
26.0537543031
26.0639417512
26.0902363468
26.1009684982
26.1056189261
26.1056570523
25.78
25.38
25.7581199031
25.9783602393
26.1180607174
26.134908134
26.1276834514
26.1144943139
26.1065877906
26.1030614819
26.1023854643
26.1027019924
26.103160467
26.1034474146
26.1035659221
26.10358729
26.1035741503
26.103557613
26.1035474908
26.1035434798
26.103542838
26.1035433594
26.1035439575
26.1035443128
26.1035444485
26.103544467
26.1035444466
26.103544425
26.1035444126
26.103544408
26.1035444075
26.1035444083
26.1035444091
26.1035444095
26.1035444097
26.1035444097
26.1035444097
26.1035444096
26.1035444096
26.1035444096
26.1035444096
26.1035444096
26.1035444096
26.1035444096
26.1035444096
26.1035444096
26.1035444096
26.1035444096
26.1035444096
26.1035444096
26.1035444096
26.1035444096
26.1035444096
26.1035444096
26.1035444096
26.1035444096
26.1035444096
26.1035444096
26.1035444096
26.1035444096
26.1035444096
26.1035444096
26.1035444096
26.1035444096
26.1035444096
26.1035444096
26.1035444096
26.1035444096
26.1035444096
26.1035444096
26.1035444096
26.1035444096
26.1035444096
26.1035444096
26.1035444096
26.1035444096
26.1035444096
26.1035444096
26.1035444096
26.1035444096
26.1035444096
26.1035444096
26.1035444096
26.1035444096
26.1035444096
26.1035444096
26.1035444096
26.1035444096
26.1035444096
26.1035444096
26.1035444096
26.1035444096
26.1035444096
26.1035444096
26.1035444096
26.1035444096
26.1035444096
26.1035444096
26.1035444096
26.1035444096
26.1035444096
26.1035444096
26.1035444096
26.1035444096
26.1035444096
26.1035444096
26.1035444096
26.1035444096
26.1035444096
26.1035444096
26.1035444096
26.1035444096
26.1035444096
26.1035444096
26.1035444096
26.1035444096
26.1035444096
26.1035444096
26.1035444096
26.1035444096
26.1035444096
26.1035444096
26.1035444096
26.1035444096
26.1035444096
26.1035444096
26.1035444096
26.1035444096
26.1035444096
26.1035444096
26.1035444096
26.1035444096
26.1035444096
26.1035444096
26.1035444096
26.1035444096
26.1035444096
26.1035444096
26.1035444096
26.1035444096
26.1035444096
26.1035444096
26.1035444096
26.1035444096
26.1035444096
26.1035444096
26.1035444096
26.1035444096
26.1035444096
26.1035444096
26.1035444096
26.1035444096
26.1035444096
26.1035444096
28.18
27.6435839499
26.8922515718
27.1117706065
27.0001861741
26.7264137213
26.5566037154
26.3909915084
26.2528480557
26.1607699773
26.1122616457
26.0953297194
26.0943214929
26.098121112
26.101507586
26.1032920063
26.103869633
26.1038781872
26.1037338187
26.1036128221
26.103551052
26.103531942
26.103532406
26.1035377993
26.1035421161
26.1035442551
26.1035448837
26.1035448403
26.1035446398
26.1035444861
26.1035444122
26.1035443917
26.1035443942
26.1035444016
26.1035444071
26.1035444096
27.22
26.8370828781
26.4222177855
26.3043083437
26.1760274433
26.1212743736
26.0952574646
26.0930968754
26.0966361077
26.1007881034
26.1030272696
26.1038630019
26.1039338026
26.1037842653
26.1036387065
26.1035595138
26.1035319822
26.1035302701
26.103536013
26.1035412123
26.1035439772
26.1035448928
26.1035449204
26.1035447034
26.1035445175
26.1035444214
26.103544391
26.1035443912
26.1035443993
26.103544406
26.1035444093
26.1035444103
24.68
25.6197886996
25.7294624816
26.1082546183
26.1501737634
26.1453669903
26.1239379396
26.1103233624
26.1034934747
26.1018156114
26.1020951704
26.1028189541
26.1033226248
26.103553822
26.1036096518
26.1035958633
26.1035695712
26.1035516583
26.1035437682
26.1035419851
26.103542581
26.1035435407
26.1035441737
26.1035444433
26.1035444992
26.1035444745
26.1035444395
26.1035444172
26.103544408
26.1035444063
26.1035444073
26.1035444086
26.1035444094
26.1035444097
26.1035444097
26.1035444097
27.14
26.7700468623
26.3935077952
26.2721569964
26.1563837666
26.1110495368
26.0923487712
26.0933084483
26.0976594989
26.1015473895
26.1033906934
26.1039598413
26.1039194934
26.1037467168
26.1036116963
26.1035470727
26.1035288432
26.1035309416
26.1035373912
26.1035421696
27.74
27.2925590239
26.6476257872
26.6345093752
26.4615354122
27.3
26.9896318386
26.5838813171
26.462407218
26.3043204708
26.195131933
26.128252288
26.1000677883
26.0937295162
26.0964115997
26.1002383734
26.102706642
26.1037179737
26.1039076306
26.1037974048
26.1036575726
26.1035711694
26.1035367838
26.1035311104
26.1035354658
26.1035405344
26.1035435654
26.1035447306
26.1035448952
26.1035447251
26.1035445419
26.1035444358
26.1035443965
26.1035443919
26.1035443985
26.1035444051
26.1035444088
26.1035444101
26.1035444102
26.10354441
26.1035444098
26.1035444096
26.1035444096
26.1035444096
26.1035444096
26.1035444096
26.1035444096
26.1035444096
26.3
26.200304869
26.1525598833
26.1133493389
26.1008495925
26.0978499037
26.0998610101
26.1019010944
26.1031980603
26.1036757881
26.1037483401
26.1036759641
26.1035998852
26.1035553403
26.1035389473
26.1035370173
26.1035397687
25.68
24.76
25.5009401965
25.8630792243
26.1421801011
26.1599236544
26.1438757097
26.1209248481
26.1079563966
26.102397203
26.1015060517
26.1021397577
26.1029331589
26.1034062263
26.103592171
26.1036194759
26.1035938325
26.1035653474
26.1035487061
26.1035424487
26.1035416721
26.1035426697
26.1035436956
27.12
26.753557942
26.3865514818
26.2647554646
26.1521463127
26.1089350943
26.0918454275
26.0934207538
26.0979055548
26.1017127093
26.10346434
26.1039762473
26.1039140326
26.103737811
26.1036058378
26.1035445707
26.1035283253
26.1035311695
26.1035377151
26.1035423763
26.1035444894
26.103545009
26.1035448818
26.1035446411
26.1035444764
26.1035444038
26.1035443874
26.1035443928
26.1035444016
26.1035444074
26.1035444099
26.1035444104
26.1035444102
26.1035444099
26.1035444097
26.1035444096
26.1035444096
26.1035444096
26.1035444096
26.1035444096
27.56
27.1344294317
26.5616735231
26.4936926086
26.3244996156
26.2097766245
26.1353789979
26.1025920621
26.0937601847
27.5
27.0840161654
27.14
28.1
27.7282738715
27.432094271
27.6125100712
27.5633012875
27.4189799488
27.3654775086
27.2846659781
27.1528760516
27.0086190635
26.8466698704
26.6657540755
26.4851975985
26.3264004282
26.2072855818
26.1348127542
26.1019391546
26.0936780919
26.0957908955
26.0997661576
26.1024733394
26.1036531122
26.1039141843
26.1038201907
26.1036744609
26.1035791503
26.1035389056
27.08
26.7209450479
26.3728973236
26.2506821375
26.1444032894
26.1051795734
26.0910644774
26.0936987302
26.0983818483
26.1020158646
26.1035934556
26.1040012676
26.1039014776
26.1037206878
26.1035951186
26.1035402066
26.1035275549
26.1035316756
26.1035383351
26.1035427533
26.1035446373
26.1035450319
26.1035448618
26.1035446187
26.1035444631
26.1035443988
26.1035443867
26.1035443936
26.1035444024
26.1035444079
26.1035444101
26.1035444104
26.1035444102
26.1035444099
26.1035444097
26.1035444096
26.1035444096
26.1035444096
26.1035444096
26.1035444096
26.1035444096
26.1035444096
26.1035444096
26.1035444096
26.1035444096
27.82
29.52
28.94
29.0
28.42
28.44
28.62
28.72
28.8
28.48
28.84
28.4
28.66
28.34
27.22
27.0
28.6
27.18
27.8
27.74
27.86
28.9
28.82
28.44
27.94
28.48
28.12
28.62
28.42
29.12
28.38
28.14
28.26
28.3
26.56
28.68
28.94
29.18
28.74
28.8
28.22
28.68
26.56
27.74
28.5
28.98
29.02
26.32
26.06
26.4
24.78
25.42
24.36
26.4
26.68
26.98
25.6
25.88
25.8
25.82
26.3
26.96
27.18
26.84
26.6
26.62
26.74
26.38
27.2
27.7
27.72
27.76
27.3
27.26
27.26
27.3
27.4
27.08
27.2
27.24
26.82
27.7
27.8
27.28
27.7
27.34
27.42
27.86
27.2
27.18
27.52
27.92
27.9
27.48
27.42
27.32
27.3
27.24
27.92
27.84
28.02
28.2
27.62
27.2
27.22
25.34
26.48
26.44
26.64
27.44
26.98
26.96
26.84
26.48
26.36
26.98
26.3
26.78
27.58
27.02
27.4
27.54
26.3
25.78
26.72
25.74
26.76
26.44
25.84
26.1
25.64
26.4
25.84
26.82
27.12
26.34
26.7
26.7
27.24
26.82
27.28
26.66
27.28
26.88
26.64
27.56
26.28
26.28
27.02
26.48
26.34
26.64
25.82
26.12
27.24
27.16
26.64
26.42
26.0
27.52
26.02
25.76
25.72
25.62
26.28
26.56
26.66
26.72
26.26
26.98
27.54
25.44
26.58
26.86
26.7
25.8
25.96
26.44
26.54
26.12
26.68
27.36
26.32
26.68
25.88
27.22
26.64
25.76
26.34
26.36
26.36
27.38
27.48
27.26
26.32
27.22
26.88
26.66
26.3
26.52
26.92
26.6
27.28
27.06
27.06
26.9
27.62
27.42
26.76
27.06
25.94
26.5
26.36
27.68
27.32
27.24
27.8
27.7
28.18
28.08
28.2
27.76
27.22
28.78
27.58
27.54
27.62
27.56
27.42
27.52
27.36
27.58
27.48
27.54
28.02
27.62
27.66
27.98
27.96
27.02
27.58
27.6
27.62
27.16
26.8
28.26
28.42
28.06
27.68
28.3
28.12
28.16
27.36
27.9
28.04
28.96
28.88
27.72
28.32
28.62
28.56
28.1
27.82
28.94
27.9
27.62
26.7
28.06
28.0
27.86
28.68
28.86
27.88
28.06
27.96
28.36
28.3
28.0
28.06
28.24
28.3
28.14
28.16
28.0
28.08
27.76
27.9
28.28
27.96
28.08
28.2
28.28
28.08
28.2
28.32
28.48
28.4
28.7
28.26
27.86
28.76
28.76
28.24
28.38
28.8
28.92
28.3
26.7
26.8
26.98
27.34
27.98
27.76
27.96
27.92
27.66
28.54
28.14
28.64
28.44
27.96
27.58
28.2
27.86
26.74
27.88
28.62
27.58
26.98
27.22
26.72
26.42
26.82
27.5
27.44
26.86
27.26
28.18
28.26
26.44
28.7
28.12
28.46
26.94
27.86
27.94
28.18
28.54
28.7
28.76
28.04
28.46
28.4
26.4
27.44
27.56
27.8
27.46
27.78
28.36
28.12
27.62
26.06
28.14
28.06
28.5
25.96
26.8
26.26
27.36
26.96
26.92
27.34
27.42
27.5
27.4
26.78
25.56
27.1
26.72
27.48
24.88
26.78
27.2
26.68
27.04
27.5
27.0
27.02
27.56
27.02
27.04
27.22
26.92
27.46
28.26
27.76
27.68
27.14
26.72
27.3
28.66
27.44
26.52
27.12
26.96
26.8
26.84
25.42
26.48
26.36
27.16
26.9
27.36
25.76
26.88
26.32
27.38
27.08
27.08
26.58
25.66
26.8
26.08
26.3
25.9
26.2
25.98
26.52
26.42
25.92
26.1
26.26
26.14
25.74
26.14
26.08
25.88
24.68
25.76
26.44
26.52
25.88
25.84
26.42
25.64
24.92
25.26
24.98
25.34
26.18
26.22
25.7
24.98
25.72
26.0
26.42
27.16
25.46
26.5
25.88
25.72
26.62
26.6
25.28
25.48
25.9
24.56
25.26
24.32
24.76
24.64
25.62
25.24
24.64
25.44
26.2
26.4
25.9
26.08
26.66
26.38
26.66
26.48
25.9
26.18
26.14
27.14
27.78
27.0
26.04
27.16
26.6
26.34
27.14
26.5
26.0
25.48
26.78
26.5
26.3
26.44
27.26
26.62
26.54
26.46
26.58
27.36
26.32
27.1
26.66
27.16
27.26
26.92
26.96
25.82
26.4
26.06
27.02
26.86
27.34
27.0
27.08
27.44
27.42
27.66
27.04
26.74
26.96
27.62
27.36
27.0
26.96
27.32
27.22
26.08
27.08
27.6
28.24
27.64
27.34
27.02
26.62
25.96
26.52
27.52
27.98
26.54
27.02
26.46
26.38
27.06
28.04
27.54
27.92
27.16
27.52
27.3
27.3
26.86
28.64
27.9
27.12
27.46
27.98
27.42
27.58
28.2
26.86
27.02
26.96
26.98
26.36
27.02
26.66
27.04
27.78
28.18
28.06
27.32
27.58
27.04
27.88
27.58
27.74
27.24
27.72
28.02
26.7
27.68
27.72
28.62
27.74
27.5
28.14
29.02
27.84
27.88
27.66
26.94
27.24
27.7
26.08
27.18
27.34
28.1
28.56
27.22
27.06
28.26
28.34
28.24
28.12
28.12
28.16
28.6
28.02
28.9
29.14
28.5
28.24
27.56
27.68
28.14
28.24
28.64
29.16
29.7
29.14
28.66
30.0106142355
26.82
27.38
26.6551834329
26.4765864342
26.312383675
26.1982212125
26.1293533774
26.0999869163
26.84
26.8
26.92
26.6637044212
26.4571018384
26.307690051
26.1933353883
26.1279603899
26.0994501495
26.0936066347
26.0963588624
26.1002699937
26.1027311247
26.1037352737
26.1039134774
26.1037983937
26.1036565989
26.1035702005
26.1035362085
26.1035309028
26.1035354415
26.1035405704
26.1035436008
26.1035447506
26.1035449022
26.1035447257
26.1035445406
26.1035444345
26.1035443958
26.1035443917
27.0
26.6571996337
26.346543038
26.2252662496
26.1315355145
26.0993440639
26.0902586024
26.0944139095
26.0992635035
26.1025217512
26.1037882674
26.1040254187
26.1038716856
26.10368936
26.1035773132
26.1035337028
26.1035268927
26.1035328278
26.1035394599
26.1035433759
26.1035448552
26.1035450478
26.1035448179
26.1035445784
26.1035444414
26.1035443916
26.1035443864
26.1035443952
26.1035444039
26.1035444086
26.1035444103
26.1035444104
26.1035444101
26.1035444098
26.1035444096
26.1035444096
26.1035444096
26.1035444096
26.1035444096
26.1035444096
26.1035444096
26.1035444096
26.1035444096
26.1035444096
26.1035444096
26.1035444096
26.1035444096
26.1035444096
25.94
26.0314607867
26.0628781237
26.0990391102
26.1069966197
26.1086844095
26.1064548986
26.1047445505
26.103715905
26.1033900673
26.1033653882
26.1034400492
26.1035045523
26.1035392927
26.1035505301
26.1035508306
26.1035480744
26.1035457479
26.1035445483
26.1035441736
26.1035441787
26.1035442816
26.1035443647
26.1035444062
26.1035444186
26.1035444179
26.1035444141
26.1035444111
26.1035444097
26.1035444093
26.1035444093
26.1035444095
26.1035444096
26.1035444096
26.1035444096
26.1035444096
26.1035444096
26.1035444096
26.1035444096
26.1035444096
26.1035444096
26.1035444096
26.1035444096
26.1035444096
26.1035444096
26.1035444096
26.1035444096
26.1035444096
26.1035444096
26.1035444096
26.1035444096
26.1035444096
26.1035444096
26.1035444096
26.1035444096
26.1035444096
26.1035444096
26.1035444096
26.1035444096
26.1035444096
26.1035444096
26.1035444096
26.1035444096
26.1035444096
26.1035444096
26.1035444096
26.1035444096
26.1035444096
26.1035444096
26.1035444096
26.1035444096
26.1035444096
26.1035444096
26.1035444096
26.1035444096
26.1035444096
26.1035444096
26.1035444096
26.1035444096
26.1035444096
26.1035444096
26.1035444096
26.1035444096
26.1035444096
26.1035444096
26.1035444096
26.1035444096
26.1035444096
26.1035444096
26.1035444096
26.1035444096
26.1035444096
26.1035444096
26.1035444096
26.1035444096
26.1035444096
26.1035444096
26.1035444096
26.1035444096
26.1035444096
26.1035444096
26.1035444096
26.1035444096
26.1035444096
26.1035444096
26.1035444096
26.1035444096
26.1035444096
26.1035444096
26.1035444096
26.1035444096
26.1035444096
26.1035444096
26.1035444096
26.1035444096
26.1035444096
26.1035444096
26.1035444096
26.1035444096
26.1035444096
26.1035444096
26.1035444096
26.1035444096
26.1035444096
26.1035444096
26.1035444096
26.1035444096
26.1035444096
26.1035444096
26.1035444096
26.1035444096
26.1035444096
26.1035444096
26.1035444096
26.1035444096
26.1035444096
26.1035444096
26.1035444096
26.1035444096
26.1035444096
26.1035444096
26.1035444096
26.1035444096
26.1035444096
26.1035444096
26.1035444096
26.1035444096
26.1035444096
26.1035444096
26.1035444096
26.1035444096
26.1035444096
26.1035444096
26.1035444096
26.1035444096
26.1035444096
26.1035444096
26.1035444096
26.1035444096
26.1035444096
26.1035444096
26.1035444096
26.1035444096
26.1035444096
26.1035444096
26.1035444096
26.1035444096
26.1035444096
26.1035444096
26.1035444096
26.1035444096
26.1035444096
26.1035444096
26.1035444096
26.1035444096
26.1035444096
26.1035444096
26.1035444096
26.1035444096
26.1035444096
26.1035444096
26.1035444096
26.1035444096
26.1035444096
26.1035444096
26.1035444096
26.1035444096
26.1035444096
26.1035444096
27.82
27.3611685907
26.6885059681
26.7071452283
26.5383462305
26.3554935335
26.2286538542
26.78
27.12
26.65183391
26.4515590273
26.3011270211
26.189346264
26.1257403783
26.0987487956
27.06
26.7117433113
26.368380867
27.48
27.7
27.2
27.1223998194
27.0684341153
26.8767444398
26.6863415962
26.5108284965
26.3473921339
26.2219100789
26.1426946959
26.1048685443
26.0939656901
26.0952351286
26.099230499
26.1021805564
26.1035527098
26.1039083024
26.1038416096
26.1036936401
26.1035893187
26.1035422478
26.1035308554
26.103533821
26.1035392484
26.1035429379
26.1035445515
26.1035449122
26.1035447861
26.1035445877
26.1035444575
26.1035444023
26.1035443911
26.1035443963
26.1035444035
26.1035444081
26.1035444099
26.1035444103
26.1035444101
26.1035444098
26.1035444097
26.1035444096
26.1035444096
27.18
26.8033573054
26.4076824451
26.2877121904
26.1656432882
26.1157910546
26.0936107309
26.0931494195
26.0971542608
26.1011878942
26.1032235074
26.1039181576
26.1039283556
26.1037651445
26.1036244644
26.1035527789
26.1035301821
26.1035305511
26.1035367174
26.103541718
26.1035442089
26.1035449508
26.1035449074
26.1035446775
26.1035444996
26.1035444134
26.1035443892
26.1035443918
26.1035444003
27.64
27.2051380862
26.5988340497
26.5525028109
26.3795283181
26.2455656484
26.1558656767
26.1102447885
26.0948217254
27.56
27.1398041849
26.5619758327
26.4952197454
26.3256854136
26.2105588006
26.1357887739
26.1027336255
26.0937671258
26.0957653038
26.0996794242
26.1024240509
26.1036299201
26.1039099634
26.1038220885
26.1036773818
26.103580966
26.103539667
26.10353091
26.1035345466
26.1035398299
26.1035432267
26.1035446365
26.1035449066
26.1035447591
26.103544567
26.1035444475
26.1035443995
26.1035443914
26.1035443972
26.1035444042
26.1035444084
26.10354441
26.1035444103
26.10354441
26.1035444098
26.1035444096
26.1035444096
26.1035444096
26.1035444096
26.1035444096
26.1035444096
26.1035444096
26.1035444096
26.1035444096
26.1035444096
26.1035444096
26.1035444096
26.1035444096
26.1035444096
26.1035444096
26.1035444096
26.1035444096
26.1035444096
26.1035444096
26.1035444096
26.1035444096
26.1035444096
26.1035444096
25.96
26.0399059179
26.0678595696
26.0994475865
26.1065309675
26.1080466716
25.72
25.9444553671
26.006761309
26.0962444727
26.1125735174
26.1157324676
26.1101347197
26.1061778811
26.1038464161
26.1031518587
26.1031236732
26.1033076232
26.1034574952
26.1035358076
26.1035598088
26.1035594486
26.1035527101
26.1035473127
26.1035446176
26.1035438215
26.1035438704
26.1035441203
27.16
26.7866478722
26.4005507292
26.2798072073
26.1608788226
26.1133319792
26.092935073
26.0932171189
26.0974088725
25.78
25.968483833
26.0246960042
26.0976303158
26.1112840293
26.1137740055
26.1090684941
26.8
26.5084634284
26.2864154352
26.1764069471
26.32
26.4
26.08
26.0908335991
26.0588662821
26.0851288827
26.0947245237
26.1031187442
26.1047848856
26.1049279162
26.06
26.0835841588
26.0925430779
26.101984137
26.1043402004
26.1048885933
26.1043400805
26.1038837604
26.1036019378
26.1035075325
26.1034972587
26.1035158886
26.1035330758
26.1035426391
25.86
26.1
26.0952969945
26.1189649334
26.1107906542
26.1081462813
26.1044832212
26.1034548787
26.1030994653
26.1032465435
26.0
26.0571330311
26.0778683402
26.1004009066
26.105642449
26.1067768002
25.92
26.0230608811
26.0573804616
26.0984534723
26.1073715632
26.1093168179
26.106812554
25.68
25.9288982162
25.88
26.0563981558
24.86
25.7417114639
25.8508441445
26.1140523339
26.1381486819
26.1360619586
26.1188280718
24.92
25.6795664102
25.7861142217
25.3
25.82
24.9
25.12
25.6097390734
26.1137733905
26.1834011759
26.159183777
26.1308025553
26.1111882916
26.1028545047
26.100881332
25.08
25.7339277823
25.8426387172
26.1021753447
25.32
25.8803708585
25.14
25.66
25.8874183259
26.1139694926
26.1416682194
26.1356652222
25.24
25.7780413974
24.66
25.8403136378
26.0264147834
26.1409067603
25.32
25.8387384651
25.44
24.76
25.5608126786
25.9929090084
26.1631427867
26.1582315125
26.137228759
26.1159991864
26.1055011237
26.1016877152
26.1015611028
26.1023755972
26.1031114658
26.1034914975
26.1036154395
26.5
26.3120270597
26.2035999067
26.1303229214
26.1008687101
26.093317808
26.0960388426
26.0999731398
26.1026112105
26.1037002194
26.1039211359
26.1038120321
26.10366648
26.1035745196
26.1035372587
26.1035306038
26.1035349312
26.1035402248
26.1035434516
26.1035447178
26.1035449146
26.1035447444
26.1035445527
26.1035444396
26.1035443968
26.1035443912
26.1035443978
26.1035444047
26.1035444087
26.1035444101
26.1035444103
26.10354441
26.1035444098
26.1035444096
26.1035444096
26.1035444096
26.1035444096
26.1035444096
26.1035444096
26.1035444096
26.1035444096
26.1035444096
26.1035444096
26.1035444096
26.1035444096
26.1035444096
26.1035444096
26.1035444096
26.1035444096
26.1035444096
27.22
27.7
26.9562001696
26.64
26.74
27.3
26.9417615049
27.54
27.3515247677
27.24
27.1534994015
27.0034407459
26.8294949542
26.6508473231
28.16
27.7328821474
27.1805888647
27.4165802567
27.3556475599
27.1224406259
27.0007199611
26.8571155838
26.6681787907
27.24
26.9674080108
26.6305317491
26.4925743751
26.3322183203
26.2126173175
26.1376772576
26.1031789706
26.0938640701
26.0956348716
26.0995786752
26.1023640415
26.1036111905
26.1039087615
26.1038265433
26.1036811687
26.1035829853
26.103540311
26.1035309196
26.1035343825
26.1035396934
26.103543157
26.1035446151
28.1
27.5855172859
26.8441523162
27.0112333079
26.8837245127
26.6258034827
26.4562254563
26.3034742346
26.1924260691
26.1272180785
26.0994544533
26.0936685163
26.0964639403
26.1003203051
26.102751915
26.1037366526
26.1039100873
26.1037949149
26.1036547424
26.1035695419
26.1035361685
26.1035310371
26.1035355644
26.1035406357
26.1035436226
26.1035447512
26.1035448971
26.1035447213
26.1035445383
26.1035444338
26.1035443958
26.1035443919
26.1035443986
26.1035444052
26.1035444089
26.1035444102
26.1035444102
26.10354441
26.1035444098
26.1035444096
26.1035444096
26.1035444096
26.1035444096
26.1035444096
26.32
27.72
27.62
27.88
27.42
28.1
27.66
27.68
28.22
27.7
26.36
26.1
26.32
26.86
25.92
24.88
26.44
26.36
25.48
25.34
25.42
25.82
26.62
26.48
26.52
26.3352040369
27.08
26.78020181
26.4424400076
26.3
26.179775081
28.34
27.7861743992
28.62
28.98
28.34
28.16
28.48
28.82
29.3
29.18
28.52
28.86
29.1
28.78
28.8
28.44
28.24
28.6
29.3
28.82
28.48
28.68
28.3
27.9
28.94
29.06
28.94
29.54
29.02
28.3
28.08
27.82
28.16
28.74
28.56
28.66
28.62
28.32
28.94
28.64
29.02
28.02
29.12
28.54
28.7
28.34
28.84
28.6
28.5
28.14
27.92
29.02
28.82
28.42
29.12
29.32
29.34
29.42
29.8
28.28
28.74
28.62
29.02
28.9456237479
27.32
26.46
26.94
27.82
27.48
27.7
26.78
27.2
25.8
26.5
26.26
26.52
25.82
27.12
26.08
27.12
27.36
26.64
26.02
26.86
26.36
25.52
26.26
25.62
25.3
25.76
26.82
27.14
26.48
25.76
26.76
27.1
26.36
26.48
27.18
26.76
26.34
25.72
26.56
27.08
26.64
27.2
25.88
25.68
26.14
25.76
26.92
25.98
26.5
26.78
26.44
26.66
26.18
27.12
26.92
26.68
26.54
26.14
25.72
24.68
26.52
26.5616373885
28.3
27.82
28.4
28.4
27.56
26.1
26.58
26.46
26.16
26.56
27.26
27.74
27.64
27.4
28.32
27.96
28.54
28.56
28.08
28.72
29.14
28.84
28.48
28.26
28.36
29.02
29.28
28.56
26.38
27.06
28.38
28.14
28.88
26.24
26.6
25.8
26.48
27.26
27.78
27.48
26.44
25.64
25.96
26.7
27.28
26.48
26.24
27.06
27.3
26.8
28.08
28.48
28.24
27.94
28.64
27.56
27.66
28.58
28.7
28.52
29.4
28.82
28.92
28.44
27.56
28.6716525127
28.62
28.98
28.92
29.02
28.8
28.54
28.04
25.58
27.78
28.12
28.62
26.62
27.46
27.4
25.88
26.68
26.18
27.08
26.86
26.72
25.64
26.42
27.4
27.88
27.34
27.08
27.5
25.6
25.44
26.44
25.42
25.34
27.04
25.92
26.8
26.36
26.1
26.88
25.76
25.7
27.5
26.52
26.58
27.14
27.56
27.84
27.82
27.3
27.18
27.36
27.32
27.74
26.4
26.62
26.2
26.66
27.36
27.2
27.52
27.5
27.38
27.34
27.06
27.06
27.26
27.2
26.76
26.7
26.84
27.32
26.84
27.24
26.44
25.56
26.24
26.62
26.78
26.84
26.8
26.74
26.54
25.18
25.82
25.86
27.0
25.76
26.18
25.28
25.66
26.42
26.1
26.12
26.4
25.68
26.36
25.86
25.04
26.3
25.9
26.58
26.42
26.62
26.62
26.62
25.3
26.2
25.48
26.18
26.6
26.06
26.12
25.48
25.7
24.88
25.28
25.54
24.96
25.66
25.86
25.52
25.56
25.3
25.72
25.04
24.04
23.96
25.7
26.22
25.5
25.68
24.54
24.12
24.24
25.46
24.84
25.48
25.72
25.28
25.3
25.38
25.0
26.16
25.58
25.9
26.3
26.3
26.22
26.58
26.1
26.04
26.12
26.12
25.88
25.52
26.1
26.64
26.1
26.38
25.9
25.96
26.06
26.72
26.12
27.5
27.1
27.48
26.04
26.02
26.84
27.16
27.36
26.7
27.28
27.18
26.22
27.54
26.36
27.26
27.02
27.56
27.4
27.62
27.26
27.32
27.04
27.64
26.9
26.06
27.1
28.14
27.66
26.86
26.28
26.36
26.88
27.78
26.48
27.86
27.54
27.1
27.26
27.82
27.14
27.78
27.94
27.98
27.64
26.94
26.9
26.88
27.46
27.32
27.08
27.32
27.52
26.74
26.5
28.52
27.92
28.34
29.3
28.08
27.28
28.2
27.54
27.78
28.38
27.82
27.22
27.96
27.66
28.0
27.06
27.52
28.08
26.64
26.72
27.36
27.94
27.82
28.0
28.2
27.68
27.72
28.18
28.36
28.82
28.26
27.38
27.94
28.26
28.56
28.02
27.42
27.52
27.36
27.1
26.86
27.64
28.0
28.54
27.96
28.2
28.46
28.66
27.98
27.78
28.64
28.28
28.56
28.08
27.44
27.72
28.38
27.58
27.56
27.86
28.4
28.38
27.86
27.38
28.06
28.14
28.94
28.38
29.2
28.88
28.8
28.1
27.96
27.36
28.24
28.32
28.62
28.62
28.8
28.7
28.94
28.3
28.72
29.26
27.94
27.96
28.52
28.94
29.48
29.02
29.14
28.82
29.34
29.04
27.5
25.9
27.92
25.88
27.8
28.64
28.2
28.48
27.1
28.12
28.2
27.98
28.7
28.14
28.96
28.96
28.7
28.72
28.68
28.58
28.94
28.64
28.4
27.58
28.4
29.06
28.66
28.7
28.78
28.7
28.56
28.28
28.46
27.1
27.7
28.3
26.68
26.82
27.78
28.58
27.84
28.32
27.88
27.7
28.64
27.92
28.090332279
27.18
27.8
26.96
25.94
26.58
27.44
27.56
27.52
27.64
26.84
26.5
25.26
26.88
27.74
27.4
27.06
26.36
26.06
25.66
25.3
26.24
26.76
26.48
25.4
27.18
26.86
25.44
26.04
26.64
27.02
27.06
27.56
26.96
27.44
27.4
27.5
27.42
26.36
25.88
27.66
26.8
27.08
26.74
26.44
26.28
26.42
27.08
27.56
26.4
27.18
25.74
25.98
25.12
25.92
25.86
26.1
25.46
26.6
27.5
26.22
27.3
26.9
26.88
26.76
27.36
27.34
26.7
27.18
27.48
27.42
27.36
26.96
27.18
27.04
27.64
27.42
26.98
27.26
27.96
27.14
26.98
27.08
26.74
26.74
27.26
26.02
26.94
26.7
27.14
26.66
26.5
26.42
27.42
26.72
26.56
26.2
26.44
25.98
25.96
27.62
26.76
27.48
26.76
27.06
26.86
26.38
26.98
26.76
27.4
27.32
27.58
26.92
27.4
27.78
26.82
26.24
25.78
26.98
27.4
27.34
26.72
26.88
26.2
26.3
26.0
26.74
27.68
26.44
27.02
26.58
26.62
26.6
26.84
27.52
27.24
26.72
26.94
26.42
25.38
25.94
25.14
25.84
26.86
26.48
27.12
25.36
26.1
27.08
25.94
26.46
25.94
26.38
27.08
27.46
27.9
26.54
26.02
26.8
26.0
27.34
27.06
27.32
27.44
27.62
26.94
26.8
26.96
26.56
27.08
27.74
27.3
25.54
27.12
27.18
27.28
27.9
27.08
26.96
27.64
27.68
28.3
27.84
27.98
27.3
26.44
27.46
27.56
27.08
27.84
27.92
28.08
28.98
29.0
28.86
28.12
27.94
27.96
28.0
28.16
27.98
27.44
27.14
27.74
28.52
27.9
27.78
28.42
28.7
28.3
27.64
28.54
28.46
28.38
28.26
27.7
28.02
27.96
27.76
28.3
28.26
28.4
28.36
28.08
28.38
28.3
28.04
27.3
28.02
27.82
27.88
27.94
28.74
28.14
28.34
28.24
28.28
28.14
28.82
28.06
28.34
27.9
27.3
27.32
28.18
27.98
28.14
28.1
28.52
27.84
28.14
28.02
29.18
28.42
28.34
28.48
28.58
28.2
28.24
28.02
28.66
28.0
28.4
28.2
28.54
28.22
27.82
28.28
27.64
27.2
28.26
27.12
27.4
28.18
29.0
27.78
27.36
28.1
27.74
27.36
28.56
28.52
28.14
27.6
28.18
28.36
27.94
28.5
28.98
28.7
28.68
28.28
28.5
29.36
28.9
28.52
28.78
28.4
28.5
29.14
28.66
28.3
28.46
28.66
28.84
28.74
29.08
29.14
28.6
28.74
29.16
28.62
28.88
28.84
28.76
29.04
28.78
28.64
28.86
28.8
28.44
28.1
28.7
28.32
28.42
28.42
28.86
29.44
27.32
27.72
27.96
27.06
27.92
27.3
28.6
28.44
28.56
29.04
28.82
28.96
29.3
28.68
29.26
28.36
28.48
28.18
28.2
28.1
28.18
28.02
28.36
28.66
28.64
28.24
28.62
27.44
27.22
27.86
28.68
29.18
28.86
28.74
28.4
28.38
28.28
28.72
28.32
27.52
27.64
29.26
28.38
28.24
28.62
28.76
29.26
29.5
29.06
28.48
28.64
28.3
29.14
28.22
28.24
27.86
29.68
29.04
29.34
26.92
25.98
27.2
25.46
26.5
26.26
25.08
26.6
27.88
28.62
28.32
27.88
26.76
27.18
27.84
27.4
27.26
27.08
27.32
27.14
28.1
27.28
28.04
26.0
26.58
27.04
26.72
26.02
26.32
27.9
27.48
27.48
27.72
26.54
26.66
26.32
25.5
27.3
26.36
27.3
27.02
26.26
25.76
26.6
26.98
26.22
26.66
26.9
26.92
26.8
26.84
26.9
26.08
26.52
26.34
25.32
26.86
26.22
25.66
25.92
25.86
26.06
25.74
25.78
25.52
26.06
26.62
26.12
26.14
26.42
26.94
26.8
26.66
26.64
26.6
25.88
26.32
26.88
26.42
26.6
27.2
26.52
26.02
26.6
26.4
26.18
26.34
27.8
26.36
26.82
26.78
27.48
26.96
25.98
27.08
27.02
26.82
27.06
27.26
26.92
26.88
27.76
26.68
25.76
27.62
27.18
26.92
27.16
27.88
26.66
26.18
26.66
26.84
27.2
27.4
27.2
27.08
25.86
26.72
27.64
26.2
26.56
27.0
27.66
27.14
26.58
26.52
27.68
27.24
26.32
27.26
25.98
26.58
26.9
26.62
26.9
27.02
26.86
27.2
27.24
27.0
27.54
27.64
27.02
27.18
27.36
26.26
26.94
26.26
26.36
26.6
26.88
27.14
27.56
26.84
26.52
26.24
27.84
27.7
27.82
26.94
27.72
27.38
27.02
27.1
26.9
26.84
28.04
27.6
26.84
26.56
26.74
26.3
26.72
26.22
28.06
27.48
28.04
27.32
26.68
26.36
27.66
27.0
27.32
26.16
26.96
27.52
27.86
28.06
28.0
27.6
27.62
28.06
27.6
27.64
27.32
27.74
28.86
28.72
29.38
28.5
28.32
27.56
28.26
28.18
27.84
28.04
27.98
26.88
27.3
27.68
27.76
27.66
28.22
28.08
27.3
26.88
27.38
26.78
27.1
26.98
27.98
28.32
28.32
29.2
29.18
28.88
28.78
29.08
28.92
28.52
28.08
28.14
27.8
28.06
28.06
27.72
28.0
28.22
29.18
28.12
28.0
27.6
28.12
28.04
27.66
28.04
28.42
28.66
28.06
28.5
28.36
27.46
27.9
28.48
28.54
28.84
28.5
28.2
28.82
28.88
28.58
28.56
28.74
28.58
28.26
28.86
28.26
27.22
28.1
28.52
29.26
29.06
29.34
28.02
28.14
28.66
29.14
29.1
28.22
29.04
28.98
28.4
28.08
29.18
27.54
28.0
28.36
27.86
28.34
28.98
28.92
28.68
28.56
26.84
27.56
27.7
28.58
28.62
29.66
28.84
29.02
28.54
25.82
25.64
27.58
27.82
28.28
28.14
28.34
27.38
27.14
28.0
28.28
28.8
28.52
26.76
27.64
28.64
28.96
29.5
29.44
29.46
29.5
29.18
28.64
28.5
29.3
28.88
29.24
28.64
28.6
29.42
27.98
28.62
29.74
29.36
30.02
29.56
29.82
29.98
29.82
30.12
29.72
29.8
30.44
30.1
30.36
30.36
30.16
29.56
29.8
30.22
29.42
29.46
29.8
30.38
30.32
29.3
29.68
29.9
29.9
28.88
28.94
28.86
29.32
27.5
29.32
27.98
28.6
28.64
28.54
27.46
27.56
29.12
28.44
28.2
28.8
28.94
29.02
28.92
29.18
29.02
29.96
29.3
29.28
29.48
29.92
30.0
29.3
29.46
30.18
29.74
30.44
29.42
30.22
30.3
29.3
29.48
29.8
29.46
30.38
29.82
30.2
29.92
29.42
29.18
29.54
29.58
29.48
29.4
30.4
29.46
30.48
29.22
28.22
28.6
29.52
29.38
29.94
28.46
27.04
29.12
29.52
28.5
28.78
28.58
27.8
29.34
28.52
29.1
29.64
28.92
29.36
29.56
29.36
29.0
28.94
28.36
28.36
28.68
28.3
28.28
28.2
28.9
28.94
29.24
29.18
27.5
28.56
28.18
25.92
27.46
28.16
28.04
28.6
29.14
28.88
28.3
27.96
27.88
27.82
27.76
28.1
28.1
27.82
28.22
28.16
27.86
27.56
28.18
27.5
28.6
27.8
26.52
25.44
27.22
28.14
27.32
27.98
27.96
27.42
27.98
27.44
25.46
27.1
27.12
27.2
27.54
27.14
27.82
28.14
27.88
27.7
27.5
27.16
28.38
28.6
27.42
28.62
27.56
27.06
27.7
27.82
27.5
27.64
28.1
28.14
28.38
27.86
27.36
25.88
27.24
27.88
27.54
27.9
27.84
28.28
27.74
27.06
26.2
27.28
27.58
28.52
28.34
27.48
27.58
28.36
28.26
27.8
27.82
28.32
27.78
28.2
28.44
28.52
28.28
28.26
28.2
27.96
28.02
28.3
28.3
27.96
27.96
28.04
27.94
29.04
27.86
27.84
27.38
28.76
29.02
28.74
28.64
28.52
28.26
28.34
28.22
28.76
28.34
28.58
28.28
28.52
27.86
28.78
28.56
27.62
28.0
28.18
27.76
28.04
28.4
28.74
28.04
27.84
28.14
28.54
28.04
28.22
28.5
28.64
29.06
28.78
28.98
28.84
29.16
28.72
28.18
28.38
27.64
28.36
28.4
27.62
27.08
27.46
27.9
27.94
28.34
27.84
27.84
28.78
28.72
28.7
28.36
28.92
28.5
27.64
27.84
28.48
28.74
28.6
28.74
29.26
29.34
28.86
28.48
28.08
28.06
27.96
28.14
28.06
28.14
28.7
28.46
28.36
28.1
28.68
28.36
28.06
28.6
28.62
28.52
27.82
28.34
28.48
28.16
27.82
28.46
28.94
28.14
28.54
29.54
28.76
29.26
28.8
28.96
27.66
28.22
28.48
28.68
28.68
28.58
28.74
28.56
28.28
28.32
27.66
26.24
27.14
27.16
27.84
27.98
28.18
28.16
28.64
28.26
28.06
27.48
27.86
27.38
27.62
28.36
28.56
28.6
27.9
28.32
27.98
29.28
29.26
29.32
28.68
27.78
28.4
28.16
27.46
28.04
28.1
28.34
29.02
28.82
28.64
28.5
29.5
28.94
29.32
28.5
29.06
28.86
28.98
28.72
28.9
27.6
27.38
28.08
27.84
28.38
29.06
28.44
28.54
28.9
28.78
27.74
28.32
28.54
29.06
28.02
27.26
28.94
29.1
27.06
25.8
25.44
25.7
25.78
26.96
25.88
25.74
26.64
27.84
27.32
26.72
27.06
27.16
27.94
27.62
27.4
28.12
28.18
27.42
28.04
28.52
28.8
27.98
26.08
27.06
27.62
27.62
28.04
28.54
28.66
27.0
26.56
27.66
28.0
27.46
27.04
27.68
27.82
27.88
27.78
28.32
27.76
26.64
27.42
28.08
27.74
26.04
25.46
25.52
26.92
26.86
27.36
27.6
26.9
27.04
26.52
27.12
27.12
26.02
26.5
26.42
27.02
27.48
25.28
26.46
26.2
26.84
27.06
26.44
26.96
27.1
27.16
27.18
26.58
25.94
24.06
25.6
25.78
26.6
27.26
26.6
25.58
27.02
26.98
26.38
26.52
26.22
27.46
27.28
26.28
26.08
26.28
26.06
26.28
27.02
26.76
26.8
26.54
26.64
27.28
27.64
27.2
26.44
27.08
25.98
26.74
26.56
26.9
25.86
25.74
26.06
26.48
26.12
26.3
27.12
27.5
26.96
25.46
25.5
25.52
26.06
26.94
26.3
26.5
27.24
27.38
27.52
27.28
25.94
27.4
26.96
26.64
26.72
27.64
27.2
27.28
27.28
27.12
27.48
27.18
26.24
26.8
26.98
26.6
27.18
26.28
26.34
27.82
27.34
27.0
27.72
26.98
26.94
26.3
27.14
27.56
28.1
27.1
26.98
26.78
27.4
27.36
28.38
27.2
27.66
27.62
27.4
27.86
27.6
27.62
27.48
27.2
27.92
27.86
27.96
27.72
27.22
27.62
28.04
28.1
28.3
27.92
28.24
28.02
27.5
27.7
28.0
27.34
27.84
28.28
27.98
27.78
28.12
27.8
27.9
26.74
28.04
28.74
28.58
28.66
27.86
27.38
27.92
28.24
28.0
27.66
27.84
27.84
27.92
28.7
28.34
27.44
27.7
28.0
28.58
28.14
27.92
27.6
27.96
27.82
27.82
28.2
27.38
27.2
27.5
27.98
27.86
27.7
27.8
27.28
27.88
28.54
28.5
28.02
28.3
28.62
28.26
28.3
27.72
28.14
29.62
29.2
28.52
28.78
29.32
28.88
28.56
28.06
27.9
28.22
28.52
28.22
27.84
27.9
26.88
28.18
28.46
28.46
26.72
26.24
27.94
27.74
28.46
28.32
28.32
28.2
27.74
28.38
28.54
28.68
27.84
27.92
29.04
28.58
28.96
28.6
28.34
28.28
28.02
28.2
28.12
28.34
28.38
26.66
27.36
26.58
28.46
29.02
29.12
28.72
25.5
27.82
26.26
27.48
28.56
28.58
28.68
28.26
27.16
27.46
27.96
28.78
28.26
28.12
27.78
28.46
28.04
28.46
27.78
26.1
27.34
27.64
27.92
27.56
27.38
27.16
27.54
27.38
27.84
28.16
28.32
28.74
28.58
28.44
28.92
29.18
28.84
28.58
28.0
28.18
28.66
28.04
24.46
26.58
27.38
27.68
28.1
27.92
27.68
25.86
26.32
26.16
26.18
26.88
26.16
26.38
26.94
25.88
27.18
26.68
26.12
27.22
27.64
26.9
27.28
27.5
27.9
27.62
27.96
27.54
27.74
27.38
26.22
27.1
27.68
27.46
27.7
27.4
27.56
27.98
28.04
26.8
27.28
28.08
28.1
28.18
28.64
28.14
27.92
27.3
26.48
26.5
25.34
25.08
26.04
27.34
27.4
27.1
27.58
27.22
27.58
26.72
26.1
25.54
26.72
26.8
27.52
25.62
26.14
26.48
26.2
25.98
26.46
27.28
27.5
27.02
27.22
26.48
26.46
26.34
26.18
26.6
26.36
26.08
26.12
26.08
26.02
26.1
26.2
24.64
26.36
25.98
26.58
26.72
27.02
27.4
27.06
26.54
25.78
26.56
26.46
27.2
26.72
26.6
26.5
26.6
26.12
26.14
26.08
25.76
26.3
26.08
26.28
26.96
26.62
26.46
26.3061430676
26.1946063465
26.1283034988
26.0998701433
26.0936921678
26.0963808605
26.1002421539
26.1027109087
26.1037229577
26.1039097219
26.1037981402
26.1036575146
26.1035709703
26.1035366202
26.1035310333
26.1035354433
26.1035405368
26.103543573
26.1035447364
26.1035448979
26.1035447258
26.1035445418
26.1035444355
26.1035443963
26.1035443918
26.1035443985
26.1035444051
26.1035444088
26.1035444101
26.1035444103
26.10354441
26.1035444098
26.1035444096
26.1035444096
26.1035444096
26.1035444096
26.1035444096
26.1035444096
26.1035444096
26.1035444096
26.1035444096
26.1035444096
26.1035444096
26.1035444096
26.1035444096
26.1035444096
26.1035444096
26.1035444096
26.1035444096
26.1035444096
26.1035444096
26.1035444096
26.1035444096
26.1035444096
26.1035444096
26.1035444096
26.1035444096
26.1035444096
26.1035444096
26.1035444096
26.1035444096
26.1035444096
26.1035444096
26.1035444096
26.1035444096
26.1035444096
26.1035444096
26.1035444096
26.1035444096
26.1035444096
26.1035444096
26.1035444096
26.1035444096
26.1035444096
26.1035444096
26.1035444096
26.1035444096
26.1035444096
26.1035444096
26.1035444096
26.1035444096
26.1035444096
26.1035444096
26.1035444096
26.1035444096
26.1035444096
26.1035444096
26.1035444096
26.1035444096
26.1035444096
26.1035444096
26.1035444096
26.1035444096
26.1035444096
26.1035444096
26.1035444096
26.1035444096
26.1035444096
26.1035444096
26.1035444096
26.1035444096
26.1035444096
26.1035444096
26.1035444096
26.1035444096
26.1035444096
26.1035444096
26.1035444096
26.1035444096
26.1035444096
26.1035444096
26.1035444096
26.1035444096
26.1035444096
26.1035444096
26.1035444096
26.1035444096
26.1035444096
26.1035444096
26.1035444096
26.1035444096
26.1035444096
26.1035444096
26.1035444096
26.1035444096
26.1035444096
26.1035444096
26.1035444096
26.1035444096
26.1035444096
26.1035444096
26.1035444096
26.1035444096
26.1035444096
26.1035444096
26.1035444096
26.1035444096
26.1035444096
26.1035444096
26.1035444096
26.1035444096
26.1035444096
26.1035444096
26.1035444096
26.1035444096
26.1035444096
26.1035444096
26.1035444096
26.1035444096
26.1035444096
26.1035444096
26.1035444096
26.1035444096
26.1035444096
26.1035444096
26.1035444096
26.1035444096
26.1035444096
26.1035444096
26.1035444096
26.1035444096
26.1035444096
26.1035444096
26.1035444096
26.1035444096
26.1035444096
26.1035444096
26.1035444096
26.1035444096
26.1035444096
26.1035444096
26.1035444096
26.1035444096
26.1035444096
26.1035444096
26.1035444096
26.1035444096
26.1035444096
26.1035444096
26.1035444096
26.1035444096
26.1035444096
26.1035444096
26.1035444096
26.1035444096
26.1035444096
26.1035444096
26.1035444096
26.1035444096
26.1035444096
26.1035444096
26.1035444096
26.1035444096
26.1035444096
26.1035444096
26.1035444096
26.1035444096
26.1035444096
26.1035444096
26.1035444096
26.1035444096
26.1035444096
26.1035444096
26.1035444096
26.1035444096
26.1035444096
26.1035444096
26.1035444096
26.1035444096
26.1035444096
26.1035444096
26.1035444096
26.1035444096
26.1035444096
26.1035444096
26.1035444096
26.1035444096
26.1035444096
26.1035444096
26.1035444096
26.1035444096
26.1035444096
26.1035444096
26.1035444096
26.1035444096
26.1035444096
26.1035444096
26.1035444096
26.1035444096
26.1035444096
26.1035444096
26.1035444096
26.1035444096
26.1035444096
26.1035444096
26.1035444096
26.1035444096
26.1035444096
26.1035444096
26.1035444096
26.1035444096
26.1035444096
26.1035444096
26.1035444096
26.1035444096
26.1035444096
26.1035444096
26.1035444096
26.1035444096
26.1035444096
26.1035444096
26.1035444096
26.1035444096
26.1035444096
26.1035444096
26.1035444096
26.1035444096
26.1035444096
26.1035444096
26.1035444096
26.1035444096
26.1035444096
26.1035444096
26.1035444096
26.1035444096
26.1035444096
26.1035444096
26.1035444096
26.1035444096
26.1035444096
26.1035444096
26.1035444096
26.1035444096
26.1035444096
26.1035444096
26.1035444096
26.1035444096
26.1035444096
26.1035444096
26.1035444096
26.1035444096
26.1035444096
26.1035444096
26.1035444096
26.1035444096
26.1035444096
26.1035444096
26.1035444096
26.1035444096
26.1035444096
26.1035444096
26.1035444096
26.1035444096
26.1035444096
26.1035444096
26.1035444096
26.1035444096
26.1035444096
26.1035444096
27.7
28.06
27.1697629803
28.38
28.26
28.1
28.4175637031
28.3891762806
28.4841903335
27.84
28.4484323694
28.2907569017
28.3253802316
28.64
28.5
27.74
27.64
28.34
27.76
28.22
28.02
28.32
28.34
28.16
28.56
28.08
27.68
27.8
28.14
27.68
28.74
28.72
28.76
28.42
28.58
28.14
29.14
29.0
30.9
28.0
28.02
28.86
28.72
28.5
28.7
28.9
28.72
28.24
28.06
28.48
28.28
28.1
28.32
26.52
27.92
29.14
28.7
28.4
28.48
28.26
28.72
28.72
28.92
28.7
28.46
28.6
28.94
28.18
28.64
25.3
27.98
28.78
29.04
27.02
29.16
28.9
28.92
29.2
28.58
29.16
29.3
29.32
29.02
28.68
28.98
29.14
28.4
29.16
29.36
27.16
28.9
28.0
28.36
28.9
29.22
29.14
29.6074454225
29.5323552866
30.0553409439
29.7
28.64
29.62
29.56
29.24
29.8
27.24
28.82
27.3206836374
29.0
29.12
29.42
26.64
24.34
26.34
26.54
25.46
27.5
26.92
26.3598295228
26.6
27.12
27.16
26.8
26.54
26.7
27.16
27.16
26.18
27.36
27.26
27.28
26.8
26.88
27.54
26.3
26.3409022957
27.88
26.94
27.14
24.62
25.98
26.56
27.42
27.12
27.14
27.22
25.54
26.02
25.38
26.22
26.1929570722
26.34
27.3
27.7
28.06
28.06
27.8
27.92
27.58
28.74
28.96
28.68
28.32
29.28
26.4
28.86
28.22
28.74
27.42
25.6
26.62
26.58
25.6
27.08
27.4
27.3
27.88
27.48
27.5
26.84
24.74
26.02
27.28
27.66
27.76
27.1
27.26
26.52
26.98
27.46
26.94
26.78
26.3
27.24
25.26
26.0336432171
26.42
27.26
27.46
26.6
27.04
25.9
26.48
26.54
26.96
25.06
26.72
24.98
26.6
26.25
26.6
27.24
26.6
27.46
27.4
26.96
26.86
26.82
27.24
27.08
26.88
26.24
26.96
27.18
26.54
26.413491588
27.08
27.0
27.12
27.02
26.6
26.22
26.6
27.18
26.98
26.94
27.28
26.44
25.66
27.16
27.22
27.48
27.0
26.62
26.92
27.2
26.78
27.02
27.34
26.96
27.32
26.3
25.9
26.28
26.66
26.56
27.5
25.78
26.14
26.14
26.52
25.48
26.02
25.74
24.8
26.3
26.24
26.46
25.4
25.56
25.82
25.44
29.6
24.74
24.76
25.38
25.84
25.6
25.26
25.14
25.8
25.32
25.2
26.32
25.92
25.9
27.0
26.76
25.6
24.94
25.3
26.14
25.88
26.16
26.36
26.3
25.66
26.18
24.28
25.5
26.48
26.86
26.28
26.24
26.46
27.04
26.5
26.72
26.72
26.8
26.68
26.66
25.82
26.86
27.36
26.48
25.56
26.74
26.34
26.4
27.6
26.4
26.58
26.46
27.1
27.74
27.38
27.5
26.88
26.84
26.24
26.1
27.54
27.92
27.64
26.3
27.34
28.14
27.58
27.52
26.14
26.9
26.98
27.02
27.18
27.7
27.7
27.86
27.7864050109
27.44
27.08
26.68
26.98
26.56
26.62
27.86
27.7
27.9
27.22
27.9
27.88
27.5923747866
27.54
27.44
27.58
28.12
28.16
27.86
27.62
27.3
27.62
27.26
26.72
26.92
27.14
27.28
28.04
27.32
27.88
27.8
27.82
27.56
27.46
28.2
28.3
27.8
27.88
28.18
28.5
28.66
27.66
27.78
27.78
28.8
28.5
28.82
29.12
28.92
28.6
28.36
28.98
28.44
28.82
28.24
28.1
28.08
27.78
27.8
27.78
28.28
27.48
27.62
26.84
27.46
27.72
28.2
28.24
27.8
28.0
28.92
28.92
28.46
28.5
28.8
29.04
28.58
28.14
28.1
28.26
28.56
28.58
28.5
28.22
28.9
28.8
28.86
28.88
29.12
29.06
28.3
28.22
28.54
27.92
28.86
29.16
28.08
27.82
28.38
27.88
28.44
28.46
28.68
29.24
29.36
29.477400912
28.46
28.82
28.6
29.2
29.2
28.56
27.9
28.06
27.92
27.96
28.1
28.72
28.24
27.94
29.08
28.48
28.54
28.28
27.86
28.64
28.88
28.7
28.32
28.24
28.74
28.6
28.28
28.54
27.78
27.2
27.8
28.4
28.24
28.6
25.94
25.28
27.16
27.8
27.66
25.76
26.32
27.36
26.08
27.02
28.1
26.3
25.18
25.92
27.46
27.76
28.24
27.44
28.04
27.98
26.82
28.1
27.88
28.12
26.88
27.52
27.52
28.16
28.2
28.42
26.72
28.36
27.5
26.52
27.86
27.24
25.94
25.22
26.7
26.34
25.54
27.34
27.64
27.4
26.56
26.46
26.42
25.76
26.12
27.3
27.04
27.42
27.44
27.64
26.4
27.52
27.08
25.52
26.04
25.26
25.42
24.68
26.2
26.58
26.7
27.48
27.3
27.84
28.2
27.06
25.9
26.68
25.68
26.28
27.48
27.86
27.06
26.76
26.24
26.76
26.66
26.04
27.08
27.26
27.7
27.74
27.28
27.38
27.42
26.52
26.76
26.82
26.62
26.2
26.54
27.54
26.6
25.6
27.2
26.42
27.34
26.42
26.48
27.12
27.08
27.36
26.7
26.78
26.94
27.02
27.56
27.16
27.54
27.46
27.44
26.92
26.44
26.62
27.02
26.42
25.54
25.42
26.16
26.42
27.02
27.3
27.36
27.12
27.08
26.94
27.44
27.8
27.24
26.84
27.42
27.52
27.18
26.6
26.58
27.08
26.86
27.3
24.74
26.72
27.06
27.72
27.18
27.1
25.58
25.72
26.24
27.36
26.64
26.6
26.22
25.84
26.38
26.64
25.16
25.12
25.54
26.48
26.62
26.36
25.92
26.48
26.82
26.74
26.98
26.0
26.86
26.06
25.66
26.48
25.94
24.82
25.7
26.32
25.26
25.3
26.42
26.82
26.36
26.6
27.08
26.82
26.32
27.14
27.44
27.06
27.26
27.28
26.44
26.2
27.38
27.66
26.86
26.9
26.72
26.72
26.76
26.5161765974
26.24
27.58
26.74
27.36
27.62
27.0
27.32
26.74
27.46
27.32
27.18
26.34
27.16
27.22
27.32
27.18
26.96
27.16
28.26
27.58
27.02
26.6
27.56
27.76
27.52
27.38
28.4
27.86
28.04
27.66
26.4
26.76
27.98
27.96
27.94
27.88
28.34
28.76
28.12
27.92
28.2
28.72
28.26
27.4
28.76
28.66
27.8
28.0
27.88
28.1
28.1
28.56
28.34
28.18
28.86
28.06
28.44
28.48
28.78
28.58
28.84
28.16
28.86
28.72
28.7
28.36
28.4
28.52
28.56
28.04
28.6
28.92
28.96
28.4
28.46
28.38
29.48
28.88
28.5
27.6
28.5
29.1
28.92
29.18
28.4
27.66
28.02
27.64
28.54
28.88
29.04
28.44
28.68
28.74
28.58
28.5
28.2
28.58
29.6
29.6
29.36
29.04
29.14
28.86
29.44
28.96
28.96
28.7
29.0
28.52
28.3
28.16
29.04
28.76
28.98
28.58
28.12
29.52
28.7
28.76
28.98
29.34
28.68
28.18
29.44
28.82
28.7
28.84
28.68
28.2
27.74
28.54
29.06
29.02
29.02
28.2
28.04
28.4
29.22
28.88
28.82
29.18
27.62
29.26
29.24
28.96
28.98
29.32
29.4
29.12
29.5
29.16
29.44
29.44
28.5
28.96
27.64
27.88
27.36
28.02
29.08
28.4
24.8
26.84
25.44
26.5
25.36
25.76
26.04
25.58
26.72
25.92
25.3
24.52
26.12
26.26
25.54
27.3
25.86
26.74
26.0
26.26
27.4
27.56
27.42
27.24
27.74
27.72
26.42
26.72
26.68
25.64
27.22
27.06
27.44
27.9
27.68
27.14
27.94
26.02
27.12
26.88
26.34
26.46
26.74
27.38
27.58
27.54
26.54
27.46
26.92
25.46
25.58
26.48
27.16
26.42
27.38
27.2
27.56
27.96
27.18
27.54
27.56
27.12
27.72
27.54
27.52
27.42
27.9
28.14
27.52
27.52
27.66
28.06
28.28
28.38
28.5
28.52
28.24
27.82
27.86
27.56
28.16
28.02
28.08
28.04
28.22
28.46
27.64
27.62
28.22
28.46
28.94
28.58
27.18
27.18
27.38
25.92
26.46
27.46
26.82
26.66
27.38
27.06
27.0
26.72
27.08
27.02
26.56
26.52
26.02
26.68
27.08
27.84
27.42
27.52
27.62
27.04
26.94
27.28
27.28
27.68
27.48
27.26
27.72
27.36
26.78
27.34
27.18
27.66
27.12
27.38
27.94
27.38
27.02
27.2
26.32
25.78
25.94
26.22
26.56
25.36
26.68
25.76
26.36
26.22
26.34
24.22
26.58
27.48
26.2
26.04
26.32
27.4
24.82
25.66
26.66
25.5
25.34
26.36
25.8
26.46
26.0
25.48
23.82
25.44
25.28
26.12
25.78
25.04
25.72
26.24
26.64
27.28
26.64
26.28
26.62
29.88
26.54
25.78
25.88
26.14
25.1
25.84
25.76
25.66
25.98
26.34
26.4
26.22
26.48
26.98
26.86
26.06
26.52
25.72
25.4
26.18
26.6
26.52
26.8
26.84
26.82
27.84
27.0
26.88
27.48
28.34
26.88
27.12
27.94
27.58
26.26
26.64
26.76
27.16
27.4
27.4
26.9
26.98
26.58
27.08
27.12
27.6
27.42
27.4
26.7
26.6
27.9
27.88
28.02
27.42
27.54
28.22
27.44
28.14
28.62
27.6
27.96
27.72
28.06
28.3
28.1
28.06
27.88
28.1
28.68
28.8
27.84
28.08
27.62
27.84
27.82
27.68
28.18
28.52
28.28
27.86
27.66
28.16
28.08
27.76
27.78
27.86
26.52
27.18
28.36
28.28
27.94
28.12
28.4
28.18
28.44
28.4
28.42
28.08
26.28
28.16
27.42
27.4
28.26
28.7
28.02
27.26
27.36
27.7
28.52
28.5
28.8
28.18
28.24
28.26
28.76
28.46
27.9
28.2
28.68
28.52
28.24
28.88
28.5
27.9
28.54
28.58
28.3
27.42
28.34
28.12
28.12
26.94
27.6
27.56
28.06
27.9
28.56
28.02
27.94
27.96
28.18
27.72
28.08
28.24
29.2
29.16
29.02
28.4
28.44
27.84
28.64
27.54
27.7
28.34
28.92
28.92
27.96
27.98
28.06
28.84
28.74
28.72
28.12
28.22
28.12
28.52
28.76
28.42
28.06
28.64
28.04
28.38
28.16
28.1
28.42
28.76
29.22
29.12
28.68
28.68
29.32
28.76
29.02
29.12
28.28
28.58
29.3
28.94
29.08
27.04
29.22
29.32
28.54
29.0
29.42
28.78
28.86
28.4
28.44
28.96
28.62
28.4
28.26
28.72
29.9
29.84
30.1
29.94
29.88
29.6
29.14
29.16
28.54
28.92
27.46
28.54
29.42
29.44
26.1
26.78
28.34
29.16
29.66
29.06
28.46
28.86
29.84
29.5
29.08
29.88
29.74
29.46
29.36
29.68
30.02
28.7
29.26
29.5
29.24
29.3
29.08
29.12
29.74
28.82
29.52
29.7
29.62
29.6
29.06
29.12
26.42
27.16
27.1
28.34
26.38
26.8
27.34
26.3
26.92
25.48
27.02
26.92
26.98
27.7
28.34
27.88
28.24
27.78
28.06
27.76
27.82
26.7
26.68
27.3
27.42
28.0
27.6
27.52
27.56
28.0
27.9
27.56
26.98
27.4
28.4
27.82
28.12
28.3
28.06
28.04
27.54
28.18
27.44
27.44
26.82
27.68
28.0
27.52
27.86
27.76
26.88
26.9
27.3
27.94
27.42
26.48
27.78
27.5
26.46
27.46
28.08
27.38
26.92
26.66
27.14
25.14
27.18
27.28
27.42
27.5
26.82
26.6
25.86
26.16
26.4
26.36
26.38
25.62
26.74
25.36
25.8
26.66
26.46
26.86
26.88
25.44
27.08
26.48
27.04
27.24
27.28
25.0
26.88
27.22
26.82
26.48
26.54
25.7
25.68
25.54
24.32
25.84
25.26
26.14
26.28
27.56
27.22
27.08
26.52
27.42
27.36
27.6
26.72
27.74
26.56
27.54
26.2
26.4
26.86
27.02
28.12
27.18
27.22
26.3
26.46
26.86
27.24
26.58
26.9
28.02
27.5
27.02
27.28
27.52
27.2
26.9
27.22
28.24
27.98
26.82
26.92
27.6
27.5
27.4
27.7
27.72
27.68
27.8
27.74
27.8
27.66
27.08
27.14
27.64
27.34
27.18
27.28
27.74
27.06
28.32
28.06
27.34
28.2
27.48
28.04
27.66
27.06
28.08
27.38
27.8
27.84
27.6
27.52
28.54
28.52
27.76
27.48
27.64
27.7
28.2
28.38
27.5
27.94
27.94
28.08
27.3
27.08
26.86
26.68
26.58
27.92
28.0
28.36
27.92
27.86
28.74
28.82
28.56
28.18
28.3
28.98
28.84
28.7
28.36
28.36
27.84
27.48
27.56
28.5
28.38
28.24
28.38
29.04
28.54
28.58
28.94
28.58
28.16
28.08
28.32
28.48
28.44
27.66
27.04
27.44
27.68
27.84
27.74
28.34
29.04
27.92
27.44
28.36
28.22
28.74
28.52
28.14
27.86
27.9
27.52
27.94
28.42
28.7
28.9
29.34
29.06
29.18
28.08
28.76
28.56
29.42
28.8
28.6
28.62
28.9
29.56
29.62
28.9
28.24
28.56
28.58
28.24
28.56
28.28
28.34
28.5
28.42
28.28
28.66
28.52
27.92
28.18
28.98
28.72
29.42
29.82
29.94
29.38
28.5
28.7
28.36
28.32
28.46
28.62
28.1
28.78
28.84
29.04
28.06
28.92
28.62
28.84
28.92
28.52
28.5
28.48
28.74
29.24
29.16
28.8
29.02
29.28
29.08
28.92
29.34
28.34
29.04
28.94
28.76
28.68
28.88
29.6
29.48
29.16
28.86
29.02
28.82
29.0
28.72
28.38
28.46
29.08
29.4
29.24
27.88
28.16
28.24
28.68
28.14
28.42
28.5
29.26
28.38
28.42
29.12
28.36
25.74
28.14
28.8
28.86
28.3
27.92
28.74
28.36
28.7
28.86
27.46
25.56
26.46
27.86
28.88
28.82
28.36
28.04
28.08
28.08
28.34
28.12
28.54
27.64
26.68
27.68
27.84
28.24
27.88
27.24
27.46
27.36
27.26
26.36
27.28
27.94
27.56
27.42
27.64
27.62
28.1
28.34
27.42
27.56
28.36
26.88
25.9
27.86
28.0
27.88
27.12
26.64
27.4
27.08
27.66
27.36
26.8
27.0
26.74
26.34
27.04
25.7
27.14
26.24
27.1
26.58
27.08
27.12
26.16
26.52
26.76
26.74
26.56
26.88
26.84
26.98
27.26
26.8
27.26
26.2
26.36
26.52
26.96
26.94
26.54
27.02
27.32
26.88
26.78
26.46
26.54
25.66
26.42
26.46
27.04
25.3
26.68
26.16
26.24
26.16
26.5
26.38
25.92
25.76
25.38
26.18
26.24
25.44
26.04
26.9
25.2
26.16
25.96
26.32
26.52
25.44
25.38
26.14
25.34
26.26
26.58
26.56
26.22
26.28
26.1
26.22
25.92
25.34
26.7
26.78
26.88
26.48
26.36
26.1
27.2
25.8
25.54
26.08
25.06
25.58
26.42
26.0
26.52
25.84
26.76
26.52
24.98
24.7
26.18
26.64
25.68
25.62
26.2
26.2
26.36
25.16
26.02
26.72
26.8
26.16
27.0
26.9
26.62
27.32
26.68
26.1
25.9
26.7
26.4
26.64
25.9
26.1
26.04
27.18
27.46
26.8
27.26
26.96
26.76
24.94
26.18
26.62
26.96
26.66
27.36
27.64
27.62
27.34
27.28
26.76
26.92
27.32
27.28
27.14
28.08
28.44
27.8
28.0
27.58
26.94
27.48
27.28
27.2
27.3
27.74
28.62
27.86
27.56
28.02
28.1
27.68
28.4
28.16
27.72
27.72
27.86
28.14
28.18
27.46
27.48
28.68
28.68
28.12
27.94
27.94
27.94
28.18
28.04
28.16
28.06
28.44
29.24
28.78
28.38
28.66
29.1
28.6
28.34
28.52
28.56
28.26
28.5
28.36
28.14
27.84
27.78
28.54
28.9
27.94
27.6
27.98
27.98
27.74
27.96
27.12
28.48
28.8
28.76
28.12
28.48
27.98
27.64
27.92
27.8
27.86
27.56
27.56
27.88
28.82
28.06
27.14
29.24
28.38
29.14
28.74
28.18
28.04
28.02
28.4
28.54
28.14
28.14
28.68
28.62
28.2
27.66
26.88
27.84
28.32
27.88
27.52
28.1
28.52
28.6
28.36
28.18
28.0
28.48
28.84
29.6
29.5
29.08
29.1
28.88
28.9
29.14
29.26
28.66
27.92
27.88
27.62
27.52
28.0
28.18
28.1
28.46
26.86
27.8
27.92
27.58
26.76
28.52
28.42
29.12
29.3
28.66
28.7
28.78
28.34
27.58
28.64
29.04
29.5
28.7
29.14
28.78
28.56
29.0
28.46
27.92
28.62
28.72
29.38
29.28
29.1
28.94
29.34
29.02
28.6
27.64
28.86
27.68
27.96
28.16
28.96
29.04
29.78
29.42
28.84
28.34
28.7
26.2
25.6
26.6
25.74
25.4
25.88
24.34
25.78
27.6
25.42
27.08
27.6
28.14
27.3
27.26
26.32
27.24
26.74
27.22
26.6
27.5
27.02
27.04
27.88
26.66
26.86
25.68
25.98
26.78
27.12
27.42
27.06
26.0
27.34
28.14
26.74
27.46
27.96
27.62
27.7
27.92
27.24
27.72
27.64
28.04
27.68
28.08
28.04
28.24
27.64
27.82
28.52
28.4
28.38
28.46
27.22
27.58
27.54
27.12
27.42
27.94
27.96
27.72
25.04
26.06
26.68
26.4
26.8
28.02
26.98
26.74
27.2
27.0
26.52
27.4
27.14
25.92
26.32
26.72
26.54
26.7
27.02
26.62
27.36
26.3
26.16
27.3
27.14
26.98
26.94
27.06
27.16
26.96
26.86
27.74
27.8
27.44
27.66
27.08
28.06
27.9
27.64
27.44
26.92
27.6
27.86
27.06
27.4
26.16
26.2
26.86
26.2
27.0
26.88
26.86
25.64
26.42
26.64
26.66
26.2
26.48
26.2
26.6
25.2
26.46
26.52
26.24
25.66
25.9
26.3
27.34
26.84
26.06
26.58
25.94
26.2
26.04
27.76
27.36
27.34
26.8
26.42
26.66
26.72
27.24
27.44
27.2
26.62
26.4
26.76
27.4
27.28
27.18
27.5
27.16
27.06
26.32
26.72
27.48
26.48
27.16
27.0
27.12
26.84
26.7
27.24
27.36
26.78
27.04
26.28
26.62
27.4
27.34
26.98
27.92
27.64
27.36
27.34
26.66
26.78
27.32
26.1
27.34
26.36
27.98
27.0
26.48
27.58
27.12
26.96
26.82
26.28
27.64
28.16
27.06
26.9
27.12
27.28
27.26
27.4
28.06
27.78
27.82
26.46
26.96
27.16
28.22
27.16
27.38
28.34
27.74
27.82
27.04
28.14
27.78
27.52
27.82
28.1
28.16
28.14
28.22
28.08
27.86
27.54
28.24
28.34
28.4
28.14
28.12
27.84
28.32
28.66
28.18
27.76
27.52
27.94
27.9
27.68
27.86
28.16
28.24
28.06
28.04
27.68
28.32
27.24
27.1
27.62
27.28
27.56
28.2
28.02
28.98
28.08
27.38
27.88
28.34
28.4
28.72
28.38
28.28
28.0
27.74
27.54
28.06
28.18
28.96
28.92
28.32
27.86
27.68
27.6
28.24
28.82
28.24
29.24
29.02
28.68
28.36
28.98
28.44
27.88
28.14
28.38
27.9
27.28
27.12
28.0
28.5
28.56
28.16
28.18
28.38
28.26
28.64
28.2
28.34
27.64
28.24
28.74
28.82
28.66
26.7
28.8
28.62
27.66
27.04
27.84
28.5
29.14
28.54
28.46
28.52
28.58
28.3
28.56
28.58
28.74
28.64
28.6
29.18
28.32
28.22
29.36
29.48
28.62
28.62
28.86
28.62
28.66
28.42
28.66
29.04
28.98
28.3
28.76
27.78
28.08
28.24
28.5
28.58
28.38
28.56
26.38
27.84
28.3
28.66
28.64
28.66
28.98
28.1
28.18
27.22
27.34
28.38
27.68
28.28
28.28
28.74
29.0
29.04
28.64
29.6
28.84
29.26
28.82
28.64
27.52
29.2
29.3
29.16
29.04
28.86
29.0
28.9
28.8
28.48
28.46
29.0
28.68
28.5
28.92
29.14
29.24
29.6
26.08
27.76
27.28
25.22
25.7
27.96
28.3
25.6
27.1
26.84
26.5
27.42
26.46
26.86
25.76
26.22
25.6
25.86
26.32
25.46
26.34
25.8
26.22
25.16
26.28
26.16
25.84
25.82
26.8
26.6
27.42
25.96
25.58
26.58
26.14
26.38
27.12
26.24
25.56
25.4
25.86
26.66
27.1
27.8
27.26
27.18
26.78
26.94
26.74
25.5
27.06
27.18
27.32
27.36
26.84
27.08
27.02
27.08
27.36
27.04
26.58
27.58
26.66
27.82
26.66
27.2
25.9
26.94
26.28
24.92
26.84
26.28
26.74
26.44
26.56
26.48
26.38
26.16
26.18
26.5
26.62
26.74
26.9
26.06
26.38
25.82
26.62
25.62
25.38
25.42
25.66
25.84
26.0
25.96
25.96
24.92
25.2
26.14
26.56
25.68
26.08
26.28
25.66
25.2
26.24
25.94
25.3
25.5
24.94
25.06
26.38
26.24
26.14
25.84
24.8
25.54
26.08
26.32
25.0
25.74
26.0
26.7
24.68
25.2
25.08
25.32
25.32
25.08
26.02
26.3
25.72
25.34
26.26
25.4
25.54
25.52
25.64
26.06
26.02
25.88
25.54
27.1
26.78
26.22
26.22
26.2
26.3
26.96
26.72
26.36
25.84
26.06
26.74
27.5
27.02
26.88
24.5
25.92
26.34
25.08
26.0
26.3
26.52
26.34
26.44
26.66
26.4
26.84
27.1
28.16
26.92
27.04
26.68
26.84
26.46
26.98
27.52
27.38
26.5
27.26
27.06
27.42
27.4
26.32
26.5
27.22
27.22
27.36
27.24
27.62
27.6
27.58
27.54
28.1
27.7
27.42
27.72
28.46
28.3
27.46
28.36
27.94
27.02
27.24
27.94
28.58
27.22
28.12
28.24
28.46
27.86
26.58
28.28
29.36
28.34
28.62
28.58
27.78
28.02
28.86
29.0
27.9
28.5
29.08
27.4
27.82
28.08
27.96
28.24
27.8
28.62
28.2
28.74
28.08
29.02
28.88
28.7
27.88
27.84
28.58
28.32
27.88
28.62
29.1
28.78
28.18
28.16
28.52
28.82
27.3
27.86
27.86
28.42
27.98
28.58
28.18
27.88
28.3
28.12
27.8
27.46
27.78
28.48
28.54
28.3
28.62
28.82
28.14
28.18
28.7
28.98
28.06
27.7
26.18
27.5
28.38
28.56
28.34
28.64
28.18
28.0
28.64
28.22
28.26
28.62
28.46
27.7
28.42
29.14
29.12
28.62
27.34
28.1
28.46
28.64
28.86
28.54
29.12
29.42
29.18
28.78
28.44
28.76
28.2
27.84
28.2
28.34
28.62
28.32
28.88
28.56
27.8
28.2
28.48
28.34
28.76
28.8
28.3
28.76
29.02
28.38
27.62
25.62
26.52
26.1
26.02
26.46
27.4
27.88
28.4
27.86
27.5
27.2
27.42
27.44
26.6
26.52
27.76
27.72
27.72
27.48
28.8
28.44
28.34
27.9
26.08
27.52
27.7
27.9
28.04
27.2
27.12
26.56
27.18
24.12
23.52
26.1
27.04
27.7
26.76
25.8
26.42
26.08
25.92
25.66
27.14
27.56
27.94
27.28
27.78
27.48
26.62
26.98
26.98
27.46
26.24
25.58
26.06
26.78
26.38
26.82
27.48
26.9
27.34
27.18
26.2
26.44
27.54
25.06
25.96
26.38
26.16
26.68
26.26
26.14
26.74
26.42
26.96
26.9
26.62
25.98
25.74
26.84
25.82
24.7
26.3
26.94
25.18
26.14
26.6
26.48
24.5
25.86
25.58
26.3
27.18
24.56
26.8
26.06
26.14
26.46
25.32
26.46
26.58
24.38
25.3
25.9
26.22
26.78
26.96
27.06
26.58
24.74
26.24
25.68
27.3
27.4
27.1
26.62
25.56
27.0
27.18
24.66
26.0
26.42
26.7
26.24
25.02
26.12
26.0
26.66
26.86
26.84
26.64
26.12
26.88
26.5
26.68
26.42
26.44
26.78
25.44
25.92
25.42
26.18
26.56
26.74
25.98
26.28
26.48
26.82
26.8
26.78
26.78
25.66
25.48
24.84
25.14
25.68
26.3
25.72
25.72
25.46
25.66
26.12
25.28
24.5
25.58
25.08
25.3
25.52
25.8
25.02
25.96
26.34
26.12
26.26
26.4
25.86
25.96
25.58
25.32
25.3
26.16
26.36
25.94
25.8
25.76
26.08
25.78
25.58
25.92
26.08
25.96
25.04
26.22
26.16
25.3
25.72
26.02
26.26
25.92
25.1
26.02
26.68
25.92
25.82
25.94
25.38
25.34
25.2
25.44
25.78
25.9
26.76
27.68
26.96
26.88
27.04
24.36
26.04
26.62
26.92
26.84
26.46
26.88
27.24
26.88
27.1
27.3
26.76
26.52
26.9
27.2
27.56
26.14
26.4
27.32
27.76
26.94
27.56
27.48
27.58
27.8
26.9
26.98
28.1
26.96
27.0
27.76
27.4
28.14
27.98
27.9
27.36
27.38
28.04
27.6
27.8
27.36
27.68
27.64
27.2
27.04
26.64
26.54
26.58
26.86
27.52
28.44
28.16
28.06
27.68
27.16
27.32
27.7
27.36
26.64
27.26
27.86
27.7
26.66
28.18
27.58
27.02
28.1
28.54
28.14
27.92
28.2
28.6
29.12
28.44
28.34
28.24
27.96
27.94
28.08
26.56
27.1
27.86
27.9
27.92
26.64
27.78
27.88
27.46
28.0
27.68
27.98
27.62
27.94
28.54
28.82
28.82
28.64
28.12
28.2
28.06
28.34
28.4
28.34
28.7
28.72
28.52
28.5
28.4
27.38
27.44
28.22
28.44
28.82
28.18
28.54
29.12
29.54
28.7
29.06
28.8
29.16
29.06
29.06
28.98
28.58
28.92
28.16
28.14
28.2
26.58
27.08
27.56
27.96
28.18
28.74
28.34
27.16
27.12
28.18
27.92
27.84
27.7
28.9
29.12
28.02
28.38
29.04
27.68
28.74
28.78
29.3
29.62
29.16
29.36
29.12
27.72
28.9
29.18
29.72
29.3
29.4
29.48
30.12
29.96
28.4
29.94
29.52
29.16
26.92
28.4
29.02
28.88
27.36
28.6
28.88
29.04
29.1
30.12
29.92
29.74
29.94
29.58
29.56
29.88
29.92
29.78
29.22
29.4
29.42
29.2
29.18
29.46
29.46
29.56
29.56
29.96
29.48
29.36
30.02
29.12
29.98
30.22
30.6
29.44
29.62
29.78
29.6
27.68
28.54
29.82
30.18
27.9
26.94
28.74
28.42
28.68
29.62
29.7
29.52
29.04
29.92
27.4
28.98
29.44
29.5
29.52
28.1
28.56
28.0
28.18
28.46
29.14
29.42
29.94
28.58
26.7
27.52
28.6
28.78
27.9
27.82
28.26
27.32
27.96
28.92
28.82
28.18
28.28
28.26
28.5
27.62
28.18
26.98
28.04
27.8
27.74
28.06
27.82
28.08
28.62
27.24
27.92
27.98
27.62
27.88
28.3
28.18
31.26
28.8
28.58
28.84
29.6
29.74
28.7
29.44
28.74
29.52
29.9
27.32
27.94
29.08
29.26
26.78
26.88
28.3
28.38
28.26
27.68
28.2
28.46
28.12
28.06
28.54
27.48
28.92
28.6
27.86
30.0
27.92
28.24
28.18
28.68
27.4
27.56
27.5
27.44
27.56
28.54
28.72
27.44
28.72
28.42
27.82
27.58
28.04
27.9
28.58
27.22
27.34
27.76
28.2
28.62
27.76
27.94
27.78
28.7
27.62
28.06
27.54
27.54
26.56
28.14
28.72
27.96
27.8
28.02
27.52
27.8
27.06
28.16
28.22
28.28
27.72
27.38
28.18
27.7
27.18
27.54
27.64
27.46
27.34
27.94
27.08
27.12
27.94
28.0
27.62
26.58
27.14
27.56
28.32
27.74
27.48
28.32
28.04
28.14
28.28
27.8
28.5
28.12
28.36
26.8
27.32
27.34
27.88
27.5
27.74
27.64
27.48
28.14
28.2
27.5
27.68
28.58
28.62
28.22
28.82
27.78
28.5
28.72
28.26
28.72
28.84
28.54
28.56
28.32
28.8
28.86
28.1
28.1
28.14
27.92
28.06
28.9
28.72
28.46
28.54
28.34
27.92
28.06
28.42
28.8
28.92
28.88
28.9
28.5
28.48
28.96
28.46
28.26
27.62
28.32
28.82
26.3
28.06
28.62
28.3
26.98
28.04
28.08
28.5
28.7
28.62
28.7
28.04
28.64
29.08
28.8
29.12
29.76
28.68
28.46
28.6
29.42
29.46
28.56
28.5
28.78
28.32
28.22
28.7
28.74
28.3
28.26
28.5
28.22
28.4
28.72
28.86
28.36
28.46
28.82
29.18
28.16
28.98
28.98
28.66
28.76
28.4
27.76
27.64
27.34
27.32
28.14
28.0
28.5
28.2
28.74
27.82
26.68
27.12
28.36
28.04
28.7
28.72
28.46
28.46
28.22
28.12
28.0
28.26
28.06
28.12
28.82
28.64
27.34
28.52
29.08
28.28
28.04
28.5
28.74
24.3
26.12
27.84
27.98
27.82
27.7
28.48
28.16
28.22
26.36
25.14
25.74
25.22
25.86
24.28
24.1
26.4
28.16
27.3
27.86
26.82
27.5
27.58
27.26
27.66
27.78
27.82
27.8
28.12
28.1
27.88
28.06
28.16
27.86
26.86
26.1
26.94
27.08
26.5
26.68
26.84
25.02
25.7
27.3
27.72
27.68
27.18
26.5
27.38
24.42
25.16
26.38
27.18
27.82
27.46
27.46
27.78
26.98
25.76
26.86
26.98
27.0
26.98
26.18
24.94
26.8
27.12
26.36
27.16
27.14
27.78
27.32
27.56
26.98
26.8
27.68
27.42
27.34
27.08
27.6
27.62
27.52
27.14
27.28
27.8
27.12
27.36
27.28
27.94
26.48
25.6
26.24
25.86
25.02
26.04
26.9
26.86
26.5
25.9
25.1
26.22
25.84
26.22
26.98
25.52
26.1
25.76
27.26
26.98
25.9
26.5
26.32
26.14
26.32
26.34
26.48
26.72
26.96
27.36
26.7
26.38
26.2
25.86
26.4
26.32
26.88
26.58
25.92
26.06
26.26
26.4
26.2
26.4
26.7
26.54
26.6
26.64
26.34
26.84
26.58
26.4
25.84
25.88
26.22
27.16
27.16
25.34
26.76
27.12
26.04
26.24
25.98
26.82
26.62
25.52
24.82
25.8
25.62
25.88
26.26
26.38
25.82
26.6
27.04
26.74
26.64
27.18
27.34
26.46
26.32
25.86
26.7
26.18
26.84
26.36
25.8
26.48
27.34
26.86
26.38
26.98
26.7
26.84
24.84
25.58
25.6
25.76
24.72
24.78
25.72
26.54
25.72
26.26
27.28
26.36
25.9
26.44
26.98
26.34
25.7
27.0
26.36
26.96
26.66
26.18
26.12
26.74
26.92
25.88
26.42
25.1
26.16
26.9
28.12
27.62
25.92
26.38
27.34
26.58
25.56
26.4
27.2
26.98
27.18
26.78
27.08
26.5
25.42
26.78
26.58
26.24
25.96
26.46
27.06
27.34
27.2
26.96
27.28
26.48
26.88
27.54
27.72
27.5
27.84
27.08
28.12
27.32
26.8
28.38
27.86
27.0
27.12
26.7
28.02
27.6
28.04
28.3
28.06
28.26
28.04
27.56
28.08
28.06
28.0
27.66
28.02
27.28
28.22
28.44
27.96
28.12
27.96
27.98
27.74
28.02
27.88
28.02
27.64
27.52
28.1
27.78
28.02
26.48
27.62
26.98
27.72
28.28
28.34
27.74
27.34
28.4
28.74
27.64
27.5
28.08
28.04
27.84
27.7
28.32
27.96
27.9
27.66
28.34
27.8
28.1
28.76
28.52
28.08
28.1
28.16
28.1
28.18
27.48
28.14
28.18
28.38
28.08
28.78
28.02
28.08
27.18
27.86
28.66
28.4
28.14
27.82
27.24
26.84
27.88
28.5
28.38
27.86
27.42
28.38
28.14
27.22
27.44
27.28
27.56
27.78
28.12
28.44
28.46
28.04
29.08
28.22
27.1
27.62
28.06
27.42
28.1
27.54
27.06
27.92
28.38
28.1
27.88
27.64
28.34
28.14
27.64
27.94
28.36
28.66
28.22
27.96
28.74
28.72
28.64
28.84
29.04
27.84
28.04
28.64
26.78
26.82
26.68
27.34
26.86
27.98
27.54
27.78
27.52
28.46
27.58
27.28
28.08
27.68
28.1
28.76
28.82
28.84
28.22
29.38
28.06
27.76
28.3
28.48
28.06
27.24
27.72
27.88
27.78
23.72
26.08
24.78
26.74
27.04
27.78
27.32
27.26
26.7
26.56
26.58
27.04
27.68
27.12
27.02
27.74
27.36
27.18
27.36
28.2
27.88
25.92
25.64
25.64
27.54
27.5
27.54
27.52
27.74
27.22
27.42
28.14
27.62
27.04
27.14
27.78
27.3
27.64
27.24
27.42
27.8
27.82
27.54
27.78
28.48
27.86
27.32
28.02
28.18
28.66
28.22
28.86
27.52
28.42
27.98
27.68
27.88
28.44
27.96
27.82
28.44
27.9
27.48
28.26
27.54
28.14
28.32
28.6
28.06
28.08
27.94
27.38
27.76
27.98
28.46
28.7
28.9
28.6
28.38
28.52
29.04
28.6
27.94
28.74
28.58
28.56
28.34
28.58
27.92
27.5
27.6
27.84
28.34
27.84
28.5
28.32
26.66
27.06
27.28
28.08
27.76
28.44
27.48
26.98
28.26
28.32
28.56
27.66
27.52
28.68
29.08
29.1
27.9
28.44
27.68
28.18
27.84
28.02
28.26
27.32
27.76
27.58
27.94
28.46
27.94
28.62
25.66
27.54
27.74
26.42
26.8
27.34
27.24
26.12
27.12
27.7
26.3
26.58
27.42
27.24
28.06
28.28
28.62
27.78
27.12
27.1
28.06
27.44
27.26
26.96
27.2
27.52
27.04
27.3
27.3
27.92
28.06
27.88
27.84
27.28
26.98
26.22
27.1
26.14
26.0
27.5
27.16
26.6
27.64
27.3
26.56
27.24
27.98
27.78
27.98
27.62
26.8
28.26
28.42
27.8249060094
27.28
27.52
27.78
27.12
27.44
27.32
27.36
27.56
27.46
26.98
26.88
27.28
27.92
27.9
28.2
27.68
27.02
27.44
27.78
27.92
27.26
27.6
27.26
27.16
27.16
28.24
28.12
26.94
27.7
28.14
28.1
27.44
27.42
28.42
28.26
27.54
27.18
27.34
27.48
28.18
28.48
27.46
27.68
28.04
28.08
27.4
27.74
28.24
28.74
28.38
28.22
27.92
28.7
28.9
29.16
28.48
27.6
27.44
28.08
27.9
27.74
28.06
27.98
28.44
27.84
27.82
27.94
28.48
28.34
28.22
28.32
28.52
27.88
28.3
28.2
28.0
27.64
28.06
27.94
27.28
27.4
27.8
27.68
27.38
27.38
28.14
27.3
28.12
28.38
28.36
27.96
27.22
27.04
28.02
28.1
28.64
29.06
28.66
28.02
28.84
28.86
28.42
28.26
28.24
28.44
28.28
27.82
26.74
28.18
28.44
28.42
28.22
28.8
28.36
28.14
28.72
28.08
27.88
28.1
28.08
28.66
29.02
29.32
28.74
28.66
28.66
28.5
28.06
28.22
28.58
29.18
28.82
28.36
28.86
28.78
28.74
29.02
29.32
28.92
29.18
29.34
29.06
28.44
28.28
28.94
29.5
29.02
28.86
28.9
28.68
28.84
29.3
29.02
28.4
29.2
28.86
29.2
28.72
26.4
28.7
28.62
28.48
28.86
28.42
28.58
28.16
27.84
28.0
28.82
28.8
28.72
29.3
29.4
28.8
28.8
28.26
28.78
29.74
30.16
29.28
29.6
29.92
29.68
29.5
28.78
28.38
27.2
27.5
28.16
29.1
29.12
28.64
28.5
29.16
28.96
29.58
29.46
29.5
29.58
30.38
30.36
29.64
30.14
30.16
28.82
29.56
29.24
29.48
29.94
29.02
29.46
29.8
29.9
29.5
29.58
29.04
26.7
28.22
29.12
28.42
28.02
27.38
27.96
28.8
28.34
27.92
28.9
29.6
29.18
29.16
28.68
28.58
29.26
28.94
29.02
29.04
28.28
28.86
29.86
29.78
29.86
29.58
28.6
28.24
27.84
28.1
26.7
28.14
24.8
27.2
28.5
26.86
26.4
27.58
28.28
28.16
27.74
27.96
26.66
27.56
27.7
27.98
28.68
28.8
27.82
28.18
28.7
28.32
28.46
28.32
28.22
29.02
26.46
26.78
27.6
27.58
27.52
27.38
27.4
27.02
28.22
26.82
27.62
27.66
27.54
27.1
27.22
27.34
27.16
27.26
26.98
26.9
27.72
27.86
27.5
26.36
26.64
26.94
26.14
27.46
27.28
26.66
26.12
27.42
27.34
27.98
27.34
27.34
27.88
27.38
27.8
25.88
26.88
26.68
27.32
27.86
27.72
27.4
27.34
26.9
26.7
26.68
25.24
24.84
26.24
26.8
26.54
26.42
26.96
27.18
26.28
26.0
26.36
26.44
26.24
25.94
26.88
27.12
26.94
26.54
27.02
26.56
27.36
27.54
27.26
26.98
27.6
26.68
26.84
27.0
27.56
26.64
26.64
27.0
26.76
27.4
27.1
26.78
26.72
26.62
27.6
26.98
27.44
27.62
27.78
27.88
28.1
27.3
27.9
27.36
27.82
27.88
28.38
27.48
27.6
27.62
27.92
27.94
27.84
26.92
27.12
28.46
28.5
27.52
27.26
27.74
28.28
28.24
27.9
27.74
27.98
28.34
28.3
27.96
27.96
28.06
28.68
27.9
27.56
28.54
28.64
28.88
27.98
28.66
28.0
27.52
27.84
27.92
27.86
28.44
28.58
28.16
27.98
28.16
28.08
28.08
28.56
27.9
28.0
28.54
28.8
28.78
28.6
28.0
27.64
27.42
28.46
28.54
28.08
28.18
27.44
27.8
28.52
28.68
28.46
28.32
28.64
28.28
27.06
27.12
27.86
28.1
27.66
28.16
28.56
28.62
27.18
28.22
29.04
28.66
28.62
28.9
28.58
27.72
27.96
28.36
28.28
28.42
27.78
27.46
28.22
27.46
28.9
27.58
28.1
27.42
27.92
28.32
28.28
27.64
27.26
28.02
28.16
28.94
28.72
28.36
28.14
27.82
27.56
28.2
28.4
28.52
28.02
27.9
27.36
27.5
28.16
28.16
28.1
27.46
27.68
27.64
25.26
27.82
28.36
28.44
28.78
29.46
28.56
28.56
28.86
28.18
28.12
28.44
28.5
28.38
28.12
28.08
28.08
29.02
28.44
28.64
27.92
28.5
28.38
27.98
28.24
28.94
29.22
29.0
28.86
28.74
28.18
27.56
27.64
28.62
29.08
28.7
28.44
29.02
29.26
29.02
29.12
28.12
28.96
28.62
29.0
28.36
27.5
27.88
28.24
29.1
28.68
27.94
28.58
28.86
28.52
27.5
28.78
27.82
27.86
26.28
28.52
27.42
28.84
28.1
28.12
28.72
29.3
28.84
28.62
28.26
28.3
28.02
27.8
28.96
29.34
29.0
29.44
27.64
28.7
29.0
28.1
27.52
28.86
27.22
28.28
28.86
28.16
28.22
28.88
27.24
28.7
29.52
29.1
29.0
29.1
29.66
28.12
28.48
28.7
27.66
27.6
27.32
28.14
28.0
28.92
27.2
27.32
26.86
25.8
27.06
26.7
27.5
28.38
28.66
28.22
28.34
27.82
27.5
28.1
28.16
28.52
28.44
28.4
27.92
28.62
28.18
28.74
27.94
28.48
28.26
27.54
27.52
27.62
28.18
27.5
28.08
27.82
27.84
27.22
28.02
28.36
27.12
25.78
27.34
27.2
25.74
26.72
27.46
27.6
27.78
27.8
27.42
26.92
27.52
27.5
27.64
27.06
27.06
27.84
27.46
27.36
27.06
26.68
27.1
27.54
27.82
28.22
27.92
27.08
27.84
27.52
27.3
27.6
27.12
27.66
27.74
28.02
25.74
27.14
27.58
27.94
27.4
27.62
27.08
28.08
26.94
27.26
27.5
27.96
27.88
27.84
27.62
27.2
27.3
27.88
26.54
26.78
27.0
28.26
28.1
27.4
28.26
26.9
27.64
26.52
27.68
27.54
26.86
26.72
27.18
26.94
26.7
27.6
27.52
26.5
27.56
26.42
26.32
26.76
27.02
26.44
27.22
26.88
27.08
27.42
27.64
28.06
27.38
27.76
27.46
28.24
27.38
27.38
27.36
27.38
27.38
27.64
27.7
26.94
26.7
27.4
27.3
27.82
27.8
27.74
26.96
27.94
28.18
27.12
27.08
27.0
28.54
28.22
28.06
27.6
26.58
27.04
27.72
27.78
27.94
27.94
28.7
27.0
26.54
28.76
28.38
27.64
28.54
28.5
27.84
27.5
27.54
27.86
26.88
27.76
28.4
28.3
28.28
28.6
28.2
28.46
28.18
28.18
28.14
28.08
28.24
27.8
28.14
29.08
29.2
28.48
27.1
28.14
28.82
29.28
29.14
29.44
29.08
28.5
28.68
28.68
29.02
28.4
28.72
28.02
28.02
28.04
28.4
28.56
28.4
28.22
28.88
27.98
28.66
28.16
27.88
28.48
28.98
28.02
28.42
28.2
28.64
27.88
27.74
27.44
27.98
28.2
28.3
28.02
28.36
28.52
27.78
27.84
27.8
26.78
27.86
26.68
27.16
27.58
28.3
28.86
28.24
27.16
27.54
28.82
27.66
28.28
29.04
29.38
28.52
27.12
27.88
28.64
28.72
29.24
28.62
28.68
28.46
28.52
27.56
28.34
28.46
28.08
28.1
28.26
27.98
28.44
28.44
28.28
28.38
28.36
28.64
29.02
28.72
28.36
28.0
27.46
