0.067488070517
0.0674880608501
0.0674880419994
0.0674880143753
0.0674879783215
0.0674879341203
0.0674878819978
0.0674878221275
0.0674877546347
0.0674876795992
0.0674875970585
0.0674875070104
0.0674874094149
0.067487304196
0.0674871912436
0.0674870704145
0.0674869415337
0.067486804395
0.067486658762
0.0674865043679
0.0674863409166
0.067486168082
0.0674859855087
0.067485792811
0.0674855895733
0.0674853753489
0.0674851496599
0.0674849119964
0.0674846618151
0.0674843985389
0.0674841215554
0.0674838302158
0.0674835238333
0.067483201682
0.0674828629946
0.0674825069612
0.0674821327272
0.0674817393911
0.0674813260024
0.0674808915594
0.0674804350064
0.0674799552314
0.0674794510629
0.0674789212673
0.0674783645454
0.0674777795291
0.0674771647781
0.0674765187756
0.067475839925
0.0674751265452
0.0674743768661
0.0674735890243
0.067472761058
0.0674718909015
0.06747097638
0.0674700152038
0.067469004962
0.0674679431161
0.0674668269935
0.0674656537801
0.067464420513
0.0674631240727
0.067461761175
0.0674603283622
0.0674588219946
0.067457238241
0.0674555730692
0.0674538222358
0.0674519812764
0.0674500454943
0.0674480099505
0.067445869452
0.0674436185408
0.0674412514828
0.0674387622562
0.0674361445407
0.0674333917064
0.0674304968037
0.0674274525532
0.0674242513369
0.0674208851906
0.0674173457974
0.0674136244835
0.0674097122155
0.0674055996009
0.0674012768921
0.0673967339929
0.0673919604707
0.0673869455727
0.0673816782484
0.0673761471775
0.0673703408057
0.0673642473871
0.0673578550357
0.0673511517839
0.067344125651
0.0673367647189
0.0673290572168
0.0673209916118
0.0673125567065
0.0673037417391
0.067294536485
0.0672849313559
0.0672749174924
0.0672644868458
0.0672536322439
0.0672423474358
0.0672306271106
0.0672184668858
0.0672058632635
0.0671928135507
0.0671793157482
0.0671653684098
0.0671509704798
0.0671361211201
0.0671208195391
0.0671050648383
0.0670888558908
0.0670721912661
0.0670550692089
0.0670374876745
0.0670194444108
0.067000937069
0.0669819633122
0.0669625208869
0.0669426076253
0.0669222213711
0.0669013598657
0.0668800207141
0.066858201669
0.0668359016162
0.066813122799
0.0667898749193
0.0667661817117
0.0667420902704
0.066717682683
0.0666930883202
0.066668493603
0.0666441447412
0.0666203387389
0.0665973998679
0.0665756430791
0.066555331165
0.0665366362474
0.0665196158177
0.0665042087537
0.0664902498963
0.066477496347
0.0664656567825
0.0664544165419
0.0664434542843
0.0664324488533
0.0664210766331
0.0664089999613
0.066395846256
0.0663811754773
0.0663644300043
0.0663448545988
0.0663213615724
0.0662922895975
0.0662549438222
0.0662046568482
0.0661327257826
0.0660215423382
0.0658326262578
0.0654813322689
0.0648499460266
0.0642035096401
0.0641658017285
0.0642680227165
0.0640999071124
0.0637259389151
0.0633849367723
0.0632299232504
0.0632036716616
0.0630995088466
0.0627921313108
0.0623689667068
0.0621414628303
0.0621442230638
0.0619941923958
0.0616780949844
0.0614890533087
0.061325990475
0.0610557512666
0.0608395480779
0.0607048290684
0.0604482338008
0.0600653750023
0.0596751063378
0.0585575046276
0.057463564188
0.0587875485522
0.0561023315811
0.0566132195793
0.0545200414374
0.0535183755761
0.0567259242602
0.0560575889326
0.0514854453162
0.0505720090909
0.0490784245206
0.0479140268785
0.0490374291054
0.0486134974441
0.0479778018335
0.045661654726
0.0463926244795
0.0463065221175
0.044964461556
0.044018259315
0.04404397923
0.0437179228757
0.0420814881373
0.0417574202294
0.0418546825741
0.0414579676333
0.0409591554869
0.0407465628255
0.0411560567752
0.0414508069373
0.0402653056196
0.0395788672674
0.0390353953189
0.0408081778493
0.0385940438861
0.0381848188908
0.0390706173472
0.0382605722419
0.0386662002612
0.0375810075174
0.0385520406129
0.0383561076395
0.0374982882703
0.0381608475978
0.0420699975913
0.0378080352864
0.0447465201965
0.0462545751129
0.0431861660641
0.0363582774432
0.0426168148619
0.0396823334351
0.0387357459528
0.038273786663
0.0383056706639
0.0382784518977
0.0383100240706
0.0361773680059
0.0361757923774
0.0341878005369
0.0362215899509
0.0330812454843
0.0348660715444
0.0350672034277
0.032981697083
0.0339410381995
0.033016306095
0.0314447937532
0.0318909824207
0.0307114123649
0.0314870349815
0.0305163595246
0.0304449651561
0.0291246575928
0.0293600025506
0.0294383467241
0.0287668295985
0.0285051640934
0.029097555746
0.0300015958558
0.0328590003911
0.0269365037946
0.0315138841156
0.0301117337741
0.0277915252062
0.0293923365969
0.0267962953828
0.0281313420369
0.0274417756299
0.0256104964108
0.026969972711
0.0261502791251
0.0250905717848
0.02649378564
0.0260264363902
0.0249926895419
0.0259255554042
0.025675317724
0.024620254319
0.0251407323427
0.0247684935291
0.0241400461697
0.0245890796269
0.0242134378335
0.024030755916
0.0243357462036
0.0239627699587
0.0239858258792
0.0240347618566
0.0236646600105
0.0237706061186
0.0235802550144
0.0234515150356
0.0234943624945
0.0232813906623
0.0233825989004
0.0231882124268
0.023233702408
0.0230650535712
0.0230522479911
0.0229153834822
0.0229041566681
0.0227849889364
0.0227810333794
0.0226556369323
0.0226335876012
0.0225192500912
0.0224377881305
0.0223893779087
0.0222775960223
0.0221903198548
0.0221342611264
0.0220555904833
0.0219542583068
0.0218483232898
0.0217510046797
0.0216738884409
0.0216958354976
0.0220793609012
0.0241594541969
0.0221342748943
0.0210770444744
0.0221906029649
0.0208656110102
0.0215619657559
0.0211989067325
0.0206317078068
0.0213997787433
0.0206997239389
0.0203122996326
0.0210059873456
0.0208351088837
0.0199441738428
0.020150128202
0.0207557450595
0.0202160410073
0.0196924598149
0.0194116337895
0.0194410319359
0.0198035155706
0.0204853545198
0.0236149695024
0.0190169064183
0.0219778440433
0.0196706892499
0.0207583092124
0.0186658217718
0.0204337724411
0.0194901106917
0.0185991327459
0.0198212326418
0.0192405416949
0.0181646403988
0.0190593340951
0.0194467529946
0.0182392105471
0.0181598845183
0.0188407455223
0.0184933011323
0.0178349860816
0.0182340146045
0.0183204697256
0.0177323777388
0.0178938396178
0.0180772855909
0.0177011425626
0.0176340946044
0.017851100015
0.0175554401572
0.0175354505739
0.0176427187516
0.0174156290793
0.0174459365837
0.0174585407152
0.0172861812639
0.0173787353689
0.0172649229726
0.0172322085993
0.0172337515607
0.0171288972669
0.0171626254097
0.0170512312196
0.0170733033168
0.0169836558738
0.0169802779924
0.0169149433917
0.0168972542011
0.016831763949
0.0168165749734
0.0167448741721
0.0167311194673
0.0166650779138
0.0166189769639
0.0165913764199
0.0165279974314
0.0164646858869
0.0164261454003
0.0163965904711
0.0163632852917
0.0163814270446
0.0164324910742
0.0167948012647
0.0170052700297
0.0184777580232
0.0161059413458
0.019305000433
0.0161585954331
0.018064119537
0.0166067628655
0.0165119800837
0.0170922409071
0.015918091001
0.0169193611498
0.0162982116754
0.015639792771
0.016557396327
0.0158408180078
0.0154972889949
0.0160839224308
0.0156305696175
0.0153410744445
0.0158424735295
0.015217709613
0.0155160094651
0.015451920364
0.0151500877277
0.0154535518274
0.0150722480285
0.0152613910242
0.0151226988047
0.0150589243548
0.0151070690792
0.0149587691645
0.0150502509064
0.0148828928093
0.0149794174317
0.0148236330906
0.0148862797791
0.0147639929499
0.014817244236
0.0146986796072
0.0147350845823
0.0146408758901
0.014655249749
0.0145971423022
0.0145561112761
0.0145517701171
0.0144761236762
0.0144519470476
0.0144369104491
0.0143806838695
0.0143237347905
0.0142973038691
0.0142888972035
0.0142899398936
0.0143591018308
0.0144032884568
0.0147184061187
0.0146472325138
0.0154044977127
0.014033001482
0.0160568083976
0.0141319865841
0.015178744366
0.0141214372671
0.0144903669351
0.0141960225922
0.0140680768115
0.0143105593893
0.0136252052497
0.0142594297323
0.013534051915
0.0138960356887
0.0137485725266
0.0135430383894
0.0137453914759
0.013433133375
0.0136477128412
0.013325038861
0.0135658020158
0.0132742273721
0.0134395460114
0.0132401097146
0.0133721363808
0.0131836203776
0.0132799654041
0.0131306863829
0.0132204660523
0.01308081284
0.0131222436391
0.0130470640506
0.0130210512404
0.0130354374963
0.0129417887637
0.0129670297709
0.0129320152205
0.0128555801085
0.0128763645114
0.0128569046676
0.0127709863011
0.0127491673256
0.0127704720656
0.0127436015712
0.0127195060251
0.0126871198275
0.0127536598488
0.0128987878166
0.0136568067306
0.0124620243691
0.0138122357055
0.0126594350035
0.0132160143592
0.0123987378809
0.0130164155785
0.0128330233716
0.0123437422828
0.0128905263042
0.0127186352412
0.0121709477754
0.012558560359
0.0124765770311
0.0121112646893
0.0124411024103
0.0122705928053
0.0120723393492
0.0123314354395
0.0120322634636
0.0121452806776
0.0121393883356
0.0119708651416
0.0121247967388
0.0119368794763
0.0120279405915
0.011957431926
0.011930597337
0.0119396897363
0.0118744666341
0.011906576257
0.0118261509181
0.0118667331317
0.0117925424947
0.0118193548388
0.0117575437049
0.0117764304902
0.0117272146435
0.0117274176708
0.0116954187828
0.0116768981551
0.0116676460443
0.0116285945226
0.0116275548497
0.0116011997615
0.0115667140241
0.0115592025694
0.0115451201262
0.0115092513344
0.0114749955511
0.0114473298625
0.0114249707351
0.0114131663947
0.0114467200224
0.0117105115278
0.0124231208539
0.0121624306935
0.0112984687587
0.0127521987529
0.0116681140217
0.0119598955205
0.0116365629415
0.0111946828639
0.0116829227998
0.0113004790372
0.011529539568
0.01106195712
0.0114207592596
0.0110133581075
0.0114505964772
0.010957728791
0.0111651811831
0.0109768284032
0.0109150761376
0.0110557715773
0.01080940058
0.0109971246624
0.0109625535682
0.0107516532381
0.0109866700353
0.0110498643449
0.0106756518841
0.0109430903942
0.0112886138665
0.0106536095083
0.0107717151863
0.0113138644002
0.0106512213764
0.0115544110292
0.0105577424724
0.0111439043977
0.0112629448147
0.0104432592301
0.0111767599004
0.0110299946681
0.0104074935982
0.0109569602735
0.0111057260017
0.0105584156643
0.0103933815773
0.0108454763376
0.0107830642216
0.0103335075407
0.0104005240179
0.0106526198871
0.0105490841918
0.0102760630128
0.0103517678425
0.010508663679
0.0103194730164
0.0102383744722
0.0103728563963
0.0103409033702
0.0102055710067
0.0102705410249
0.0102997779047
0.0101884905795
0.0102180200983
0.0102521242895
0.0101754533807
0.0101761248421
0.0102100923742
0.010149302165
0.0101522881416
0.0101711911062
0.0101255833096
0.0101281284593
0.0101363916567
0.0100990988011
0.0101079323859
0.0101021794611
0.0100761279997
0.0100862242526
0.0100665475333
0.010058108455
0.0100568727034
0.0100365582145
0.0100388149404
0.010020312935
0.0100170510674
0.0100038057032
0.00999570215934
