1.0, 0.561651447495
1.0, 0.676473823504
1.0, 0.547151476394
0.0, 0.714946591842
1.0, 0.516590406811
1.0, 0.790832254603
1.0, 0.812396948582
0.0, 0.794956157934
1.0, 0.613198254009
0.0, 0.677546681716
0.0, 0.524149521202
1.0, 0.701824308855
1.0, 0.804335904998
1.0, 0.76955773498
1.0, 0.80320975844
1.0, 0.798595933393
1.0, 0.821820321105
1.0, 0.805710479657
1.0, 0.806698614365
1.0, 0.807882416154
1.0, 0.831509472473
1.0, 0.862059106078
1.0, 0.781829113723
0.0, 0.783964588667
1.0, 0.79149120308
1.0, 0.769278005642
1.0, 0.811081957394
1.0, 0.150564876289
1.0, 0.651139208619
1.0, 0.737059770344
1.0, 0.622364927183
0.0, 0.60366914069
0.0, 0.234409970177
1.0, 0.255410764248
1.0, 0.812727555653
1.0, 0.772334821303
1.0, 0.654029210093
1.0, 0.857097012713
1.0, 0.814050279708
1.0, 0.787962625686
1.0, 0.778420447086
1.0, 0.819969423345
1.0, 0.828109290208
0.0, 0.798437668513
0.0, 0.766563952468
0.0, 0.683663531835
1.0, 0.543848966922
1.0, 0.737030949741
1.0, 0.786510017449
1.0, 0.823011024338
1.0, 0.832788241113
0.0, 0.78090404083
1.0, 0.788161971669
1.0, 0.849341652945
1.0, 0.750518680244
1.0, 0.715669817689
1.0, 0.763635395566
0.0, 0.707314477832
1.0, 0.615209696226
1.0, 0.695209875906
1.0, 0.761624475235
1.0, 0.744021546227
1.0, 0.743409641287
1.0, 0.776932373263
1.0, 0.746167661007
1.0, 0.749272600562
0.0, 0.802853689284
1.0, 0.723305898677
1.0, 0.671309971488
1.0, 0.761831028147
1.0, 0.825102190711
1.0, 0.815154705809
1.0, 0.766832008337
1.0, 0.821059840848
0.0, 0.838780731189
0.0, 0.790877209256
1.0, 0.679671167798
1.0, 0.823913808475
1.0, 0.730539604043
1.0, 0.764887237654
1.0, 0.740526355876
0.0, 0.722724404232
1.0, 0.450053838005
1.0, 0.70666063946
1.0, 0.738891187368
1.0, 0.701270154365
1.0, 0.737525977825
1.0, 0.732887483169
1.0, 0.758556439697
1.0, 0.746140851507
1.0, 0.789095151881
1.0, 0.795885721114
1.0, 0.780690112902
1.0, 0.816469651785
1.0, 0.789297654491
1.0, 0.828808306984
1.0, 0.831834910587
1.0, 0.788308816822
1.0, 0.817968439887
1.0, 0.812015028045
1.0, 0.829242007893
1.0, 0.825018517818
1.0, 0.825865488297
1.0, 0.864790020606
1.0, 0.81656343791
1.0, 0.788723120761
0.0, 0.261145268453
0.0, 0.138179652601
0.0, 0.32434546547
1.0, 0.341018318179
1.0, 0.686182106932
0.0, 0.749259851533
0.0, 0.412557179087
1.0, 0.663533626531
1.0, 0.81645794246
1.0, 0.772821654601
0.0, 0.76225870582
0.0, 0.635864878497
1.0, 0.688606814058
1.0, 0.815741123025
1.0, 0.771482187563
1.0, 0.76339038071
0.0, 0.812856645496
1.0, 0.768718577926
1.0, 0.732325293912
1.0, 0.793603452223
1.0, 0.808267808358
0.0, 0.820320538934
1.0, 0.758771807806
0.0, 0.762423320804
1.0, 0.54028117445
1.0, 0.761913242931
1.0, 0.817033417004
0.0, 0.656858400119
1.0, 0.440008081952
0.0, 0.581061441388
1.0, 0.426175348112
1.0, 0.550898993311
0.0, 0.688017773304
0.0, 0.453686303505
0.0, 0.628232668321
0.0, 0.237633811821
1.0, 0.459592581787
1.0, 0.688065771422
1.0, 0.684777011446
1.0, 0.668705703441
1.0, 0.65138750307
1.0, 0.736011451379
1.0, 0.812360447076
1.0, 0.752800005693
1.0, 0.82030111529
0.0, 0.870971809103
0.0, 0.785883835708
1.0, 0.640882870755
1.0, 0.77763076453
1.0, 0.830799263329
1.0, 0.805010826987
0.0, 0.827457422428
1.0, 0.770813980031
1.0, 0.817852810979
1.0, 0.435991692237
1.0, 0.825132121263
1.0, 0.654597441185
1.0, 0.710406441191
1.0, 0.693552936261
1.0, 0.735628693142
1.0, 0.71455377752
1.0, 0.787041241158
1.0, 0.741775509662
1.0, 0.798810063982
1.0, 0.716968407738
1.0, 0.816574372429
1.0, 0.794005817908
0.0, 0.840370970991
1.0, 0.665540876429
1.0, 0.75461748692
1.0, 0.841777295832
1.0, 0.812490991259
1.0, 0.81734720382
1.0, 0.81013640589
1.0, 0.849237723838
1.0, 0.770166764794
1.0, 0.818044473418
0.0, 0.859034390422
1.0, 0.76257017104
1.0, 0.808133481828
1.0, 0.535619436098
1.0, 0.669237227618
1.0, 0.706234802956
1.0, 0.783743556561
1.0, 0.78673983958
1.0, 0.750269678648
1.0, 0.729055636922
0.0, 0.705793512303
0.0, 0.645226651898
0.0, 0.664854894754
1.0, 0.461878988385
1.0, 0.75261268908
1.0, 0.713457554323
0.0, 0.79576066973
1.0, 0.712726715687
1.0, 0.773863849796
1.0, 0.853915764307
1.0, 0.729737743217
1.0, 0.873951858133
1.0, 0.831808346186
1.0, 0.752092768514
1.0, 0.840612634782
1.0, 0.837810467085
1.0, 0.832992315338
1.0, 0.822280108102
1.0, 0.812451530151
0.0, 0.569602218356
1.0, 0.0867857660285
1.0, 0.703166377441
1.0, 0.702014141193
1.0, 0.691460052594
1.0, 0.736240252106
0.0, 0.660512444335
1.0, 0.61342511842
1.0, 0.76513118881
1.0, 0.815233735126
0.0, 0.737981206755
1.0, 0.643961779214
1.0, 0.791447195447
1.0, 0.821411175181
1.0, 0.736757445637
1.0, 0.828944345486
0.0, 0.790243445539
1.0, 0.654942666564
1.0, 0.706034474967
1.0, 0.76186345745
1.0, 0.808798488663
1.0, 0.731400747538
1.0, 0.802768486744
1.0, 0.814300377205
1.0, 0.769115411218
1.0, 0.853130501171
1.0, 0.857699371488
1.0, 0.579161844045
1.0, 0.670593381357
1.0, 0.615092591992
1.0, 0.688498454012
1.0, 0.664712117652
0.0, 0.677978587431
0.0, 0.543082327494
1.0, 0.607661435909
1.0, 0.703703098565
0.0, 0.645089703885
0.0, 0.502082413872
1.0, 0.636720388881
1.0, 0.781799849323
1.0, 0.653418576792
1.0, 0.776604372864
1.0, 0.862963756177
1.0, 0.82754704227
0.0, 0.669214396254
0.0, 0.408924943989
0.0, 0.483253801012
0.0, 0.233926886919
0.0, 0.341699509514
1.0, 0.319995103905
0.0, 0.640656967756
0.0, 0.225979732074
0.0, 0.454527207519
1.0, 0.361644955228
0.0, 0.729245035117
0.0, 0.361537302659
0.0, 0.636758700108
1.0, 0.474312161238
1.0, 0.69917893681
1.0, 0.775040893819
1.0, 0.828060014644
1.0, 0.83134384206
1.0, 0.782388044546
1.0, 0.761629384013
1.0, 0.836976805848
1.0, 0.825019772252
1.0, 0.827859816821
1.0, 0.816245280231
1.0, 0.839198784745
1.0, 0.832724951604
1.0, 0.698446922882
0.0, 0.746003942288
0.0, 0.540613214278
1.0, 0.567313929716
1.0, 0.694875864073
1.0, 0.69146175902
1.0, 0.782212944665
1.0, 0.852478521088
0.0, 0.753331426107
1.0, 0.771731763509
1.0, 0.710836668634
1.0, 0.799233227326
1.0, 0.814215469999
1.0, 0.786863768304
0.0, 0.757889417219
0.0, 0.794973963608
0.0, 0.712916914066
1.0, 0.596283012074
1.0, 0.675324119884
1.0, 0.754123376476
1.0, 0.726261685896
0.0, 0.767651228335
1.0, 0.769615345521
1.0, 0.823831502953
1.0, 0.800652967711
1.0, 0.727915885395
1.0, 0.590551795463
1.0, 0.690673110934
0.0, 0.76793851424
0.0, 0.599803380965
1.0, 0.598402096382
1.0, 0.730990322216
0.0, 0.653619819407
1.0, 0.545007265945
1.0, 0.616708970472
1.0, 0.753436001718
1.0, 0.717075403122
1.0, 0.746642488773
1.0, 0.828081891796
1.0, 0.872046404117
0.0, 0.795002409147
0.0, 0.736499226698
1.0, 0.674361671868
1.0, 0.832427108675
1.0, 0.882882079498
1.0, 0.587714080751
1.0, 0.853790088229
0.0, 0.85623352226
1.0, 0.756883303625
1.0, 0.824419994852
1.0, 0.861911447621
1.0, 0.764887481325
1.0, 0.824886087581
1.0, 0.585385283439
1.0, 0.711093980708
0.0, 0.67253570925
1.0, 0.60479502241
0.0, 0.634907344734
0.0, 0.483980429701
0.0, 0.614556928946
0.0, 0.235629536008
1.0, 0.485828788763
1.0, 0.602673160185
0.0, 0.724906252772
1.0, 0.74420388484
1.0, 0.769671313198
0.0, 0.811356635343
1.0, 0.747996460942
1.0, 0.768259914139
1.0, 0.810020110621
0.0, 0.862337756123
1.0, 0.692836281177
1.0, 0.788484750515
1.0, 0.870329033953
1.0, 0.813433232101
0.0, 0.771443111667
1.0, 0.777290290838
1.0, 0.802947710531
0.0, 0.790087070538
0.0, 0.779306853176
0.0, 0.671806267601
1.0, 0.569146519119
1.0, 0.702917509533
0.0, 0.802681606566
1.0, 0.597126184188
0.0, 0.563322484579
1.0, 0.449684346756
0.0, 0.675194445756
1.0, 0.452014877678
1.0, 0.736239300152
1.0, 0.842920814222
0.0, 0.732499359554
0.0, 0.742722984425
1.0, 0.579904670044
1.0, 0.835415790992
1.0, 0.785768457354
1.0, 0.801838853868
1.0, 0.81432121489
1.0, 0.793230596092
1.0, 0.820635085863
1.0, 0.796060654185
1.0, 0.812120253729
0.0, 0.8352622428
0.0, 0.735356265342
1.0, 0.583464930861
1.0, 0.650940802222
0.0, 0.720052305573
0.0, 0.495807882587
0.0, 0.639809694628
0.0, 0.32363683878
0.0, 0.461006842041
0.0, 0.623004763766
0.0, 0.63023883362
1.0, 0.666476183336
0.0, 0.60250788716
1.0, 0.753257704262
1.0, 0.393048760016
1.0, 0.745559464577
0.0, 0.587466555405
0.0, 0.653516536539
0.0, 0.684020404054
1.0, 0.484027368164
0.0, 0.577031584296
1.0, 0.622501346731
1.0, 0.67889969501
1.0, 0.746493591483
1.0, 0.623795679655
0.0, 0.725726211689
1.0, 0.721116497529
1.0, 0.628326512876
1.0, 0.724543869051
1.0, 0.6903443299
1.0, 0.559202713169
1.0, 0.585339135629
1.0, 0.607045075256
0.0, 0.624185223062
1.0, 0.610979054213
1.0, 0.616031589479
1.0, 0.712652732158
1.0, 0.456180813
1.0, 0.684349096948
0.0, 0.673527563264
1.0, 0.56641760564
1.0, 0.666638561119
0.0, 0.734654442705
1.0, 0.680456948481
1.0, 0.698214258025
1.0, 0.791979936357
0.0, 0.546954829104
1.0, 0.734452544038
1.0, 0.75708671089
0.0, 0.764496109846
1.0, 0.696370831085
1.0, 0.761272775802
1.0, 0.768487754341
0.0, 0.656287376659
1.0, 0.332584004774
1.0, 0.485089615763
1.0, 0.732469746177
1.0, 0.608858889233
1.0, 0.574170614252
0.0, 0.591042220383
1.0, 0.591555596724
1.0, 0.614794826587
1.0, 0.684794556388
1.0, 0.620290912101
1.0, 0.662554560628
1.0, 0.643597913432
1.0, 0.657144701289
1.0, 0.670516444597
0.0, 0.842687254387
1.0, 0.808344314453
0.0, 0.674332654029
0.0, 0.46458694538
1.0, 0.749150582171
1.0, 0.735467342149
0.0, 0.723369821154
1.0, 0.682549407895
0.0, 0.810418877296
0.0, 0.410974606254
1.0, 0.777028154359
0.0, 0.242263112932
1.0, 0.300846559528
0.0, 0.636586426698
0.0, 0.181958959427
1.0, 0.321919322817
1.0, 0.73140308939
1.0, 0.683744360108
1.0, 0.618971442731
1.0, 0.674800237816
1.0, 0.733148298368
1.0, 0.78156421594
0.0, 0.819243415282
1.0, 0.718155827851
1.0, 0.726578269429
1.0, 0.827557336906
1.0, 0.801765234309
1.0, 0.791809108053
1.0, 0.867322591216
0.0, 0.791707736852
1.0, 0.699631373009
0.0, 0.849849551636
1.0, 0.534567415864
1.0, 0.731799485727
1.0, 0.815363437623
0.0, 0.789382619595
0.0, 0.763415974062
0.0, 0.727174659396
0.0, 0.120437556875
0.0, 0.293862883401
0.0, 0.342629618489
1.0, 0.356289475058
1.0, 0.671566590492
1.0, 0.752192951882
1.0, 0.286803395276
0.0, 0.673141415458
0.0, 0.256812666905
0.0, 0.40824813163
0.0, 0.22570398905
0.0, 0.3820260663
0.0, 0.415647884472
0.0, 0.443347852397
0.0, 0.413970381695
0.0, 0.454734341073
0.0, 0.461325197825
0.0, 0.445197153908
1.0, 0.433221027841
1.0, 0.730135719882
1.0, 0.751149515039
0.0, 0.623200397191
1.0, 0.387873384887
1.0, 0.83119560411
0.0, 0.746542185672
1.0, 0.641176566712
1.0, 0.822328397625
0.0, 0.851273035962
0.0, 0.738961148424
1.0, 0.719108353053
1.0, 0.897024638143
1.0, 0.759949944362
0.0, 0.716845671436
0.0, 0.0449275797954
0.0, 0.237793406516
1.0, 0.283395733647
1.0, 0.639571946437
0.0, 0.734715570152
1.0, 0.469941595201
1.0, 0.664192220386
0.0, 0.748891858694
0.0, 0.418602959315
1.0, 0.62191420271
1.0, 0.717540444896
0.0, 0.715357538766
1.0, 0.623222329335
1.0, 0.825316348833
1.0, 0.825626109604
0.0, 0.746859012274
1.0, 0.297461363403
0.0, 0.696052403339
1.0, 0.406574382572
0.0, 0.356532442817
0.0, 0.46476814863
0.0, 0.290767011596
0.0, 0.346874269389
1.0, 0.426414913187
1.0, 0.734809496233
1.0, 0.793855487532
1.0, 0.751922555406
1.0, 0.801445428246
1.0, 0.705318614059
0.0, 0.658023912071
1.0, 0.655162972846
1.0, 0.646811489656
1.0, 0.717005095545
1.0, 0.646134866953
1.0, 0.700749263252
0.0, 0.730372769973
0.0, 0.640453314707
1.0, 0.698040280265
1.0, 0.738185548916
1.0, 0.716526704096
1.0, 0.640564014117
1.0, 0.716391134576
1.0, 0.343530284219
1.0, 0.690446373488
1.0, 0.784894106997
0.0, 0.64461430245
0.0, 0.32455758973
1.0, 0.520488959245
1.0, 0.737313481743
1.0, 0.713946192359
0.0, 0.69790018759
1.0, 0.57289468189
1.0, 0.792177018918
1.0, 0.85747426574
0.0, 0.797852784544
1.0, 0.729452347223
1.0, 0.79017365649
1.0, 0.855596913276
1.0, 0.803754056482
1.0, 0.79686109601
1.0, 0.839680398997
1.0, 0.836528821656
1.0, 0.8134602217
0.0, 0.78292065699
0.0, 0.805687355847
0.0, 0.698281897806
0.0, 0.570509491012
1.0, 0.72180734663
0.0, 0.523872487531
1.0, 0.47501254711
0.0, 0.715463543988
0.0, 0.380981082287
1.0, 0.569635958627
1.0, 0.812872506557
1.0, 0.691446616068
1.0, 0.73169556835
1.0, 0.835973173733
1.0, 0.73473840451
1.0, 0.869726445265
1.0, 0.81545165782
1.0, 0.778078262176
1.0, 0.790324797096
1.0, 0.832802708528
1.0, 0.786621646803
0.0, 0.787378174467
1.0, 0.822174627489
1.0, 0.765463617945
1.0, 0.864600290853
1.0, 0.762990487078
0.0, 0.786188680192
1.0, 0.671545025208
1.0, 0.820186993044
1.0, 0.810019250436
1.0, 0.697114523682
0.0, 0.875428650245
0.0, 0.285117687718
0.0, 0.309875280829
0.0, 0.299870619843
0.0, 0.346439945375
0.0, 0.343092801815
1.0, 0.31445388888
1.0, 0.69820768504
0.0, 0.708653620414
1.0, 0.166031524116
0.0, 0.514214160419
0.0, 0.431733345545
0.0, 0.504513675211
0.0, 0.340998736466
0.0, 0.471657943686
1.0, 0.466775358777
0.0, 0.74427572381
0.0, 0.403284935543
0.0, 0.614351687249
0.0, 0.656525195221
1.0, 0.471419790548
1.0, 0.745050976574
1.0, 0.726089378671
1.0, 0.740692428303
1.0, 0.807345336001
1.0, 0.800835526915
1.0, 0.845362032991
1.0, 0.828647631846
0.0, 0.374907102925
1.0, 0.364505075382
1.0, 0.718784752895
1.0, 0.808723988565
0.0, 0.694887670235
0.0, 0.405114872876
0.0, 0.222602961263
0.0, 0.419828884162
0.0, 0.488796976326
0.0, 0.487420958765
0.0, 0.498582227857
0.0, 0.466918687382
0.0, 0.440520841452
1.0, 0.417118667945
0.0, 0.752329200359
1.0, 0.427168954898
1.0, 0.525605957361
1.0, 0.751130649556
1.0, 0.62772525174
1.0, 0.742583283522
1.0, 0.758010644275
1.0, 0.785932654267
1.0, 0.876914571034
0.0, 0.801465395194
1.0, 0.74218616544
1.0, 0.830932365084
0.0, 0.421367656962
0.0, 0.548453286087
0.0, 0.277693604268
1.0, 0.371489554678
1.0, 0.64360912562
0.0, 0.734235587747
1.0, 0.684489126177
1.0, 0.747601524395
1.0, 0.724111150344
1.0, 0.790326320607
1.0, 0.834901848868
1.0, 0.815047028538
1.0, 0.810568568765
0.0, 0.769564463384
1.0, 0.773624457083
0.0, 0.826568369499
1.0, 0.621618954639
1.0, 0.790741892685
1.0, 0.885525752449
1.0, 0.711669771259
1.0, 0.792294595095
1.0, 0.840265815787
1.0, 0.825128323048
1.0, 0.740253707131
1.0, 0.866828988137
0.0, 0.822109077755
0.0, 0.329595481046
1.0, 0.394947399479
0.0, 0.758756823096
1.0, 0.542274644053
0.0, 0.375706922912
0.0, 0.516639220313
1.0, 0.297819182617
0.0, 0.801104126623
1.0, 0.565271631224
1.0, 0.525711088462
0.0, 0.814390705756
1.0, 0.504901933267
0.0, 0.594152307976
0.0, 0.595598874015
0.0, 0.451703527315
1.0, 0.493647884205
1.0, 0.72360206553
1.0, 0.758600367726
1.0, 0.693118657975
0.0, 0.835937678318
0.0, 0.77968723502
0.0, 0.675198969109
0.0, 0.661981793421
0.0, 0.665758005061
0.0, 0.615734090855
0.0, 0.65019668298
0.0, 0.604265613697
0.0, 0.474742618298
0.0, 0.575136105263
1.0, 0.179673343588
0.0, 0.628611460663
0.0, 0.512377635259
1.0, 0.731525953497
1.0, 0.770916649569
1.0, 0.719043104023
1.0, 0.792032037097
0.0, 0.755140835754
1.0, 0.716792076883
1.0, 0.706802501968
0.0, 0.771239035738
1.0, 0.696088537652
1.0, 0.742785038724
1.0, 0.797520669798
1.0, 0.784964082208
1.0, 0.818163589054
1.0, 0.774666831293
1.0, 0.767613311586
1.0, 0.84209540525
1.0, 0.79572736572
1.0, 0.801310210766
0.0, 0.782084727654
1.0, 0.780650206843
1.0, 0.825895529293
1.0, 0.817363744204
0.0, 0.366529676666
1.0, 0.528478914566
1.0, 0.699716347642
0.0, 0.676040951347
1.0, 0.595379053569
0.0, 0.650344216271
0.0, 0.489445386985
1.0, 0.678751550071
0.0, 0.683539380975
0.0, 0.410044291387
0.0, 0.665806427837
1.0, 0.441382905603
1.0, 0.666591411743
1.0, 0.690379953871
1.0, 0.760979447554
1.0, 0.798646812665
1.0, 0.803259481389
1.0, 0.823231568993
1.0, 0.82073295136
0.0, 0.825065596353
1.0, 0.807811334625
0.0, 0.77313812949
1.0, 0.604456326394
1.0, 0.760753401799
0.0, 0.84258704582
0.0, 0.791100106079
1.0, 0.687116146509
1.0, 0.730376722237
0.0, 0.706627440455
1.0, 0.580993075465
0.0, 0.66532148194
0.0, 0.484302145228
0.0, 0.593171631615
0.0, 0.312934921058
1.0, 0.437711159461
1.0, 0.643266501387
0.0, 0.761716104647
0.0, 0.560626778702
1.0, 0.678240218521
1.0, 0.785660519628
0.0, 0.766115548142
1.0, 0.761844419931
0.0, 0.738944603049
0.0, 0.535068614804
0.0, 0.761656418268
0.0, 0.521453423149
1.0, 0.663749457822
0.0, 0.714037109827
0.0, 0.547986557613
1.0, 0.733487484817
1.0, 0.755310564187
1.0, 0.730213439406
0.0, 0.718069676973
1.0, 0.736733291482
0.0, 0.300096505104
1.0, 0.302660661722
0.0, 0.65516228291
0.0, 0.226713358791
0.0, 0.372853817
1.0, 0.26469895058
1.0, 0.676247519881
0.0, 0.72464187617
0.0, 0.314555432061
0.0, 0.334204790689
1.0, 0.391279088201
1.0, 0.718534194127
1.0, 0.750277826366
1.0, 0.644340815349
0.0, 0.749402129815
0.0, 0.655767395979
1.0, 0.733512594655
1.0, 0.792278044045
1.0, 0.751890196305
1.0, 0.792081596904
1.0, 0.812139586238
1.0, 0.765565802807
1.0, 0.815920791068
1.0, 0.836965993041
0.0, 0.820109980788
1.0, 0.758072201054
1.0, 0.830043319909
0.0, 0.291056497875
0.0, 0.318175389237
1.0, 0.335093887956
1.0, 0.69553417826
1.0, 0.767693758256
0.0, 0.663368511469
1.0, 0.555396116859
1.0, 0.749234306299
1.0, 0.682435155339
1.0, 0.735593222813
0.0, 0.836859210507
1.0, 0.679924410526
0.0, 0.694724241771
1.0, 0.3981130152
1.0, 0.755776682829
1.0, 0.828009933873
1.0, 0.782638359841
1.0, 0.852119269496
0.0, 0.787732663935
1.0, 0.719668406596
1.0, 0.819387401714
1.0, 0.772562049838
1.0, 0.849779178858
1.0, 0.833130269844
1.0, 0.715944359608
1.0, 0.766049869789
0.0, 0.624638316675
0.0, 0.235889561287
0.0, 0.287295134418
0.0, 0.347169937733
0.0, 0.385910871316
0.0, 0.355518040427
0.0, 0.351662403912
0.0, 0.352484077705
0.0, 0.366812646631
0.0, 0.387831904748
1.0, 0.371799507871
1.0, 0.710077922534
1.0, 0.759282584209
0.0, 0.713288919924
1.0, 0.769129205449
0.0, 0.795637967416
0.0, 0.346769986821
1.0, 0.764700687614
1.0, 0.898295744057
1.0, 0.731501944156
1.0, 0.743603078671
1.0, 0.90283492383
1.0, 0.759216119214
1.0, 0.786687174747
1.0, 0.882503447837
1.0, 0.833787081698
1.0, 0.884214399246
0.0, 0.289071957269
1.0, 0.284860403034
1.0, 0.595252659131
0.0, 0.629821364545
1.0, 0.51839242843
1.0, 0.742012881015
0.0, 0.737098183656
1.0, 0.534040456079
0.0, 0.723280315394
1.0, 0.445008524845
1.0, 0.761238613121
1.0, 0.756438540944
1.0, 0.759674154392
0.0, 0.813323506659
1.0, 0.703364039503
1.0, 0.6679681354
0.0, 0.79777433219
1.0, 0.700081267237
1.0, 0.761349846814
1.0, 0.804865908912
1.0, 0.785421989517
1.0, 0.795349338143
1.0, 0.780023755153
1.0, 0.815015503306
0.0, 0.834246379456
1.0, 0.706529772733
0.0, 0.792984494273
0.0, 0.474934128723
0.0, 0.118132025734
0.0, 0.279075017952
1.0, 0.310607599755
0.0, 0.581340529443
0.0, 0.0551849827061
0.0, 0.445524991524
0.0, 0.23450909071
1.0, 0.374143173199
1.0, 0.707157301254
1.0, 0.846015755867
1.0, 0.735606391493
1.0, 0.764640160211
1.0, 0.853162072328
1.0, 0.764010670787
1.0, 0.811243597797
1.0, 0.847639920693
1.0, 0.82163626927
1.0, 0.786899996597
0.0, 0.767910951956
1.0, 0.851023236829
0.0, 0.793558125243
1.0, 0.505630409887
1.0, 0.77140547718
1.0, 0.882720776494
0.0, 0.714673140075
1.0, 0.357889724016
0.0, 0.734004747392
0.0, 0.344765005617
0.0, 0.51167001744
1.0, 0.244690591355
0.0, 0.541017502692
0.0, 0.36759062131
1.0, 0.645743210365
1.0, 0.649714282764
1.0, 0.748583170849
1.0, 0.695600159784
0.0, 0.695612481726
0.0, 0.604079487254
1.0, 0.600827166241
0.0, 0.708868876488
0.0, 0.468477722541
0.0, 0.590737040202
