1.00471153895
1.00470934545
1.0047050681
1.00469880004
1.00469061934
1.00468059014
1.00466876381
1.00465517986
1.00463986682
1.00462284296
1.00460411697
1.0045836885
1.00456154866
1.00453768047
1.00451205918
1.00448465258
1.00445542126
1.00442431878
1.00439129184
1.00435628037
1.0043192176
1.00428003009
1.00423863771
1.00419495361
1.00414888413
1.00410032873
1.00404917978
1.0039953225
1.00393863466
1.00387898643
1.00381624012
1.00375024987
1.00368086138
1.00360791157
1.00353122822
1.00345062957
1.00336592391
1.00327690915
1.00318337232
1.00308508906
1.00298182308
1.00287332562
1.00275933475
1.00263957482
1.00251375571
1.00238157212
1.00224270278
1.00209680966
1.00194353712
1.00178251094
1.00161333741
1.0014356023
1.00124886977
1.00105268127
1.0008465543
1.00062998119
1.00040242774
1.00016333183
0.999912101935
0.999648115573
0.999370717656
0.999079218763
0.998772893319
0.998450977683
0.998112668137
0.997757118768
0.99738343926
0.996990692565
0.996577892476
0.996144001085
0.995687926134
0.995208518262
0.994704568134
0.994174803483
0.993617886055
0.993032408462
0.992416890982
0.991769778295
0.991089436205
0.990374148362
0.989622113038
0.988831439994
0.988000147512
0.987126159671
0.986207303951
0.985241309297
0.984225804781
0.98315831904
0.982036280702
0.980857020055
0.979617772281
0.97831568261
0.976947813862
0.975511156885
0.974002644547
0.972419170005
0.970757610152
0.969014855259
0.967187846004
0.96527361928
0.963269364335
0.96117249101
0.958980712039
0.956692141503
0.954305411655
0.951819810324
0.949235440945
0.946553406868
0.943776020815
0.94090703915
0.937951918624
0.93491809047
0.931815242698
0.928655595991
0.925454151554
0.92222888033
0.919000812497
0.915793974429
0.912635108837
0.909553104755
0.906578061293
0.903739918014
0.901066612413
0.898581778828
0.896302089383
0.894234456941
0.892373462973
0.890699513666
0.889178320773
0.887762289272
0.886394211292
0.885013281057
0.883562884686
0.881998991864
0.880297474121
0.878458520417
0.876506684694
0.874486001172
0.872450851835
0.870454496346
0.868537951247
0.866721929358
0.865003783602
0.863360090175
0.861754069928
0.860145879437
0.858503137314
0.856808941695
0.855065061089
0.853288970293
0.851505039289
0.849732395722
0.847974168686
0.846213639068
0.844420707307
0.84256676317
0.840640015953
0.838651333688
0.836625856776
0.834585664915
0.832535969372
0.830465155192
0.828358429552
0.826213886138
0.824047217485
0.821880153957
0.81972250494
0.817565702139
0.815395802546
0.813211927986
0.811027625934
0.808853168472
0.806682550023
0.804503017608
0.802312890695
0.800120749672
0.797927318638
0.795720417626
0.793492470093
0.791248520852
0.788989606371
0.78670568641
0.784392607528
0.782055653638
0.77969262119
0.77729774344
0.774876291873
0.772431721139
0.769959999173
0.76746423849
0.764945529395
0.762399074811
0.759828153488
0.757232175158
0.754608600855
0.751957582108
0.749271684514
0.746547460957
0.743776941834
0.740952453713
0.738065164594
0.735106234861
0.732067881492
0.728941074918
0.725716488337
0.722386006708
0.718940867551
0.715372695721
0.711670362319
0.707822803952
0.703817249816
0.699639648849
0.695277526336
0.690720494437
0.685962449627
0.681001381237
0.675838567178
0.670478294067
0.664930772096
0.659245588646
0.65386928161
0.6539817707
0.71557224285
0.652345369742
0.632992933005
0.624115397806
0.621405881076
0.645259120898
0.75183832074
0.841294516712
0.96653101378
0.961424716323
0.874374035482
0.761646620041
0.800800240612
0.925401639732
0.934713554753
0.775065261096
0.688299566348
0.704587927556
0.752414543349
0.765595907655
0.716839995171
0.635468109416
0.673674936611
0.780561381937
0.773158983659
0.65954467077
0.612049791514
0.654465926282
0.697580525762
0.717515144386
0.711549280889
0.682862499264
0.638973710318
0.594617680047
0.57203720152
0.586140786155
0.618229840229
0.638892211069
0.631495807504
0.604034376839
0.578975505291
0.570339920977
0.575509811291
0.584875793535
0.590846888924
0.589929109115
0.581813473572
0.569450410618
0.558599208031
0.555204549756
0.559752876525
0.564805506346
0.562847241457
0.554944418089
0.549012391505
0.549373713956
0.552702105624
0.55363015633
0.550349813001
0.545415108518
0.543195193413
0.544498981267
0.545148924853
0.542470213863
0.539119000902
0.538362229483
0.539088920786
0.538496044884
0.536276170996
0.534677788659
0.534709366242
0.534375956616
0.532532330351
0.531031387134
0.530716917826
0.529991639774
0.528414103979
0.527494433369
0.527118572944
0.525891480752
0.524740138617
0.524149334579
0.522950362411
0.521745440045
0.520980194737
0.519689020362
0.518630876541
0.517614473
0.516247950217
0.51518707877
0.513767110518
0.512506171347
0.511089425483
0.509654098938
0.50815511268
0.506578648857
0.504929671015
0.503243912858
0.501417861564
0.499616427458
0.497617787219
0.49562531922
0.493531219838
0.491289019473
0.489009796598
0.486650518464
0.484155056706
0.481536757555
0.478810139657
0.475979561345
0.473061138309
0.470159803909
0.468059670049
0.473880144954
0.529951272998
0.605535660239
0.605895201801
0.477486220368
0.610069494075
0.467192222777
0.551212306377
0.541961727156
0.444268341527
0.542552608305
0.516050411953
0.443433026043
0.515654916889
0.527839695615
0.464803496607
0.433294899804
0.494729235649
0.493778050914
0.433339324925
0.440555606132
0.472119633872
0.479367929413
0.455658134396
0.424872678164
