1.20602249113
1.20599751766
1.20594882392
1.20587747981
1.20578438724
1.20567029376
1.20553580482
1.20538139467
1.20520741612
1.20501410917
1.20480160876
1.20456995151
1.20431908173
1.20404885674
1.20375905145
1.20344936239
1.20311941124
1.20276874782
1.20239685266
1.20200313926
1.20158695588
1.20114758717
1.20068425541
1.2001961216
1.19968228634
1.19914179053
1.19857361597
1.19797668587
1.19734986529
1.19669196151
1.19600172454
1.19527784754
1.19451896742
1.19372366556
1.19289046866
1.19201784987
1.19110423022
1.19014798032
1.18914742252
1.18810083354
1.18700644763
1.1858624604
1.18466703334
1.18341829918
1.1821143682
1.18075333556
1.1793332898
1.17785232271
1.17630854051
1.1747000768
1.17302510709
1.17128186532
1.16946866245
1.1675839072
1.16562612916
1.16359400448
1.16148638397
1.1593023241
1.15704112047
1.15470234417
1.15228588053
1.14979197041
1.14722125341
1.14457481284
1.14185422157
1.13906158819
1.13619960221
1.13327157724
1.1302814905
1.12723401686
1.12413455525
1.12098924518
1.11780497055
1.11458934812
1.11135069747
1.10809798971
1.10484077196
1.1015890652
1.09835323357
1.09514382393
1.09197137573
1.08884620229
1.08577814643
1.08277631492
1.07984879828
1.0770023841
1.07424227403
1.07157181593
1.06899226376
1.06650257837
1.06409928224
1.0617763801
1.05952535616
1.05733525577
1.05519285681
1.05308293209
1.05098860034
1.0488917589
1.04677358702
1.0446151042
1.04239776374
1.04010405764
1.0377181054
1.03522619604
1.03261725056
1.02988317124
1.02701904547
1.02402317594
1.020896917
1.01764430938
1.01427152307
1.01078613974
1.00719633151
1.00351001719
0.999734097741
0.995873882786
0.991932813565
0.987912560907
0.983813527124
0.979635712205
0.975379826638
0.971048461504
0.966647080891
0.962184602166
0.957673389735
0.953128608259
0.948567043279
0.944005661555
0.939460296233
0.934944849154
0.930471273001
0.926050342981
0.921692921672
0.91741117774
0.913219164121
0.909132367725
0.905166274936
0.901334486699
0.897647208745
0.894110820388
0.890728668106
0.887502497299
0.884433480224
0.881521995429
0.878766149928
0.876159997628
0.873692757072
0.871349666934
0.86911383665
0.866967619268
0.864892546015
0.862868452525
0.860873596888
0.858886916198
0.856891481764
0.854876888571
0.852839389439
0.850780836692
0.848707982678
0.84663176771
0.844564980494
0.842518571885
0.840499349648
0.838510610676
0.836553932266
0.834630224412
0.83274101071
0.830890715861
0.829087433878
0.827340411462
0.825656760578
0.824039250732
0.822484179585
0.820981240911
0.819517571229
0.81808196935
0.81666683476
0.815268796802
0.81388586171
0.81251395951
0.811147341658
0.809780503122
0.808411260755
0.807041123007
0.805671618203
0.804301169672
0.802924285151
0.801535943554
0.800134975112
0.798723503053
0.797302677265
0.795871699414
0.794430265758
0.792980186795
0.791521761232
0.790050723896
0.78856121932
0.787049911634
0.785514482975
0.783951066616
0.782357026793
0.78073201942
0.779073530288
0.777376939214
0.775639095818
0.773856602288
0.772026714443
0.770173998077
0.768563699102
0.770407377989
0.809635569879
0.8784898611
0.782914716511
0.897466240161
0.809212703565
0.836489820276
0.848724288745
0.77170385546
0.843197687872
0.760308096299
0.805276254274
0.834436401527
0.762885204321
0.780627446954
0.807949011221
0.752905575249
0.775571845501
0.787771960684
0.748611487108
0.76739622827
0.766873329517
0.743244706011
0.766977220978
0.743911582583
0.751939774973
0.749845675557
0.740535954619
0.750631490744
0.73499381158
0.747040796959
0.733198227652
0.742623407423
0.732285438165
0.739484241963
0.730214015235
0.736386234084
0.728521984814
0.733897656543
0.726513622615
0.730342858353
0.725699580572
0.725935756776
0.725542288698
0.722217593093
0.724227898336
0.720998738214
0.719848373149
0.720993914801
0.718242723229
0.716314914645
0.716973374649
0.716288519071
0.713847426369
0.711865475832
0.71072286563
0.710329420668
0.711787915081
0.718422348754
0.742712329939
0.785754084777
0.713058543514
0.734571138259
0.74540212201
0.703168094367
0.716993632953
0.732728390025
0.708045341563
0.698881255894
0.719149890902
0.733584043501
0.708424534788
0.693114099601
0.689641174043
0.69639640422
0.723026343748
0.774584251891
0.695916544883
0.719488561245
0.729663741871
0.683369568911
0.702122654649
0.719864548944
0.691947887019
0.681452162708
0.703485491961
0.718888612316
0.691873787956
0.675499810388
0.672107273009
0.678375437819
0.703425672615
0.752217796678
0.677593125548
0.698910214452
0.711773357398
0.66684542525
0.681455589448
0.702090975179
0.677137232869
0.663483569234
0.684582630244
0.704536056138
0.679093268912
0.661552349273
0.655702617586
0.660144096673
0.682662044515
0.730027265887
0.66236434434
0.680316838711
0.694499412855
0.651976115104
0.662487555068
0.683777231482
0.661947836757
0.64738305473
0.668127492306
0.691233942544
0.666694736598
0.648487218905
0.640321216142
0.644989399152
0.669221404163
0.719549114916
0.647509418931
0.67253417209
0.679100921885
0.635425785343
0.653864371425
0.66921933733
0.641574546964
0.635215893519
0.661984867295
0.630500608587
0.644957385083
0.640378910658
0.626935227195
0.641049198504
0.631072780441
0.622751053652
0.63078459912
0.633128563742
0.622860001868
0.619278401962
