-1.0, -0.737859745692
1.0, -0.602336087084
1.0, 0.0551698072426
1.0, -0.0471377725234
-1.0, -0.473947447911
-1.0, -0.398918484299
1.0, 0.442654856949
1.0, 0.519092845437
-1.0, 0.121724037964
-1.0, -0.303866542865
-1.0, -0.0303616392918
1.0, 0.786050493453
1.0, 0.799985478771
1.0, 0.340942898005
1.0, 0.336847622529
-1.0, -0.853779665211
1.0, -0.0302585395391
1.0, 0.0750843653037
-1.0, -0.010418940805
-1.0, -0.126456749272
1.0, 0.734809296668
1.0, 0.274188780009
1.0, 0.357340630142
-1.0, 0.0956353923033
-1.0, 0.582253591965
1.0, 0.486701518483
1.0, 0.947411514066
1.0, 0.975996487824
1.0, 0.96076053326
1.0, 0.382722478938
-1.0, -0.302661623761
-1.0, -0.68497082659
1.0, -0.709343884814
1.0, -0.0408218283157
1.0, 0.611682328893
1.0, 0.552406848996
-1.0, 0.0931750616828
1.0, 0.771839623195
1.0, 0.878141668152
1.0, 0.784259751893
1.0, 0.956967441733
1.0, 0.754297149167
1.0, 0.821437351065
1.0, 0.919636548378
1.0, 0.948233608725
1.0, 0.598477717227
1.0, 0.933334952439
1.0, 0.5712073846
1.0, 0.869748283142
1.0, 0.11060303527
-1.0, 0.147242624324
-1.0, -0.0749202478445
1.0, 0.857247016337
1.0, 0.805731864754
1.0, 0.943957367583
-1.0, 0.829899181856
1.0, -0.0614783297456
1.0, -0.324795304516
-1.0, 0.0912878813587
1.0, -0.391291115244
1.0, 0.158352268019
-1.0, 0.273734853538
1.0, -0.111145455029
1.0, 0.635658803138
1.0, 0.285034606022
1.0, 0.0837575484472
1.0, 0.319111013903
1.0, 0.204810098632
1.0, 0.177158582733
1.0, 0.217653533978
1.0, 0.351285956759
1.0, 0.511814505697
-1.0, -0.26917879122
-1.0, -0.791577950549
-1.0, -0.798742223174
-1.0, 0.0907657653613
1.0, 0.247719648073
1.0, 0.914727281757
1.0, -0.0780717874618
-1.0, 0.0158381042352
-1.0, -0.822851004516
1.0, -0.180445953161
1.0, 0.13747389988
-1.0, -0.0738365643654
1.0, 0.288408026564
-1.0, -0.308563554299
1.0, 0.0375360887193
-1.0, -0.153990756979
-1.0, 0.051537898529
1.0, 0.52553881431
1.0, 0.812049721844
1.0, 0.952903680838
1.0, 0.958176030322
1.0, 0.559713310717
1.0, 0.715615121957
1.0, -0.319212967352
1.0, 0.218340054583
1.0, -0.22815784647
-1.0, 0.0329146256827
1.0, 0.802704265223
1.0, 0.454548283298
1.0, 0.749341305032
1.0, 0.935368949521
1.0, 0.567005575645
1.0, 0.777241696634
1.0, 0.695217358322
1.0, 0.741623925882
1.0, 0.909805303963
1.0, 0.912316227319
-1.0, 0.092515764901
1.0, 0.611854124953
-1.0, -0.532983757061
-1.0, -0.817660626843
-1.0, -0.597727835849
1.0, 0.569946598317
-1.0, -0.609406450197
1.0, 0.910817059901
1.0, 0.455663062284
1.0, 0.762725896522
1.0, 0.940368226378
1.0, 0.51992417442
1.0, 0.559417076782
1.0, 0.804706256779
-1.0, -0.133516365891
-1.0, -0.461472268834
1.0, 0.055019355444
-1.0, -0.44988911616
-1.0, -0.438831670248
-1.0, -0.424741580603
1.0, 0.578665850658
1.0, 0.603114593402
1.0, 0.486356875999
-1.0, -0.0360972564028
1.0, 0.397839117553
1.0, 0.875055724697
1.0, 0.848011059632
1.0, 0.733358185975
-1.0, -0.777229093005
-1.0, -0.955483024967
1.0, 0.050383256727
-1.0, 0.269246343579
1.0, -0.224237102264
-1.0, -0.32112322989
-1.0, -0.286170574961
1.0, 0.356441321433
1.0, 0.78848303256
1.0, 0.784255208907
1.0, 0.260353462299
1.0, 0.835677270036
1.0, 0.512847181168
-1.0, -0.405476256902
-1.0, -0.0809987837248
-1.0, -0.669254932024
-1.0, -0.244691171295
-1.0, 0.0190669601974
1.0, 0.0762923146627
1.0, 0.884385956914
1.0, 0.508483171133
1.0, 0.446203289387
1.0, 0.461892060185
1.0, 0.251351493271
1.0, 0.416131071722
1.0, 0.129434724282
-1.0, 0.244511015407
-1.0, -0.532163429453
-1.0, -0.969958895583
-1.0, -0.893663646486
-1.0, -0.448759473752
1.0, 0.474964241744
1.0, 0.53344710833
-1.0, -0.434461407532
1.0, 0.549479548996
1.0, 0.259566539627
-1.0, 0.0783016330127
-1.0, -0.0190676741597
1.0, 0.756728033382
1.0, 0.936500461677
1.0, 0.966231930907
-1.0, -0.840477418104
-1.0, -0.573271881277
1.0, -0.464374200843
1.0, -0.0150590110364
-1.0, -0.144803586526
-1.0, -0.424649702515
1.0, 0.558161837398
-1.0, 0.259250254119
-1.0, 0.0465988068612
1.0, 0.487475585104
1.0, 0.71763590612
-1.0, 0.701347508062
1.0, 0.320989596604
1.0, 0.886197146014
1.0, 0.868306886119
-1.0, -0.60796039799
-1.0, -0.688924797259
1.0, 0.0578735870136
-1.0, -0.538419111346
-1.0, -0.23240154124
-1.0, -0.521817967775
-1.0, -0.0393972073596
1.0, 0.652919554643
1.0, 0.682064149066
-1.0, 0.353909288615
-1.0, -0.235365542155
1.0, 0.151006714135
1.0, 0.63072422695
1.0, 0.875015908997
1.0, 0.785168390317
-1.0, -0.113881484357
-1.0, -0.466325089502
1.0, 0.045363723646
1.0, 0.486770403868
-1.0, 0.0934339004318
1.0, 0.374375087865
1.0, 0.615633167908
1.0, 0.177253668232
-1.0, -0.707155042101
-1.0, -0.726883305726
-1.0, -0.775005722735
-1.0, -0.69018483076
-1.0, -0.721774317836
1.0, 0.329362793674
-1.0, 0.782657083745
-1.0, -0.183696694984
1.0, 0.723808168534
-1.0, 0.317015784183
1.0, 0.712328203616
1.0, 0.779470290503
-1.0, 0.958645753531
1.0, 0.781157180463
1.0, 0.882409841367
1.0, 0.133277439074
1.0, -0.199229159814
-1.0, -0.0935791462556
1.0, -0.373056179575
1.0, 0.672411968601
-1.0, -0.160688727749
-1.0, -0.100703770393
-1.0, 0.378586616083
1.0, 0.438836366248
1.0, 0.746865929595
1.0, 0.691156292104
1.0, 0.439625771881
-1.0, 0.0845612974523
-1.0, 0.184617257053
-1.0, -0.424121837316
-1.0, -0.970972270472
-1.0, -0.0346571150801
1.0, -0.207592113694
-1.0, -0.0291050700051
1.0, -0.352450110782
1.0, 0.241099439899
1.0, 0.307330393456
1.0, -0.235872235684
-1.0, 0.533079265463
-1.0, 0.450895472624
1.0, 0.0671599894811
1.0, 0.631611163883
1.0, 0.785803169414
1.0, 0.87170332224
1.0, -0.0662965601282
1.0, 0.359331615201
-1.0, -0.577409416593
-1.0, 0.137765466121
-1.0, -0.227950778749
-1.0, -0.277090329128
1.0, 0.682642979296
1.0, 0.194540846053
-1.0, 0.232271501141
1.0, 0.216531623356
1.0, 0.811478878096
1.0, 0.889646742958
1.0, 0.711782485727
1.0, -0.998034789535
-1.0, -0.628203660853
-1.0, -0.968772031955
1.0, 0.015508023486
1.0, 0.201649823035
1.0, 0.227305470819
-1.0, -0.240210207203
-1.0, 0.214961388589
1.0, 0.221697461149
1.0, 0.679168292444
1.0, 0.624541639099
1.0, 0.394153979584
1.0, -0.195759997554
-1.0, -0.579544602614
-1.0, -0.63368259305
1.0, 0.143436033384
-1.0, 0.354870237461
1.0, -0.0276692740261
1.0, 0.23496842227
1.0, 0.833940135999
-1.0, 0.0234150645306
1.0, 0.43900217936
1.0, 0.947299979993
1.0, 0.774794464538
-1.0, 0.922513778663
1.0, -0.182986328914
1.0, -0.0646047331549
1.0, -0.0811078578315
1.0, 0.458771738376
-1.0, 0.384416732177
-1.0, 0.711447026263
1.0, 0.679826293674
1.0, 0.768921196743
-1.0, 0.596753832843
1.0, -0.035800075831
1.0, 0.940835531668
1.0, 0.956647085682
1.0, 0.428874623002
1.0, 0.185006193262
-1.0, 6.03615226989e-05
-1.0, -0.324193871745
-1.0, -0.558818328626
-1.0, -0.335959905329
-1.0, -0.293284379866
-1.0, -0.357355323625
1.0, 0.839602169736
1.0, 0.863290835004
-1.0, 0.241550570761
-1.0, 0.38914704957
1.0, 0.419445150771
-1.0, 0.464566412478
1.0, 0.832604689701
1.0, 0.953869117525
-1.0, -0.628142134634
-1.0, -0.513444212581
-1.0, -0.436031049171
-1.0, -0.717727282234
1.0, 0.323848217735
-1.0, -0.583171224283
1.0, 0.05157460828
-1.0, 0.308925815322
1.0, 0.59655411602
-1.0, 0.64755621657
1.0, 0.675542297999
-1.0, 0.870587090403
-1.0, 0.724507986714
1.0, 0.786982694818
-1.0, -0.726928539522
-1.0, -0.30761609623
-1.0, -0.381578753026
-1.0, -0.0910028232436
1.0, 0.269510149876
-1.0, -0.0872189254442
-1.0, 0.0837077908404
-1.0, 0.330995573178
1.0, 0.577654920142
-1.0, 0.352504053732
1.0, 0.6471106458
1.0, 0.826702235785
1.0, 0.938401511477
-1.0, 0.449013713318
-1.0, -0.330106295055
-1.0, -0.209480482214
-1.0, 0.259762636743
-1.0, -0.176031836228
-1.0, 0.173278507197
-1.0, 0.0858899379881
1.0, 0.299088479873
1.0, 0.655997122041
1.0, 0.157082004541
-1.0, -0.164666755822
1.0, 0.373908913377
1.0, 0.930396419883
1.0, 0.939317311142
1.0, 0.93108203943
-1.0, -0.788828289768
-1.0, -0.615269968583
-1.0, -0.266569001781
1.0, 0.0199254822967
1.0, 0.250097224652
1.0, 0.376491411921
-1.0, -0.360367109026
1.0, 0.250364027268
1.0, 0.809429981494
1.0, 0.841484799227
1.0, 0.761115451721
-1.0, 0.0813326534871
1.0, 0.0908851905161
1.0, 0.967944375383
-1.0, -0.592237755995
-1.0, -0.640988085421
-1.0, -0.808058352284
1.0, 0.0930540013584
-1.0, -0.00808169472268
-1.0, 0.0926025403046
1.0, 0.241411891125
1.0, 0.575608719633
1.0, 0.58139258101
-1.0, 0.140858760238
1.0, 0.158521300017
1.0, 0.882127707857
1.0, 0.912007539307
1.0, 0.719107917485
-1.0, -0.771483648364
-1.0, -0.247353488505
-1.0, -0.490187671928
1.0, -0.344011362988
-1.0, 0.10443437416
-1.0, -0.431194119855
-1.0, 0.06413267853
1.0, 0.714587278841
1.0, 0.84036291257
1.0, 0.620928325847
-1.0, 0.407363278373
-1.0, 0.293294227935
-1.0, -0.28389914534
1.0, 0.404419694868
1.0, 0.885809476797
1.0, -0.684866472543
-1.0, -0.00938470250541
-1.0, -0.622456262984
1.0, 0.456640721301
1.0, 0.582492183993
1.0, 0.497762513769
1.0, -0.241174884409
-1.0, 0.229605042258
1.0, 0.446008890792
1.0, 0.912645888573
1.0, 0.878661266456
1.0, 0.715999838418
1.0, 0.519055883938
-1.0, 0.16661865378
-1.0, -0.708334951244
-1.0, -0.919879062399
-1.0, -0.116477110549
-1.0, -0.397039752104
1.0, 0.020943654368
1.0, 0.240675396393
-1.0, -0.360777145986
-1.0, -0.293215319767
1.0, 0.693313804155
-1.0, -0.105010761233
-1.0, -0.783910658227
1.0, 0.764897338123
1.0, 0.877907546724
1.0, 0.650581923216
1.0, 0.601048233763
-1.0, 0.0945380356708
-1.0, -0.48524116067
-1.0, -0.636538525218
-1.0, -0.750774753442
1.0, -0.0605368409424
1.0, 0.190591495796
-1.0, -0.341417001837
1.0, -0.0704093974352
1.0, 0.504616443995
1.0, 0.907782569268
1.0, 0.617985855803
-1.0, 0.612853567242
1.0, 0.37045919943
1.0, 0.97463922363
1.0, 0.774388989566
1.0, 0.989736369974
-1.0, -0.914981960681
-1.0, 0.0231080346528
-1.0, -0.705159536415
-1.0, 0.213081971775
1.0, -0.3939246539
1.0, 0.766383395609
-1.0, -0.1158918997
1.0, 0.157838685326
1.0, 0.85982504743
1.0, 0.828838715434
1.0, 0.255670730103
1.0, 0.512944144192
1.0, 0.588622135278
1.0, 0.471853301812
-1.0, 0.0860450908392
-1.0, -0.601873231997
1.0, -0.532182787407
-1.0, -0.458549929082
-1.0, -0.861196017028
1.0, 0.155379954804
1.0, 0.0562352876453
1.0, -0.0815877780814
1.0, -0.261415170084
1.0, 0.0958182585096
1.0, 0.351857538251
1.0, 0.425505458238
1.0, 0.727846039687
1.0, 0.513701167829
-1.0, -0.0356741583954
-1.0, -0.905671588311
-1.0, -0.191144806064
-1.0, -0.91343027202
-1.0, -0.0549786094973
1.0, -0.0619563347845
-1.0, 0.124365539419
1.0, -0.154769531179
1.0, -0.730536767002
1.0, 0.095906586308
1.0, 0.596165331949
1.0, 0.100441124094
-1.0, 0.0440632543924
1.0, 0.21726862856
1.0, 0.92513471346
-1.0, 0.441131230442
1.0, 0.741912830936
-1.0, -0.493560890396
-1.0, -0.681005183785
-1.0, -0.485990361063
-1.0, -0.224869779646
-1.0, 0.0207090979877
-1.0, -0.354209355126
1.0, 0.636381776792
1.0, 0.653277981415
1.0, 0.315664880112
-1.0, -0.0344474341793
-1.0, 0.620213542226
1.0, 0.697063164599
1.0, 0.816561090793
1.0, 0.990238276353
1.0, 0.864263738589
-1.0, -0.640454969219
1.0, -0.821021253285
-1.0, 0.368093141943
-1.0, -0.366939129269
-1.0, -0.545555509636
-1.0, 0.0492543728929
-1.0, -0.130454226334
-1.0, 0.539516390994
1.0, 0.697903027902
1.0, 0.366512254732
-1.0, 0.161502500508
-1.0, -0.190330488079
-1.0, 0.121121952601
-1.0, 0.654696323574
1.0, 0.76728616221
-1.0, -0.865333113626
-1.0, -0.50157391963
-1.0, -0.878246545107
1.0, 0.557576201803
1.0, -0.323796999117
1.0, -0.272273801993
1.0, 0.323186473856
1.0, 0.21931778121
-1.0, 0.0499619070548
1.0, 0.769201329723
1.0, 0.908551428422
1.0, 0.622453451951
1.0, 0.870679664517
-1.0, 0.293538076517
-1.0, -0.575602096712
-1.0, -0.194633677695
-1.0, -0.754380200009
-1.0, -0.281795709456
-1.0, -0.519963447082
-1.0, -0.107552924275
-1.0, 0.359996169049
1.0, 0.679998166755
1.0, 0.10549912221
1.0, 0.0920454970143
1.0, 0.227342233165
1.0, 0.854241961786
1.0, 0.385045605337
-1.0, -0.175029334975
-1.0, -0.911344394323
-1.0, -0.878647863387
1.0, -0.324428946307
1.0, 0.64540751204
-1.0, -0.242388979409
1.0, -0.337206268506
-1.0, 0.0609861742358
-1.0, -0.794767027227
-1.0, -0.0975400238812
1.0, -0.0996178176984
1.0, 0.62779625327
1.0, 0.366104143389
1.0, 0.0243455849737
-1.0, -0.019226931923
1.0, 0.367778016692
-1.0, -0.784703312708
-1.0, -0.744987385471
1.0, -0.274947156481
-1.0, -0.480452301457
-1.0, -0.650873537044
-1.0, -0.135211791157
-1.0, -0.80769381054
1.0, 0.277538046452
1.0, 0.881121552522
-1.0, 0.0808815900445
1.0, 0.811930782
-1.0, 0.885627075217
1.0, 0.535721171623
1.0, 0.895600224257
1.0, 0.975118409737
1.0, -0.324629233928
-1.0, -0.338273917531
-1.0, -0.891098417082
1.0, -0.0157087526018
-1.0, -0.126134746731
-1.0, -0.413569610918
1.0, 0.305570902093
1.0, 0.377817139293
1.0, 0.242876014913
-1.0, -0.20036765888
1.0, 0.431069413304
-1.0, 0.813010931124
1.0, 0.42724554794
1.0, 0.836401878515
1.0, 0.938186894163
-1.0, -0.749973163063
-1.0, -0.615469665771
-1.0, -0.816242108288
-1.0, -0.769780339694
1.0, 0.542590553997
1.0, 0.794343753027
1.0, 0.44228578348
1.0, 0.00442528678057
1.0, 0.420312097297
1.0, 0.471711136276
-1.0, 0.399769383659
1.0, 0.69523507916
