0.770693699438
0.770620975156
0.770479181733
0.770271445771
0.770000409275
0.769668269157
0.769276812683
0.76882744925
0.768321238799
0.767758917198
0.767140918864
0.76646739688
0.765738240871
0.764953092824
0.764111361087
0.763212232709
0.762254684306
0.761237491609
0.760159237841
0.759018321057
0.757812960587
0.756541202694
0.75520092557
0.753789843787
0.752305512291
0.750745330082
0.74910654365
0.747386250296
0.745581401441
0.743688806031
0.74170513415
0.73962692097
0.73745057115
0.735172363826
0.732788458324
0.730294900749
0.72768763161
0.72496249465
0.722115247051
0.719141571236
0.716037088443
0.712797374315
0.709417976731
0.705894436132
0.70222230859
0.698397191906
0.694414755014
0.690270770967
0.685961153807
0.681481999601
0.67682963191
0.672000651958
0.666991993723
0.661800984135
0.656425408513
0.65086358128
0.645114421935
0.639177536089
0.63305330127
0.626742957
0.620248698438
0.613573772641
0.606722576227
0.59970075288
0.592515288828
0.585174604036
0.577688636464
0.570068916377
0.562328627292
0.554482649823
0.546547584422
0.538541748805
0.530485145844
0.522399397794
0.514307643099
0.506234392545
0.498205342428
0.490247143511
0.482387125973
0.474652982266
0.467072411662
0.459672732371
0.452480469169
0.44552092646
0.438817758477
0.43239254965
0.42626441899
0.420449662455
0.414961446653
0.40980956579
0.405000271621
0.400536183276
0.396416280566
0.392635980694
0.389187294742
0.38605905684
0.383237216053
0.380705178733
0.378444187616
0.376433723369
0.374651914505
0.37307594257
0.371682431149
0.370447809263
0.369348642082
0.368361924259
0.367465333515
0.366637444215
0.365857902461
0.365107565635
0.364368610337
0.363624613261
0.36286060971
0.362063134258
0.361220247468
0.360321551644
0.359358197291
0.358322880391
0.357209828681
0.356014773033
0.354734897855
0.353368762328
0.351916182729
0.350378065396
0.348756180915
0.347052873433
0.345270705626
0.34341205023
0.341478653308
0.339471211522
0.337389023187
0.335229786386
0.332989620968
0.330663378222
0.328245267264
0.325729770179
0.323112745895
0.320392552442
0.317570972939
0.314653737949
0.311650511078
0.308574339968
0.305440737213
0.30226668889
0.2990699314
0.295868750587
0.292682346219
0.28953152979
0.286439289866
0.283430688428
0.280531734252
0.277767312728
0.275158784169
0.272722196331
0.270467877986
0.268401420689
0.26652511071
0.264838474088
0.263337240984
0.262011386048
0.260843876243
0.259811434685
0.258887176261
0.258043604625
0.257254394278
0.25649470619
0.255741269696
0.254973572726
0.254175987228
0.253339174901
0.252459617465
0.251538213723
0.250579821547
0.249593845967
0.248593836401
0.247594976336
0.246611391154
0.24565544278
0.244737664309
0.243864957605
0.243038691619
0.242255535885
0.241509227649
0.24079094085
0.24009075845
0.239400823375
0.23871632839
0.238035475292
0.237360622357
0.236697038551
0.236050547861
0.235426776883
0.234828771834
0.234255785798
0.23370398391
0.233166825692
0.232637794259
0.232111856635
0.231586950635
0.231064226047
0.230546814194
0.230038152693
0.229539743104
0.229050425177
0.228567029172
0.228086227526
0.227606556269
0.227129063735
0.226656587413
0.226191314152
0.225732984794
0.225279174422
0.224827070499
0.224375698907
0.223926189104
0.223479766941
0.223035763069
0.222591629758
0.222147388397
0.221721008355
0.221489350577
0.223438916952
0.246271603567
0.305450933252
0.312336392114
0.220621541936
0.350970304796
0.277918337879
0.351083545266
0.342711612324
0.25795665735
0.284078427974
0.350508946595
0.227366655157
0.253331004165
0.310558972501
0.343364883719
0.357835432595
0.361376768626
0.355468723528
0.33999531743
0.314309839324
0.279112451635
0.241244496033
0.219672893728
0.234702090278
0.274983288243
0.309931276007
0.323897982361
0.318798718442
0.29748314893
0.268477281335
0.24185441219
0.224667408761
0.218644945751
0.22120601103
0.228160379855
0.235881693761
0.242059088727
0.245558671152
0.246060797906
0.243772815028
0.23914639527
0.23300244335
0.226515742077
0.221090151897
0.218015759818
0.217912104807
0.220222532713
0.22329456944
0.225246849329
0.225029166293
0.22281590687
0.219851850032
0.217585278218
0.216806940703
0.217363511878
0.218487435007
0.219359881466
0.219493746457
0.218848069257
0.217723090123
0.216642473736
0.216088153258
0.216210712872
0.216714606707
0.217083710037
0.21698031846
0.216449853127
0.215858789074
0.215566095692
0.215642377115
0.215870067958
0.215973235948
0.215831508273
0.215524971972
0.215261333073
0.215196216139
0.215291930449
0.21536571341
0.215290088834
0.215107504861
0.214969477773
0.214958521303
0.215006854756
0.214998125316
0.214900964145
0.214795385975
0.214763994479
0.214782346091
0.214763503671
0.21468656407
0.214620185887
0.214606633088
0.214598950914
0.214548423733
0.214486052973
0.214458830269
0.214440644724
0.214390509958
0.214337245667
0.214309640765
0.214274165402
0.214218385476
0.214176503967
0.214140482529
0.214085697938
0.214036836224
0.213994050042
0.213936315646
0.213883790482
0.213831875633
0.21376897089
0.213712664761
0.213648648866
0.213582369801
0.213516404898
0.213442343923
0.213370577992
0.213290254003
0.213210905984
0.213123820179
0.21303633125
0.212941409476
0.212845165367
0.212741650211
0.212635319149
0.212523081065
0.212405113371
0.212283096883
