1.17587011946
1.17586783814
1.17586338959
1.17585687081
1.17584836312
1.17583793347
1.17582563552
1.17581151065
1.17579558887
1.17577788956
1.17575842217
1.17573718682
1.17571417482
1.17568936908
1.17566274453
1.1756342684
1.17560390053
1.17557159352
1.17553729295
1.17550093746
1.17546245883
1.17542178207
1.17537882536
1.17533350006
1.17528571064
1.1752353546
1.17518232232
1.17512649694
1.17506775418
1.17500596215
1.17494098107
1.1748726631
1.17480085199
1.17472538282
1.17464608164
1.17456276517
1.17447524035
1.174383304
1.17428674237
1.17418533065
1.17407883256
1.17396699977
1.17384957141
1.17372627347
1.17359681824
1.17346090365
1.17331821263
1.17316841245
1.17301115392
1.17284607071
1.17267277855
1.17249087433
1.17229993535
1.17209951833
1.17188915848
1.17166836858
1.17143663788
1.17119343109
1.17093818722
1.1706703185
1.17038920912
1.17009421402
1.1697846576
1.16945983237
1.16911899759
1.16876137786
1.16838616159
1.16799249957
1.16757950334
1.16714624362
1.16669174867
1.16621500264
1.1657149438
1.16519046286
1.1646404012
1.16406354907
1.16345864384
1.1628243682
1.1621593484
1.16146215252
1.16073128875
1.15996520378
1.15916228123
1.15832084022
1.15743913406
1.15651534912
1.15554760391
1.15453394843
1.15347236382
1.15236076241
1.15119698816
1.14997881773
1.14870396205
1.14737006875
1.14597472537
1.14451546362
1.14298976476
1.14139506642
1.13972877097
1.13798825566
1.13617088496
1.13427402529
1.13229506249
1.13023142252
1.12808059579
1.12584016557
1.12350784109
1.12108149585
1.11855921179
1.11593932998
1.11322050849
1.11040178801
1.10748266591
1.10446317928
1.10134399713
1.09812652202
1.09481300085
1.09140664399
1.08791175143
1.08433384378
1.08067979469
1.07695796009
1.07317829794
1.06935247044
1.06549391823
1.06161789428
1.05774144246
1.05388330438
1.05006373633
1.04630421824
1.04262703834
1.03905474088
1.03560943184
1.032311948
1.02918090907
1.02623169043
1.02347537292
1.02091774552
1.01855845192
1.01639038077
1.01439939713
1.01256449805
1.01085844624
1.00924889474
1.00769996595
1.00617419556
1.00463470354
1.00304741586
1.00138313875
0.999619283894
0.997741061451
0.995741996454
0.993623683993
0.991394776777
0.989069291167
0.986664414431
0.984198080568
0.981686634422
0.979142906787
0.976574970553
0.973985746576
0.971373494456
0.968733077268
0.96605775285
0.963341145554
0.960579020372
0.957770530194
0.954918723522
0.95203025621
0.949114421088
0.946181763966
0.943242642194
0.940306057982
0.937378979273
0.934466209634
0.931570733748
0.928694381857
0.92583865512
0.923005578998
0.920198399496
0.917421837315
0.914681605124
0.911983089899
0.909329568578
0.906720833649
0.90415315622
0.901620854378
0.899118597871
0.896642789796
0.894190808536
0.891758533602
0.889338234067
0.886918864724
0.884488750166
0.882038266429
0.879560004768
0.877046496969
0.874488225994
0.871874191389
0.869194197689
0.86644012737
0.863605075294
0.860681920146
0.857663053523
0.854541021807
0.851308988485
0.847960535601
0.844488767324
0.840885471424
0.837141655694
0.833249185227
0.829200430815
0.824988062406
0.820610739934
0.816176802378
0.813468775381
0.845550198163
1.29518389735
1.19801647644
1.07171930506
1.57453819131
1.51060234773
1.04172599342
1.3308562268
1.41574577007
1.40113951264
1.32355118302
1.22207478966
1.17250004828
1.20890939734
1.25951273557
1.2537712401
1.14826070447
1.01348912747
1.01543038824
1.06876131356
1.05036818704
0.947296103334
0.895439455968
0.972200818909
1.0059812445
0.909926752994
0.838961524583
0.903719569642
0.968118814465
0.9857229842
0.959382318224
0.913316339862
0.883724833529
0.891489648517
0.916586883887
0.918181210699
0.881029998698
0.832307261202
0.813962220655
0.825944952076
0.830914485618
0.812139264899
0.791866312279
0.796937646728
0.809864891798
0.802062021521
0.783403350998
0.781490189518
0.789612847139
0.78563685398
0.773769156368
0.772465868912
0.774592877712
0.7648369724
0.756158876296
0.758249259271
0.755638338648
0.749677405272
0.751690472861
0.748964988951
0.742990740197
0.743678196279
0.739844051442
0.735837244136
0.735255895197
0.729878444174
0.728968828713
0.726498797873
0.724463144858
0.722669498023
0.719195801062
0.717337951736
0.714460377821
0.712749793726
0.710485248593
0.70784490528
0.70635676209
0.703233403692
0.700928400139
0.699029561179
0.696296642839
0.693413025141
0.690928276473
0.688817212647
0.687172739228
0.688010675671
0.695592640854
0.727632099813
0.67665229609
0.689345031581
0.716632947518
0.671773914569
0.668048544768
0.70115360493
0.655587620282
0.691136481717
0.650443463225
0.677232451966
0.660519596802
0.651304737806
0.6630643448
0.639624345032
0.656401545563
0.636472620203
0.647389339417
0.634808149813
0.639234808302
0.63298676497
0.633168675468
0.62885006232
0.629184920478
0.624367396882
0.625946209074
0.618953100647
0.622867790562
0.614420742893
0.619114840677
0.611364279852
0.612586813921
0.610026378846
0.605714519633
0.607347487297
0.602782951879
0.600313376438
0.600924464965
0.59742942789
0.59376407472
0.592716465432
0.592534349485
0.592595013309
0.591533705591
0.593001049976
0.596359634636
0.607201619544
0.617652498869
0.64142734319
0.634380132651
0.660223210973
0.567835693453
0.672640667308
0.56105199117
0.638694004963
0.577076642021
0.600803213075
0.638388281031
0.569105059169
0.564099567592
0.606265137516
0.594934483642
0.550464667807
0.556845860398
0.584417978001
0.577464526542
0.547280609711
0.543073930861
0.56131039744
0.561870654095
0.543225634333
0.537422342568
0.549321459734
0.549035473921
0.535902235345
0.536097372001
0.543596947313
0.53879894285
0.531238457034
0.535396973098
0.537097858567
0.530460304544
0.530122497659
0.533163874032
0.529309303896
0.52718972896
0.529633363341
0.527113054191
0.525180070382
0.526752775816
0.52452190872
0.52338030317
0.524115260593
0.521830916495
0.521728198119
0.521207203352
0.519552946791
0.519768084776
0.51808629535
0.517786960799
0.516710866563
0.515827517072
0.515060535577
0.513945610123
0.513164475242
0.512040759034
0.511053065127
0.510057314158
0.508754075517
0.507874317696
0.506413554193
0.505259994205
0.504074335725
0.502521124632
0.501096162792
0.499778742339
0.498311263017
0.496677354258
0.494991154376
0.493364525393
0.492188912788
0.493503454447
0.506820457364
0.565279432316
0.524596276984
0.481928981546
0.522394151381
0.4860152253
0.492580680634
0.498797535215
0.472322395141
0.493177446299
0.469488052129
0.486426352962
0.465625037084
0.480070522467
0.46223048632
0.474458527116
0.460376870283
0.466430077168
0.460271839823
0.457715211348
0.461549731019
0.452305046062
0.456426097627
0.453843380272
0.448074465126
0.451328633643
0.449772446002
0.444055819626
0.443277537153
0.445620140176
0.445354879057
0.443464060511
0.441704076862
0.443285453477
0.449680943831
0.46961358191
0.430585393997
0.446180554368
0.459650381334
0.426794632504
0.432784729082
0.451269305767
0.422245114536
0.450749686696
0.426344766623
0.435397998247
0.429424562214
0.424498913385
0.424414010105
0.421748541173
0.416571873358
0.422308440082
0.408414013077
0.421192139505
0.404261748825
0.415909457273
0.405940899939
0.404882618602
0.410565268319
0.399349993197
0.402587691333
0.403683880213
0.395587782006
0.397841947571
0.398881098716
0.392685695298
0.39194966157
0.394844737194
0.393203385489
0.388731971418
0.385920528068
0.385187466495
0.386458160128
0.391340628911
0.402473546641
