1.55588523148
1.52044959161
1.45333776601
1.36029911426
1.24937435799
1.13052588332
1.01419008737
0.90914691069
0.820816213539
0.750870443809
0.698083555235
0.659668313785
0.632427352743
0.613447332617
0.60037750974
0.591451122572
0.585394371668
0.581310225528
0.578574981311
0.576757826132
0.575562131355
0.574783938825
0.574283063574
0.573963134488
0.573757860338
0.573621596085
0.573522866931
0.573439921666
0.573357676098
0.573265607858
0.57315630217
0.573024443212
0.572866110759
0.572678286236
0.572458502562
0.572204592773
0.571914506438
0.571586172469
0.571217393481
0.570805761415
0.570348587326
0.569842840577
0.56928509446
0.568671476801
0.567997625619
0.567258651587
0.56644911119
0.56556299741
0.564593758881
0.563534364257
0.56237743667
0.561115494221
0.559741346641
0.558248714923
0.556633156386
0.554893383571
0.55303304254
0.551062929043
0.549003412395
0.546886435576
0.544755824674
0.542663881863
0.54066183896
0.538782794592
0.537019708961
0.535308269372
0.533531309289
0.531558564209
0.52931413588
0.526832501872
0.524254574089
0.52175326682
0.519436758757
0.51729738047
0.515236818936
0.513146977687
0.511000412634
0.508898416636
0.507020159528
0.505453309348
0.504051961993
0.502598742802
0.501145174685
0.499930462064
0.498971648694
0.498046262323
0.497037213573
0.496049009737
0.49511663827
0.494060009414
0.492855491954
0.491675915535
0.490507538275
0.489290407036
0.488153784325
0.487142646002
0.486149083629
0.485221941397
0.484362356144
0.483455856497
0.482530015244
0.481582737549
0.480573534569
0.479585451525
0.478596839867
0.477624751527
0.476658741324
0.475649759407
0.47461212203
0.473513762703
0.472401083935
0.471263914457
0.470130532955
0.468975432218
0.467787821225
0.466563829298
0.465296732614
0.464009817663
0.462701073373
0.46136442684
0.460005829654
0.458629917758
0.457233203482
0.455808579366
0.45435757639
0.452924030827
0.451694750016
0.452251396003
0.459483175789
0.511225932023
0.529003643912
0.498755190275
0.462963545883
0.492450892169
0.487443317335
0.525240575736
0.534323391165
0.523137508309
0.48656717084
0.449809286791
0.547731955461
0.455366927521
0.497043842647
0.520652898489
0.532057839507
0.535457903334
0.533208804566
0.526840033538
0.518632994591
0.511274545851
0.505547925602
0.500241818926
0.494510874926
0.490211901898
0.486649581601
0.466431652877
0.442572733269
0.436214372863
0.439759472132
0.451725213891
0.456854465536
0.448391619882
0.441668827911
0.428727289172
0.433157692988
0.430229111994
0.436242493792
0.435964700011
0.430747339691
0.428412577448
0.422577022337
0.424516582108
0.424288787379
0.423311674796
0.420355553534
0.416954870431
0.419864719634
0.420074349309
0.416556853439
0.417859091372
0.41647286782
0.412945179595
0.419877632522
0.42919250233
0.412371345564
0.472930564804
0.477455104107
0.525802182856
0.538483439975
0.535588806779
0.521036245915
0.49954314555
0.489828177161
0.497012165944
0.504128050404
0.495760005325
0.462094610279
0.438315684334
0.436664775049
0.428676600875
0.43624268768
0.417986064354
0.423870980593
0.442454943741
0.425584222939
0.419850648918
0.405191348482
0.407134114078
0.408814027351
0.410132429479
0.407503119087
0.407298742108
0.402369967296
0.398719141573
0.397380461888
0.39103004591
0.389636611446
0.395436134258
0.410101452165
0.387413061081
0.419967121534
0.428612842216
0.452140833903
0.437627890248
0.406523108887
0.432342052258
0.435256310408
0.396349821497
0.418711251182
0.435121530802
0.429882393951
0.401712090556
0.386679823739
0.428060363008
0.386224727189
0.381555865394
0.398689288118
0.403498147997
0.393692116807
0.3793683836
0.383942231308
0.3948092414
0.376926809627
0.373283079719
0.380326468728
0.379717483759
0.372703816838
0.374082083289
0.377972206732
0.36911355355
0.369157470337
0.371606010905
0.368537978391
0.367792434555
0.371148934821
0.366967805158
0.36679302497
0.366955120765
0.364108870828
0.365455771697
0.36491897727
0.36371626165
0.364413554836
0.362389386187
0.362749659873
0.362064667525
0.361496413835
0.361506759329
0.360113133172
0.360446955672
0.359228983204
0.359503437321
0.35847132431
0.358416876516
0.357344375086
0.357279940732
0.356453847032
0.356251450783
0.355466939197
0.354833211589
0.354531124377
0.353716615029
0.352969228606
0.352554846983
0.352033625345
0.351123921548
0.350236975933
0.349432583466
0.34863743827
0.347830972562
0.347194057789
0.347829529644
0.355003375523
0.40769054641
0.39389537056
0.378606734686
0.363960063306
0.35871348985
0.386180929107
0.370541575842
0.378860710191
0.34627922739
0.347309542474
0.372721840295
0.377615688338
0.33639787
0.406554677671
0.344703671531
0.381938159697
0.387889504646
0.362339664893
0.338247554471
0.380110832069
0.354954112724
0.336844697987
0.357443098209
0.367966159204
0.358159523005
0.335309912779
0.336201278209
0.357475832471
0.341832055029
0.328533217802
0.337881759859
0.344893794766
0.339999653817
0.329334403589
0.329618283041
0.33840586802
0.331641801106
0.326621940498
0.331449718863
0.332940138764
0.328090960656
0.325717557444
0.329934513159
0.327476452578
0.324838917695
0.327472151864
0.326887704637
0.324126666025
0.325905265259
0.325295181869
0.323546327007
0.324974826219
0.323883458958
0.323028417332
0.32400710342
0.322482413442
0.322935090734
0.322668999328
0.321812486288
0.322330769715
0.321302801265
0.321597311203
0.321029337347
0.32084254843
0.320586948853
0.320244896765
0.320046801215
0.319672842325
0.319402084692
0.319164744962
0.318715324805
0.318607640038
0.318056803688
0.317814509755
0.317522389094
0.317010862818
0.316656185539
0.316377636186
0.315996756906
0.315491525788
0.31499625057
0.314511653493
0.314030750753
0.313549089938
0.313121187154
0.313159708291
0.316730173635
0.333547892426
0.359762821473
0.37394162877
0.320214084452
0.412282751253
0.318554914964
0.358537983251
0.376389733604
0.367588409668
0.33709513708
0.3175671112
0.352824459839
0.355401291934
0.315438554153
0.3205453145
0.3386185278
0.345406611374
0.336006582272
0.316225123811
0.308252670463
