1.09516501422
1.09515269558
1.09512867526
1.09509347877
1.09504754774
1.09499124676
1.09492486944
1.09484864374
1.09476273684
1.09466725925
1.09456226865
1.09444777307
1.09432373378
1.09419006776
1.09404664981
1.0938933144
1.0937298572
1.09355603629
1.09337157327
1.093176154
1.09296942925
1.0927510151
1.09252049317
1.09227741074
1.09202128067
1.09175158118
1.09146775558
1.09116921177
1.09085532168
1.09052542067
1.09017880671
1.08981473955
1.08943243978
1.08903108784
1.08860982289
1.08816774166
1.08770389727
1.08721729788
1.08670690541
1.08617163411
1.08561034918
1.08502186524
1.08440494493
1.08375829729
1.0830805763
1.08237037931
1.0816262455
1.08084665433
1.08003002409
1.07917471034
1.07827900454
1.07734113263
1.07635925376
1.07533145904
1.07425577046
1.07313013988
1.07195244821
1.07072050472
1.06943204658
1.06808473863
1.06667617331
1.06520387103
1.0636652807
1.06205778074
1.06037868043
1.05862522174
1.05679458162
1.05488387493
1.05289015796
1.0508104326
1.04864165141
1.04638072348
1.04402452134
1.04156988898
1.03901365108
1.03635262373
1.03358362675
1.03070349782
1.02770910871
1.02459738392
1.02136532198
1.01801001989
1.01452870107
1.01091874732
1.00717773538
1.00330347856
0.999294074188
0.995147957484
0.990863962475
0.986441390596
0.981880087467
0.977180528173
0.972343911107
0.967372260037
0.962268533493
0.957036739851
0.951682055567
0.946210942846
0.940631261736
0.934952370107
0.929185203443
0.923342324854
0.917437934498
0.911487826872
0.905509284568
0.899520898399
0.893542306548
0.887593849937
0.881696147202
0.875869600371
0.870133850977
0.864507214816
0.85900613079
0.853644663703
0.848434101262
0.843382681061
0.838495473711
0.833774434342
0.82921861797
0.824824536958
0.820586623545
0.816497749422
0.812549749327
0.808733897299
0.8050412923
0.801463123167
0.79799079952
0.794615953148
0.79133033139
0.788125618241
0.784993228696
0.781924126154
0.778908710878
0.775936819453
0.772997861441
0.770081101151
0.767176071473
0.764273085472
0.761363792861
0.758441715576
0.755502692446
0.752545169539
0.749570291067
0.746581774745
0.743585591502
0.740589505753
0.737602559546
0.73463459076
0.731695852643
0.728796746544
0.725947600913
0.723158353455
0.720437959708
0.717793401865
0.715228325682
0.712741559576
0.710325974235
0.707968190729
0.705649444429
0.703347495975
0.701039054506
0.698702023342
0.696317133982
0.693869018208
0.691347051163
0.688746078871
0.686066618889
0.683313913331
0.680495751058
0.677619912884
0.67469249145
0.671717658908
0.668698325252
0.665636771111
0.662535072745
0.659395812099
0.656223033606
0.653022387096
0.649799755365
0.646559418235
0.643303423861
0.640032234492
0.636745634489
0.633443977173
0.630130003496
0.62680962244
0.623490633014
0.620181160303
0.616888904029
0.613620412328
0.610381016383
0.607175648582
0.604008402731
0.600881048445
0.597792321748
0.594738010484
0.591712791121
0.58871291875
0.585737144501
0.5827864944
0.579863166403
0.576970072741
0.574111055636
0.571290003611
0.56850937534
0.565768986913
0.563067046956
0.560401413573
0.557769472209
0.555166607063
0.552585860226
0.550018326506
0.547452629675
0.544874370179
0.542267332285
0.539614982284
0.536900014904
0.534104135246
0.531208951057
0.52819550398
0.525044596052
0.521738124933
0.518257604267
0.514583422433
0.510694508295
0.506575907568
0.502296263363
0.499041990931
0.514699069495
0.753702781929
0.73072253566
0.72826103295
0.709254962167
0.708715751515
0.688821321676
0.6107606307
0.745933095159
0.583842228262
0.61022043301
0.532045113199
0.546264643222
0.569363887834
0.55209003839
0.580719165331
0.602811356854
0.545575157441
0.543521600517
0.552753369086
0.520220096526
0.516376837257
0.517344309422
0.496183904804
0.498319831001
0.499624884771
0.487905948426
0.478154126346
0.472765486538
0.465565189788
0.464026886824
0.442295098464
0.437835404108
0.433427310387
0.431197733225
0.425383339447
0.419708104124
0.41491543529
0.414280607858
0.40517299508
0.402119369273
0.395446089102
0.393673898415
0.388062341256
0.396083596948
0.453529733949
0.408553487788
0.393641895915
0.462777882038
0.373540248731
0.422775647872
0.387853861914
0.405975993615
0.420757895638
0.369739049202
0.370096603559
0.390849482261
0.356679564183
0.362274731458
0.358301953188
0.343718212887
0.356344549105
0.347120652552
0.32669679606
0.341141397031
0.339778459019
0.326017025272
0.327799300847
0.324263843082
0.32441505794
0.324734833705
0.314057990207
0.313677302356
0.317597879862
0.308154309466
0.308356241696
0.308242923124
0.306705735068
0.303011286939
0.30061510311
0.301806774652
0.296496546777
0.296661537781
0.295945241883
0.293434522407
0.291474895898
0.291071876468
0.287610040336
0.28728541901
0.285373820303
0.283367787683
0.282356330329
0.279590550773
0.278710257429
0.276438881483
0.274931017324
0.272667242947
0.271130993126
0.268855657163
0.267309491696
0.265216932058
0.264849732857
0.269765852907
0.296946798729
0.281925542042
0.257076890147
0.28497378172
0.255311747146
0.264182219174
0.256293210585
0.250409333496
0.261404272985
0.247976058631
0.255808469105
0.242028565958
0.24977129895
0.235765491472
0.248619959073
0.236388317684
0.23792678861
0.238862813703
0.229863590937
0.235237833021
0.226398647434
0.231383246354
0.223079891535
0.228579801162
0.220795580661
0.224369207227
0.21889253332
0.220667875532
0.217119757437
0.217635882806
0.214887953302
0.214278188468
0.213652531415
0.210916377974
0.211419767709
0.209798645402
0.20726479468
0.207513899901
0.206283455137
0.203832888521
0.202871337019
0.202883701188
0.201768808505
0.2003583028
0.198950684739
0.198781589426
0.201274808068
0.215844568734
0.195569280393
0.197089811805
0.20858376409
0.19119568249
0.206459084068
0.194411448232
0.194154373064
0.19553611171
0.186081512768
0.192725242012
0.182800145464
0.189539797721
0.179292265796
0.186451774004
0.17805895516
0.182196388742
0.176592434818
0.178331139775
0.176573850428
0.174294653818
0.176438817026
