1.78904161585
1.78819888702
1.7865553209
1.78414636319
1.78100172851
1.77714611534
1.77259992649
1.76738000486
1.76150039719
1.75497315973
1.74780921924
1.7400193009
1.73161493062
1.72260951283
1.71301947597
1.70286546613
1.69217355449
1.68097640768
1.66931435167
1.6572362416
1.64480003362
1.63207294316
1.61913107114
1.6060583899
1.59294501176
1.57988472003
1.56697182881
1.55429754822
1.54194614719
1.52999129744
1.51849301446
1.50749556208
1.49702655488
1.48709730686
1.47770428274
1.46883135746
1.46045251351
1.45253461022
1.44503992836
1.43792829877
1.43115873404
1.42469057409
1.41848421729
1.41250153617
1.40670607737
1.4010631287
1.39553971266
1.39010454279
1.38472796132
1.37938186544
1.37403962344
1.36867598032
1.36326695276
1.35778971447
1.35222247415
1.34654434878
1.34073523551
1.33477568489
1.32864677809
1.32233000997
1.3158071796
1.30906028908
1.30207145148
1.29482280799
1.28729645486
1.2794743799
1.27133840887
1.26287016199
1.25405102063
1.24486210495
1.23528426282
1.22529807102
1.21488384973
1.20402169152
1.19269150652
1.18087308548
1.16854618278
1.15569062192
1.14228642585
1.12831397529
1.11375419794
1.09858879186
1.0828004865
1.0663733444
1.04929310694
1.03154758673
1.01312710864
0.994025000676
0.974238134329
0.953767512194
0.932618898347
0.910803483835
0.888338576037
0.865248296299
0.84156426538
0.817326250862
0.792582745116
0.767391437043
0.741819535999
0.715943902929
0.689850942316
0.663636210086
0.63740369784
0.611264763449
0.585336692459
0.559740893979
0.534600757967
0.510039226819
0.486176160719
0.463125600677
0.440993052556
0.419872926633
0.399846268136
0.380978903332
0.363320103277
0.346901834996
0.331738630738
0.317828064205
0.305151782766
0.293677010879
0.283358415333
0.274140209419
0.26595837083
0.258742855913
0.252419708476
0.246912981968
0.242146416429
0.238044833632
0.234535233048
0.231547586247
0.229015337146
0.226875619587
0.22506920174
0.223540158282
0.222235255068
0.221103004818
0.220092309912
0.219150533091
0.218220675376
0.217236914957
0.216116471498
0.2147416919
0.21291428474
0.210240073395
0.205986214277
0.200174326242
0.198068417839
0.204088853896
0.203238764855
0.196059166417
0.196249525873
0.198661391652
0.198872561115
0.196307900738
0.192693529383
0.192882217449
0.195142199371
0.191481374326
0.19056549676
0.191897405792
0.191252414475
0.188953151064
0.189121676435
0.189556528938
0.187346258099
0.187696171602
0.187615943581
0.185971054803
0.186072208826
0.185552378753
0.184403769011
0.184584925822
0.183409959748
0.183102230627
0.182482608807
0.181805928287
0.181452895128
0.180575764731
0.180297657203
0.179544200585
0.179049056815
0.178523894938
0.17774518426
0.177421427222
0.176685081765
0.17608433796
0.175697635484
0.175119223265
0.17447861955
0.173860514532
0.173297846
0.17276838383
0.172290154141
0.172079497668
0.17346094215
0.18417473365
0.171344202825
0.199709623961
0.170915219509
0.182380938153
0.172967453779
0.176457127755
0.171395954158
0.173602755421
0.174346207828
0.167659468987
0.173562292348
0.167542255867
0.171204618697
0.165892652319
0.170472234505
0.165890607604
0.168194850394
0.165030981505
0.166857518774
0.165488073381
0.16502474307
0.165832858675
0.16332225446
0.164355062749
0.16320961679
0.162410719285
0.162969597936
0.161880821781
0.161103526399
0.16109125744
0.160928827627
0.16105438135
0.159972260648
0.160929604925
0.161443038638
0.175947473263
0.164998896021
0.200771405432
0.154385378279
0.186195794515
0.201647625982
0.198693728504
0.174690755814
0.154323054447
0.186374428103
0.171728244808
0.151642629646
0.169922602363
0.178397784965
0.176185014556
0.164542309565
0.150711082857
0.154449616178
0.166542061864
0.165246079809
0.152604265039
0.148552127704
0.154488859962
0.158622854441
0.156583178211
0.150158596431
0.146929994709
0.151672964336
0.15282757733
0.147306311295
0.146508203602
0.149477869091
0.149309218661
0.145976328993
0.145677009131
0.147961368934
0.145737025309
0.144824124789
0.14642925839
0.145519561452
0.144189258028
0.145533230819
0.144580556115
0.144034740574
0.144820802334
0.143799818893
0.143827940841
0.144019166751
0.143143500739
0.143594030145
0.143093846369
0.142872096342
0.142968375817
0.142423310689
0.142631558173
0.142171683655
0.142217800104
0.141951817198
0.141827089139
0.141692683991
0.141479697687
0.14135905841
0.14117851466
0.140987367153
0.140875496961
0.140588272733
0.140515135458
0.14025684385
0.140053879497
0.139932623286
0.139688326149
0.139431328506
0.139233430889
0.139063238389
0.138920390433
0.138848758422
0.139311624018
0.140643270949
0.146923454872
0.137708072788
0.151128177361
0.139429667764
0.144559922972
0.137411094671
0.141663950242
0.141366843517
0.138768663222
0.144295633533
0.137310211647
0.13815419478
0.139685426516
0.135460168271
0.135996729257
0.137231854361
0.135173807976
0.134180001857
0.136244400663
0.13760750787
0.133609211027
0.134126986826
0.137488614119
0.134796017543
0.133163895651
0.132244131808
0.132082060316
0.13266407825
0.134625586504
0.143143649925
0.131390115996
0.149699261272
0.134557432007
0.141064654735
0.13073566226
0.140065835731
0.135689196876
0.131832500789
0.138266496775
0.135088369556
0.129336826989
0.134925163709
0.136239150702
0.129601085856
0.130712429651
0.134108955215
0.132011552487
0.128572184006
0.131027453083
0.131576901428
0.128407389298
0.129551686421
0.130661187163
0.128660353986
0.128395975612
0.129728746594
0.128161579146
0.12821112753
0.128992811442
0.12786864607
0.127930488134
0.128423104981
0.127456365934
0.127842329348
0.127853545656
0.127224227881
0.127650556865
0.127311210266
0.127137497104
0.127340330595
0.126903932389
0.127087335271
0.126873768966
0.126780879056
0.126800827466
0.126552074468
0.12664801735
0.126395871569
0.126453829505
0.126256696251
0.126260966709
0.126103120768
0.126073530062
0.125930458007
0.125896904945
0.125738316701
0.125708274435
0.125552388317
0.125484868517
0.125386489213
0.125239578591
0.125164359179
0.125059214199
0.124904405296
0.124772458346
0.124667976151
0.124569224882
0.124494290819
0.124512202514
0.12486002166
0.12573310086
0.129008765298
0.131664135769
0.143859132497
0.127693436336
0.164712503962
0.124263675363
0.144538981673
0.13500643435
0.127117412403
0.137639710771
0.123016123151
0.130618513536
0.136153347539
0.131758516172
0.123572270558
0.125144595957
0.131338281125
0.129455731785
0.123183495985
0.123022890337
0.12659979293
0.127179246537
0.124004188859
0.121785276694
0.123809614335
0.125044676921
0.122643746014
0.121579537299
0.123102008376
0.123380996368
0.12179687865
0.121406097655
0.122530617025
0.12205026068
0.121080554742
0.121691124538
0.121893524926
0.121078002291
0.121140428644
0.121569776169
0.121007074797
0.120889927026
0.121225337932
0.120867167606
0.120724255189
0.120961574756
0.120646895789
0.120624897617
0.120712957673
0.120450440888
0.120525236559
0.120463781608
0.120313277123
0.120389347772
0.120221580057
0.120229303904
0.120170102584
0.120075707625
0.120081664666
0.119954830341
0.119963874984
0.11984989299
0.119833918184
0.119739165677
0.119705989956
0.119614138179
0.119576829153
0.11947972145
0.1194388958
0.119344013146
0.11927910999
0.119209140277
0.119111121612
0.119039478196
0.118960994908
0.118859855477
0.118759760614
0.118668821803
0.118581023614
0.118498170407
0.11845193063
0.118569559728
0.11935872595
0.122042326024
0.133596634576
0.117799738573
0.13139699315
0.122244715214
0.124931187083
0.122351340442
0.118607387339
0.123938888709
0.121160934371
0.120806926562
0.119561696499
0.120808652192
0.119179297959
0.120596055782
0.117078822994
0.120341425666
0.116464680468
0.120390930537
0.116875247851
0.117870437711
0.118036055904
0.115953701639
0.117872996176
0.116135780649
0.116200643723
0.117067916654
0.115534251331
0.116153854204
0.116566663964
0.115258932982
0.115758212968
0.116265526662
0.11513021311
0.115095995678
0.115881256895
0.115629340128
0.115026357354
0.114566094838
0.114422819598
0.114522479093
0.114967854366
0.116351829544
0.119183198909
0.12876682101
0.113813202562
0.127974536652
0.116135292466
0.122057855474
0.113590917905
0.120685094559
0.117865457218
0.114237547017
0.119451002881
0.117231922137
0.113177951716
0.11697660877
0.116002715621
0.113051052952
0.115868510362
0.114788604924
0.112934659125
0.115164684834
0.11334330395
0.113331467502
0.114206669065
0.112571719036
0.113691875133
0.112977248941
0.112815489909
0.113236242766
0.112371918188
0.11310135134
0.112308312505
0.112791525329
0.112344593834
0.112513437154
0.112322469446
0.112315119302
0.112215069962
0.112207204663
0.112039363919
0.112151030259
0.111882935348
0.112066797367
0.111773643729
0.111898357748
0.11173635338
0.111677428432
0.11172516865
0.111526832906
0.111554558775
0.111511364735
0.111359256402
0.111355412108
0.11135722717
0.111230093173
0.111118817681
0.111085064689
0.111094965226
0.111105913053
0.111073903693
0.111082559793
0.111131117359
0.111271732465
0.111495650822
0.111952082795
0.112553981105
0.113806131471
0.115137922389
0.118576968115
0.120329766606
0.128570199119
0.110960926446
0.135424394572
0.111465892852
0.126239367367
0.112988832577
0.118767503143
0.125832845207
0.112157195491
0.112773447667
0.120756935539
0.120065046231
0.112066185021
0.110374704487
0.116235373758
0.1182267389
0.113050036318
0.109447716178
0.111747246852
0.114605678492
0.11318543676
0.109836964392
0.109818301001
0.112125284189
0.111766273857
0.109489892493
0.109596907474
0.111089235087
0.110596207671
0.109143398712
0.109569029428
0.110416647227
0.109611217516
0.108976160705
0.109664790376
0.109712028298
0.108978983437
0.109130560051
0.109512435415
0.109057390909
0.108885941785
0.109235616775
0.109021485384
0.1087926059
0.109044120409
0.108910277209
0.108737515975
0.10891776906
0.108776955214
0.108698548749
0.108807783584
0.108650351943
0.108675930866
0.10868493783
0.108569132996
0.108631470973
0.108555937553
0.108532401995
0.108539624487
0.108463066052
0.108489640533
0.108422469498
0.108423527547
0.108386617522
0.108358960636
0.108340199333
0.108301853665
0.108284712511
0.108247503116
0.108222557935
0.108193262909
0.108154881612
0.108135000735
0.108087999448
0.10806219724
0.108028149224
0.107981651532
0.107948454088
0.107914830059
0.107869845231
0.107820904565
0.107773616558
0.107727806424
0.107683695243
0.107649630029
0.107675493942
0.107984300277
0.109649919071
0.117938689131
0.11429221335
0.10850327281
0.107696657391
0.111609555787
0.116622541215
0.107135482767
0.115329412097
0.107029851055
0.113516798775
0.108995195094
0.109403204297
0.111155318295
0.107003564207
0.111037063783
0.106920546597
0.109518979196
0.107628316706
0.108104549885
0.108073898082
0.107295899342
0.107970426736
0.106874908067
0.107668921771
0.106737332491
0.107298537674
0.106676001725
0.106899924064
0.106721995132
0.106519608922
0.106843810283
0.106211686133
0.106762132026
0.10618095993
0.106411371342
0.10637345007
0.10604475893
0.106356881115
0.106146523112
0.105949759009
0.106174162472
0.106105801163
0.105851505213
0.105846747641
0.106009385796
0.106065234507
0.105940829268
0.105775085626
0.105671215539
0.105616323872
0.105624308602
0.105777516806
0.106471735772
0.108959949304
0.120764576096
0.120837861058
0.106328883395
0.110425672764
0.119225381159
0.106296886747
0.119293375531
0.107419367706
0.11368961534
0.117336669042
0.105192434508
0.114907492228
0.11508642801
0.105218751704
0.111078760814
0.116968508085
0.113167069842
0.105942856263
0.106161594884
0.111212377634
0.113445528654
0.109925924275
0.105584113127
0.105240323812
0.108124827636
0.109403325589
0.107243320475
0.104896420983
0.105321564922
0.107071876133
0.107196566382
0.10560311151
0.104655146941
0.105439834345
0.106258587558
0.105631987408
0.104682006244
0.104884524841
0.105543835159
0.105372906999
0.104694481576
0.104685717171
0.105139107946
0.105009651361
0.104573151017
0.104685918197
0.104938723325
0.10472853335
0.104509716308
0.104691527101
0.10473911521
0.104518579151
0.104527666966
0.104653049717
0.104542118801
0.104451664633
0.104549847996
0.104516253244
0.104419677986
0.104479931286
0.104468873409
0.104390830958
0.104432997398
0.104414512152
0.104361436449
0.104395063432
0.104358825147
0.104336313772
0.104351715069
0.104307743291
0.104314039126
0.104298018007
0.104273691247
0.104277535882
0.104245366637
0.104246650228
0.104222656552
0.104212997181
0.104197218183
0.104181287032
0.104167665903
0.104150323694
0.104134578219
0.10411888154
0.104098568796
0.104085263288
0.104061386563
0.104045904451
0.104025427677
0.104001602703
0.103982917216
0.103961360424
0.10393544387
0.103909786744
0.103885541728
0.103861835582
0.103839861686
0.103828557098
0.103869545606
0.104136556241
0.105240604037
0.111009150961
0.108812083948
