1.64976605888
1.64970585065
1.64958844509
1.64941640202
1.64919186771
1.64891660841
1.64859204006
1.64821925465
1.64779904354
1.647331918
1.64681812718
1.64625767386
1.64565032807
1.64499563881
1.64429294406
1.64354137915
1.64273988373
1.64188720734
1.64098191379
1.64002238433
1.63900681983
1.63793324191
1.63679949319
1.63560323659
1.6343419539
1.63301294352
1.63161331745
1.63013999762
1.6285897115
1.62695898706
1.62524414713
1.62344130312
1.62154634815
1.61955494966
1.61746254132
1.61526431459
1.61295520954
1.61052990533
1.60798281008
1.60530805029
1.60249945982
1.5995505684
1.59645458979
1.59320440954
1.58979257242
1.58621126964
1.58245232583
1.57850718592
1.57436690204
1.57002212046
1.5654630688
1.56067954365
1.55566089881
1.55039603431
1.54487338664
1.53908092028
1.53300612122
1.5266359926
1.51995705326
1.51295533967
1.50561641192
1.49792536483
1.48986684482
1.48142507389
1.47258388199
1.46332674902
1.45363685847
1.44349716432
1.43289047356
1.42179954664
1.4102072187
1.39809654442
1.38545096999
1.37225453565
1.3584921127
1.344149679
1.32921463702
1.31367617856
1.29752569997
1.28075727104
1.26336816022
1.24535941705
1.22673651129
1.2075100252
1.1876963924
1.16731867229
1.14640734355
1.12500109385
1.10314757549
1.08090408796
1.05833813949
1.03552783037
1.01256199234
0.98954001193
0.966571262623
0.943774073297
0.921274171119
0.899202557575
0.877692809084
0.856877838808
0.836886212454
0.817838173556
0.799841595311
0.782988125883
0.767349820519
0.752976546628
0.739894401558
0.728105299009
0.717587769056
0.708298895494
0.70017720291
0.69314622266
0.687118423822
0.681999195344
0.677690603647
0.674094714353
0.671116343289
0.668665177501
0.666657271558
0.665015972563
0.663672357498
0.662565280492
0.661641128648
0.660853377328
0.660162022906
0.659532956124
0.658937324371
0.658350917875
0.65775360355
0.657128821186
0.65646314972
0.655745946043
0.654969054793
0.654126584307
0.65321474105
0.652231711832
0.651177579742
0.650054255803
0.648865403806
0.647616331071
0.646313813724
0.644965823035
0.64358112136
0.642168705177
0.640737091238
0.639293472106
0.637842808831
0.636386976668
0.634924124013
0.633448428548
0.631950418247
0.630417951847
0.628837820459
0.627197758586
0.625488484952
0.623705295709
0.621848765545
0.619924303173
0.617940624766
0.615907559217
0.613833856019
0.611725721143
0.609586615402
0.607418456525
0.605223880781
0.60300878174
0.600784090096
0.598565818488
0.596372878279
0.594223097467
0.592128989542
0.590095506762
0.588121419797
0.586203811851
0.584342600287
0.582541318829
0.580803023169
0.579124466643
0.577493711253
0.57589376343
0.574309643821
0.572733175641
0.571161812279
0.569593633326
0.568024698887
0.566452103842
0.56487839918
0.563310363164
0.561752556916
0.560203905742
0.558661538912
0.557125659594
0.555598653402
0.55408224745
0.55257993053
0.551100393498
0.549653059877
0.548240729756
0.546859468601
0.545501081433
0.544152453534
0.542799747079
0.541435619706
0.540056658639
0.538658497237
0.537236509538
0.535784162757
0.534295565662
0.532770864355
0.531211217726
0.52961502168
0.527975856419
0.526284289501
0.524536027689
0.522730461879
0.520868242639
0.518946149068
0.516960599576
0.514908161993
0.512783354828
0.510574301796
0.508267627991
0.505850981733
0.503310521242
0.500629087348
0.497788658843
0.494770366651
0.491550964582
0.488104940404
0.484409624178
0.480440871023
0.476174020526
0.471587424865
0.466668554417
0.461533706748
0.457785776379
0.478878846234
0.563100530573
0.56425009181
0.4415274131
0.559883773064
0.485526709111
0.53978374132
0.475672132422
0.441544202341
0.478001608553
0.408728089563
0.445149329056
0.464125978289
0.443093183415
0.402450684798
0.40438045663
0.433351757818
0.422707751032
0.389864578197
0.390040320678
0.406692799821
0.413526494256
0.403584809097
0.385043946439
0.37656457791
0.385592985479
0.39250728259
0.383261892107
0.372019110659
0.373289525762
0.379199755704
0.377990395662
0.370066370094
0.366273501229
0.370333907473
0.370689747734
0.364707111374
0.362607057576
0.364921399841
0.364053362577
0.359887155028
0.358977882869
0.360184435113
0.357682674228
0.355349568005
0.355926846541
0.354742259414
0.352210789109
0.352110513016
0.351158996699
0.348977407411
0.348686301065
0.347234525106
0.345559978285
0.344983401206
0.342998649175
0.342047513322
0.340481920313
0.338929840265
0.337585273842
0.335758957687
0.334339036639
0.332396064394
0.33077923792
0.328807607288
0.32688120236
0.32495614684
0.322690922191
0.320689126033
0.318373949855
0.315962639222
0.313667785449
0.311214083443
0.308566504998
0.305842793232
0.303084301038
0.300281794349
0.29747416072
0.29498988605
0.294767219777
0.31234389991
0.298723242557
0.286622723117
0.278765231234
0.276846310495
0.281923097475
0.296818742284
0.279918569576
0.26497530083
0.286622609252
0.259798585054
0.269122880652
0.257412466654
0.254083412397
0.260270854321
0.244760845181
0.254410945203
0.251069082645
0.237967274431
0.248881004692
0.234335805333
0.239161429947
0.231354276844
0.229900495498
0.231509476499
0.222916656261
0.228176324106
0.223390614705
0.217383828355
0.222596319747
0.220529060231
0.211313278243
0.213073839835
0.218161545683
0.209980751083
0.203687745789
0.202505906059
0.205337348607
0.21355288833
0.195369470755
0.207296633646
0.192628752955
0.199007366466
0.18903096972
0.192356776161
0.188507017952
0.18504462687
0.187930273571
0.179507159726
0.181450360095
0.17859124482
0.174111010347
0.175126368896
0.172496100581
0.168806637896
0.167628704051
0.167675004224
0.167031198717
0.164552559596
0.163107558932
0.162859759687
0.170175282333
0.156757130086
0.156530057959
0.165246844265
0.15120240195
0.163512111493
0.148993635032
0.156565664833
0.156162371036
0.144815864588
0.15476831659
0.148817987492
0.142317978051
0.149128871672
0.147846479306
0.139854998194
0.141778433268
0.144652153936
0.138783384034
0.137959567333
0.140785236413
0.137515055462
0.135599672727
0.1378560849
0.135440740989
0.134194723571
0.135556006119
0.133463232193
0.132975999426
0.133500183831
0.131597975361
0.131974248555
0.131415937732
0.130275942547
0.130645366232
0.129364595291
0.129307424227
0.128661494377
0.12800358872
0.127723700645
0.126839586299
0.126581900909
0.125660728269
0.125295491811
0.124406406925
0.123831685865
0.123040231808
0.122173239455
0.12149561191
0.120432044447
0.119598510781
0.118705363806
0.117575284927
0.116549799978
0.115614359198
0.114602642252
0.113519519047
0.112425204435
0.111410543465
0.110686994288
0.111423124188
0.117621890155
0.112709343917
0.105378238185
0.10803381749
0.112106766072
0.10650835989
0.101026807043
0.0996397243498
0.101545340825
0.105363181124
0.107148356964
0.112150485797
0.0898866991041
0.108888259743
0.0864244665053
0.0999312090615
0.085920458604
0.0904566267509
0.0959964685096
0.0833898739057
0.0816971559542
0.0886273488293
0.0872177232713
0.0792405988639
0.0783892349766
0.0829940664044
0.0832426094023
0.0782757351128
0.0754677833405
0.0774536309765
0.0791922662057
0.0771804560866
0.0743644479455
0.0746240997153
0.076190258952
0.0754210727023
0.0733692182328
0.0732324392127
0.0741880003111
0.0736443960943
0.0722967630587
0.0723272145904
0.0728418067689
0.0721546498929
0.0713536964622
0.0715964642249
0.071638726548
0.0709292526852
0.0706459266809
0.0708338728862
0.070476595135
0.070019556608
0.0700762425801
0.069913840687
0.0694791806815
0.0694242932883
0.069290784256
0.0689214209663
0.068841885077
0.0686449461051
0.0683451146821
0.0682528717584
