1.0, 0.614995423724
-1.0, 0.751555616008
-1.0, -0.670565202569
1.0, 0.535604308344
-1.0, -0.761190522453
1.0, 0.995742833804
1.0, 0.99323587813
1.0, 0.98696032147
1.0, 0.781003265899
1.0, 0.886068850648
1.0, 0.778731915969
1.0, 0.973074507801
1.0, 0.733392370438
1.0, 0.620044064935
-1.0, 0.390039960893
1.0, 0.071513434147
1.0, 0.00568685895962
1.0, 0.644732705627
1.0, 0.615503228401
-1.0, 0.843378691355
1.0, 0.775240529993
1.0, 0.579488853437
1.0, 0.926420874394
1.0, -0.130532524149
1.0, 0.959297658022
1.0, 0.95036169294
-1.0, 0.96706585612
-1.0, -0.273752277352
1.0, 0.554367236229
1.0, 0.746443432097
1.0, 0.880483616059
1.0, 0.939847609856
-1.0, 0.995613007026
1.0, 0.264241092025
-1.0, -0.0422082546166
1.0, 0.156372322453
1.0, 0.0327996816485
1.0, -0.397633637896
-1.0, 0.109295004519
1.0, 0.349465916104
1.0, 0.368621596931
1.0, 0.62179291531
1.0, 0.935512388557
1.0, 0.384146026304
1.0, 0.217590971953
1.0, 0.945938819074
1.0, 0.918218426937
1.0, 0.871527969424
1.0, 0.992023124322
1.0, 0.943836313019
1.0, 0.934861966856
1.0, 0.773662344972
-1.0, -0.492811256632
-1.0, -0.466988172132
1.0, 0.652940271485
-1.0, -0.517287404241
1.0, 0.97465158373
-1.0, -0.382799204302
-1.0, -0.647465728582
1.0, 0.931477934574
1.0, 0.900591312244
1.0, 0.782229615637
1.0, 0.553544540245
1.0, 0.415511714702
1.0, 0.0604121876895
1.0, 0.612865334657
1.0, 0.502836594007
1.0, 0.419215068584
1.0, 0.386200444615
-1.0, 0.122662349096
-1.0, -0.555469793525
-1.0, -0.51992301113
-1.0, 0.27501710002
1.0, 0.991655435672
1.0, 0.766223095435
-1.0, -0.28017596753
1.0, 0.370557220455
1.0, 0.726576889444
1.0, 0.905215328163
1.0, -0.000226830760649
1.0, 0.7348107166
-1.0, -0.201142472462
-1.0, -0.334515381359
1.0, -0.598385008621
1.0, 0.476067586496
1.0, 0.620809914401
-1.0, -0.721676516981
1.0, 0.407654792815
1.0, 0.964178037804
1.0, 0.807993374381
-1.0, 0.404907213618
1.0, 0.393071495125
1.0, 0.222523630274
1.0, 0.639941791072
1.0, 0.456369708624
-1.0, 0.403033254254
-1.0, -0.0448109818721
-1.0, -0.255733323892
1.0, 0.741011083091
1.0, 0.685112436986
-1.0, -0.585355264645
1.0, 0.861726696776
-1.0, -0.508376595903
1.0, 0.748293310405
-1.0, -0.156761982323
1.0, 0.591183215794
-1.0, -0.463104095853
-1.0, -0.662416521915
-1.0, -0.673846576592
-1.0, -0.763189138012
1.0, 0.503699178431
-1.0, -0.269305685631
1.0, 0.614217895372
-1.0, -0.0723220373221
1.0, -0.200142028294
1.0, 0.646460462118
-1.0, -0.714102869304
1.0, 0.28133082376
1.0, 0.0114294736468
1.0, 0.972296134162
1.0, 0.720366481539
-1.0, -0.71239030402
1.0, 0.61982910081
-1.0, -0.967707890316
1.0, 0.727143086263
1.0, -0.077619574732
1.0, 0.760781638036
-1.0, -0.298621507926
1.0, 0.628635836494
-1.0, 0.0933525051278
1.0, 0.985377775791
1.0, 0.559643634227
1.0, 0.626786243642
1.0, 0.301882065539
1.0, 0.390561043867
1.0, 0.399821210614
-1.0, 0.504903622016
1.0, 0.464271808846
1.0, 0.533788635106
1.0, 0.903151211768
1.0, 0.494820129146
1.0, 0.969172697419
1.0, 0.988518501787
1.0, 0.941113434823
1.0, 0.984934120661
1.0, 0.99435355476
1.0, 0.982315152762
1.0, 0.907617194718
1.0, 0.990918359384
-1.0, 0.804441706187
1.0, 0.251703171625
-1.0, 0.454410296497
1.0, 0.627742136892
1.0, 0.61870076261
1.0, 0.92494139797
-1.0, 0.135847414743
1.0, 0.967338396861
1.0, 0.0323639342135
1.0, 0.959331820893
1.0, 0.88156244259
1.0, 0.512277607888
1.0, 0.719320338151
1.0, 0.97394617064
1.0, 0.860756395238
1.0, 0.913032216274
1.0, 0.97718863013
1.0, 0.614424877924
1.0, 0.986547321429
1.0, 0.543402141001
1.0, 0.502186111819
-1.0, 0.485101238128
-1.0, 0.119692991558
1.0, 0.519161518298
1.0, 0.940345816863
1.0, 0.68491500491
1.0, 0.626497667733
1.0, 0.203723126446
1.0, 0.016368190734
-1.0, 0.146732321109
-1.0, -0.244260398646
-1.0, -0.901130595548
1.0, 0.681097378581
-1.0, -0.885908271929
1.0, 0.995232865605
1.0, 0.634806109315
-1.0, -0.326993697801
-1.0, -0.165044124512
-1.0, 0.077322961639
1.0, 0.517737657722
1.0, 0.348170686772
1.0, 0.787785764461
1.0, 0.188383186308
-1.0, -0.598537057987
1.0, 0.421135174999
1.0, 0.700906606582
1.0, 0.787668069703
1.0, -0.260712164945
1.0, 0.502476095923
1.0, 0.520640021596
1.0, 0.493591982471
1.0, 0.544668065638
1.0, 0.965290733651
-1.0, 0.906370617131
1.0, 0.684876250081
1.0, 0.815089041147
1.0, -0.0574350876649
1.0, 0.374792249948
1.0, 0.37439774645
1.0, 0.219578185726
1.0, 0.338513142053
1.0, 0.388631891464
-1.0, 0.329163981941
-1.0, -0.0354649543122
-1.0, -0.617785073259
1.0, 0.762345255433
1.0, 0.907637730752
1.0, 0.677569819133
1.0, 0.442810152427
-1.0, 0.405160529464
1.0, 0.328466944706
1.0, 0.996348907274
1.0, 0.906569843347
1.0, 0.996554359444
1.0, 0.635136276262
1.0, 0.564294273889
1.0, 0.80658930672
1.0, 0.610820980891
1.0, 0.90146559833
1.0, 0.932974522925
1.0, 0.971481505799
-1.0, -0.767530095608
-1.0, -0.554922470605
1.0, 0.72809135643
1.0, 0.891467929352
-1.0, -0.498706305887
1.0, 0.945871426946
1.0, -0.431933696228
1.0, -0.0603782654089
-1.0, 0.293082347131
1.0, 0.424608054421
1.0, 0.0708009052999
1.0, 0.782788766168
-1.0, -0.893340256069
-1.0, -0.422637215834
-1.0, -0.316081609375
-1.0, -0.774048910264
1.0, 0.668645176456
1.0, 0.407093061255
-1.0, -0.675511171428
1.0, 0.584096851994
1.0, 0.161026026256
1.0, 0.550359139201
1.0, -0.0758540700783
-1.0, -0.656402718834
1.0, 0.341632911341
1.0, 0.848016872355
1.0, 0.87603614165
1.0, 0.858617225479
1.0, 0.996430266366
1.0, 0.976747461714
1.0, 0.951113780495
1.0, 0.985072530075
1.0, 0.998312663935
1.0, 0.985266531582
1.0, 0.854162702071
1.0, 0.557370201768
1.0, 0.364106466434
1.0, 0.924636024506
1.0, 0.668231715783
1.0, 0.572132767199
1.0, 0.701364659549
1.0, 0.108277590571
1.0, 0.887580668154
1.0, 0.499573653863
1.0, 0.379714824515
1.0, 0.925373274784
1.0, 0.814539844688
-1.0, 0.824656595909
1.0, 0.523479812521
1.0, 0.956638479074
1.0, 0.974689109637
-1.0, 0.831741024061
1.0, 0.508939670494
1.0, 0.954247862202
1.0, 0.276413318878
-1.0, -0.118591599548
-1.0, -0.312643043362
1.0, 0.673824069399
-1.0, -0.452611574862
1.0, 0.992468537416
1.0, 0.36729711653
1.0, 0.880786101894
1.0, 0.512823173546
-1.0, -0.223077235716
-1.0, 0.779159789622
1.0, -0.722422683299
1.0, 0.726912454323
-1.0, -0.962997555368
1.0, 0.880148203452
1.0, 0.894881340213
1.0, 0.852786483554
1.0, 0.893638407939
1.0, 0.982887441692
1.0, 0.119117694972
1.0, 0.975224581037
-1.0, -0.678199573254
1.0, 0.479559199454
1.0, 0.136775768777
1.0, 0.782661483941
-1.0, -0.798625183757
1.0, 0.417514776098
-1.0, -0.639348026028
1.0, 0.960519842839
1.0, 0.976250250665
1.0, 0.969792281965
-1.0, -0.22902577427
1.0, 0.244092200184
1.0, 0.90465126655
1.0, 0.900754120754
1.0, 0.483809113669
1.0, 0.810992310338
1.0, -0.0172718562955
1.0, 0.716865730717
1.0, -0.405132404423
1.0, 0.613101323037
1.0, 0.587828009061
1.0, 0.606055561529
-1.0, 0.962992315731
1.0, 0.875257796075
1.0, 0.860831225662
1.0, 0.961326653331
1.0, 0.493200053011
1.0, 0.991921437714
1.0, 0.968534779678
1.0, 0.98895287059
1.0, 0.960363284853
-1.0, 0.912877809139
1.0, 0.0568290205296
1.0, 0.991229367734
1.0, 0.845652918822
1.0, 0.552162131238
-1.0, -0.748199873401
1.0, 0.952389654954
-1.0, -0.695551684514
-1.0, -0.288387883135
1.0, 0.654514878445
1.0, 0.573917703746
1.0, 0.95403005295
1.0, -0.0113679086996
-1.0, -0.431001925596
1.0, 0.124441476433
1.0, 0.565872680001
1.0, 0.854871970779
-1.0, 0.229687573682
1.0, -0.0474198155709
1.0, 0.986071037904
1.0, 0.6381900954
1.0, 0.94170559749
1.0, 0.997057417247
1.0, 0.991830340745
1.0, 0.552977613823
-1.0, -0.204909537144
-1.0, -0.160547890705
1.0, 0.962782114086
1.0, 0.318273286097
1.0, 0.550081880972
-1.0, -0.0665784932638
1.0, 0.55714685023
-1.0, 0.331697201466
1.0, 0.422449623194
1.0, 0.899877219628
1.0, 0.708605216849
-1.0, -0.0635538242147
-1.0, -0.751888478676
-1.0, -0.756288531505
1.0, 0.599699297619
-1.0, -0.515488630919
1.0, 0.897813527083
1.0, 0.669295804252
-1.0, -0.806463859561
-1.0, -0.436086969011
1.0, 0.23334792847
-1.0, -0.567762957289
1.0, 0.316294078668
1.0, 0.753587660909
1.0, 0.661802524133
-1.0, -0.683705834089
1.0, 0.430292686611
-1.0, -0.853630406632
1.0, 0.778092420052
-1.0, -0.709797237904
-1.0, -0.555448447522
1.0, 0.713436660733
1.0, 0.890719014674
-1.0, -0.705383974338
1.0, 0.860726845618
1.0, 0.83526201855
-1.0, -0.522685221852
-1.0, -0.664800903275
-1.0, 0.779799426564
1.0, 0.865299148781
1.0, 0.416753991798
1.0, 0.837387737486
1.0, 0.980998630573
-1.0, -0.423867895659
1.0, 0.543238272995
1.0, 0.220790080005
1.0, 0.588824607679
-1.0, -0.580095520814
1.0, 0.328769181112
1.0, 0.766997617204
1.0, 0.772827255084
1.0, 0.832895011429
1.0, 0.903787885057
1.0, 0.588840734223
-1.0, 0.41549491336
-1.0, -0.136200167959
1.0, -0.0216585892974
1.0, 0.462862573491
1.0, 0.235209613594
1.0, 0.239463579684
1.0, 0.644910282191
-1.0, -0.182755177367
1.0, 0.736848670756
1.0, 0.899244161841
1.0, 0.965082504665
-1.0, 0.703042949005
1.0, 0.869598261178
-1.0, -0.76385447434
1.0, 0.961187381189
1.0, 0.512484947415
1.0, 0.737424561042
1.0, 0.55990845616
1.0, 0.930181767062
1.0, 0.531585914964
1.0, 0.686354907105
1.0, -0.158731627829
1.0, -0.0950872349301
1.0, 0.232755949297
1.0, 0.199019722551
1.0, 0.120970226593
-1.0, -0.130243198599
1.0, 0.441631726371
-1.0, -0.631920652989
1.0, 0.941129991632
1.0, 0.74051508113
1.0, 0.73598702051
1.0, 0.259758667585
1.0, 0.2772506818
1.0, 0.325989447804
-1.0, -0.329649222993
-1.0, -0.410192619005
1.0, 0.111482314426
1.0, -0.240170287568
-1.0, -0.637552717934
-1.0, 0.23506770743
-1.0, -0.752839144874
1.0, 0.72254790581
1.0, 0.167167595264
1.0, 0.659312309416
1.0, 0.379692389114
1.0, 0.721686436283
1.0, 0.980153814623
1.0, 0.994960649659
1.0, 0.956050356989
1.0, 0.992492604475
1.0, 0.994783384785
1.0, 0.135213259924
-1.0, 0.0355419350815
1.0, 0.820427849461
-1.0, -0.651286815939
1.0, 0.758736806245
-1.0, -0.283287303958
1.0, 0.107664945103
1.0, 0.520174007271
-1.0, 0.773819219854
1.0, 0.665668661341
-1.0, -0.255559586806
1.0, 0.539482583606
1.0, 0.37958136797
1.0, 0.339968441245
1.0, 0.668283251158
1.0, 0.961879403298
