0.921480933125
0.921478682839
0.921474295015
0.921467865733
0.921459475795
0.921449191959
0.921437068048
0.921423145931
0.921407456402
0.921390019943
0.921370847416
0.921349940656
0.921327292997
0.921302889726
0.921276708482
0.921248719584
0.921218886323
0.921187165197
0.921153506107
0.92111785251
0.921080141537
0.921040304084
0.92099826486
0.920953942417
0.920907249151
0.920858091277
0.920806368786
0.920751975375
0.920694798368
0.920634718607
0.920571610337
0.920505341074
0.920435771455
0.920362755078
0.920286138332
0.920205760218
0.920121452152
0.92003303777
0.919940332724
0.919843144464
0.919741272028
0.919634505815
0.919522627368
0.919405409151
0.919282614321
0.919153996515
0.919019299626
0.918878257599
0.91873059422
0.918576022929
0.91841424663
0.918244957524
0.918067836954
0.91788255527
0.917688771707
0.917486134297
0.917274279797
0.917052833648
0.916821409961
0.916579611544
0.916327029951
0.916063245576
0.915787827787
0.915500335092
0.915200315354
0.914887306046
0.914560834545
0.914220418473
0.913865566076
0.91349577664
0.913110540938
0.912709341719
0.912291654205
0.91185694661
0.911404680672
0.910934312159
0.910445291379
0.90993706363
0.909409069613
0.908860745753
0.908291524429
0.907700834066
0.907088099076
0.906452739606
0.905794171056
0.905111803345
0.904405039863
0.903673276104
0.902915897901
0.902132279268
0.901321779776
0.900483741468
0.899617485258
0.898722306825
0.897797471979
0.89684221152
0.895855715622
0.894837127766
0.893785538333
0.892699977928
0.891579410577
0.890422726986
0.889228738048
0.887996168876
0.886723653647
0.88540973163
0.884052844768
0.882651337285
0.881203457789
0.879707364384
0.878161133339
0.876562771829
0.87491023527
0.873201449683
0.871434339445
0.8696068606
0.867717039738
0.865763018132
0.863743100501
0.861655807366
0.859499929477
0.857274582319
0.854979258221
0.852613873166
0.850178805176
0.847674921119
0.845103589195
0.842466675264
0.839766522656
0.837005917329
0.834188043041
0.831316434509
0.828394939887
0.82542770676
0.822419207311
0.819374317295
0.816298458856
0.813197808022
0.810079553654
0.806952176485
0.80382569737
0.800711827484
0.797623946349
0.794576842685
0.79158618225
0.788667714742
0.785836289303
0.783104799086
0.780483201428
0.777977748987
0.775590520945
0.773319281449
0.771157644918
0.769095519419
0.76711983016
0.765215562552
0.763367155209
0.761560180202
0.759783089183
0.758028664436
0.756294801104
0.754584407647
0.752904474702
0.75126457665
0.749675130847
0.748145690947
0.746683530747
0.745292819971
0.743974631892
0.742727674936
0.741549170956
0.740435200681
0.739380331106
0.738376970529
0.737415032487
0.736482184328
0.735564767634
0.73464944645
0.733725254656
0.732785127738
0.731826149676
0.730848628827
0.729854538186
0.728845692056
0.727822372821
0.726783390453
0.725727458238
0.724654802448
0.723568259302
0.722473006141
0.721374391647
0.720275245327
0.719174310351
0.71806661632
0.716946145424
0.715809010037
0.714654977812
0.71348639968
0.712304995549
0.711109265032
0.709894389327
0.708654641203
0.707385531191
0.706083566927
0.704744255632
0.703361608093
0.701930404403
0.700448782451
0.698917417185
0.697335707267
0.695699307459
0.694001530266
0.692235600801
0.690394403232
0.688469404038
0.686451368901
0.684331976406
0.682102650096
0.679753067441
0.677272066193
0.674668739108
0.672194051836
0.674006922456
0.734866694589
0.678673285716
0.670106960746
0.671738717919
0.725150298759
0.657628320888
0.839118844734
0.757966464328
0.838320281242
0.788867051766
0.664150235274
0.847909126401
0.701400167201
0.701481462212
0.782620234853
0.785772328921
0.715890442244
0.641798883504
0.759940846984
0.720185251967
0.629762388988
0.685650264463
0.728928233224
0.738770178589
0.718706937389
0.679713225575
0.64989010273
0.662003047206
0.692024806627
0.695017429234
0.660589478756
0.626831794967
0.625371554461
0.640801053232
0.648465621393
0.641167988752
0.626905232446
0.623274313437
0.634511271969
0.637811476773
0.624620958661
0.615164364858
0.618075997775
0.621292694163
0.617472498283
0.611835582703
0.613242130837
0.617707130741
0.615124236175
0.609558513715
0.609294960919
0.610314526989
0.607520139516
0.604741632734
0.606415387621
0.606711082165
0.603755963896
0.603257800396
0.603426210002
0.601163760655
0.599954015682
0.600583701566
0.599216916493
0.598209923893
0.598226484226
0.596677673612
0.595681233598
0.595464709183
0.594084630461
0.593744157718
0.592765431281
0.591640948226
0.59098462632
0.589723566057
0.589138634549
0.587823497232
0.587008031998
0.585618208827
0.584719403097
0.583365842559
0.582236549519
0.580867933664
0.57943800523
0.578172370247
0.576580962243
0.574948583218
0.573431693142
0.571786370032
0.569928656534
0.567996973037
0.566018126145
0.563969046137
0.56192922665
0.560424693486
0.563133525411
0.598481280226
0.558700044036
0.553164339662
0.576873394594
0.54551626439
0.576217856484
0.546021426813
0.559243463009
0.539680446601
0.549492840819
0.545256178891
0.538281275355
0.549862428313
0.531671612876
0.53447969213
0.535309903093
0.524651758088
0.527236792113
0.526171795619
0.520521439177
0.519018092332
0.521035356795
0.521733013165
0.515425858673
0.512131171758
0.511901597982
0.51445441428
0.524982062828
0.529221384161
0.55944534055
0.514256751308
0.612053465329
0.504893022413
0.557874663659
0.523508236045
0.516869477607
0.522907707136
0.507755356938
0.523962914553
0.491673146078
0.522829824167
0.492917861999
0.503348449471
0.506237149583
0.48650764705
0.504909491632
0.485598798062
0.494952734439
0.490328131095
0.485633230983
0.489081381452
0.482374474964
0.48659729553
0.478735966091
0.484070770007
0.477412469477
0.480389691748
0.475440709885
0.477242564716
0.474807654442
0.473746973109
0.474259155554
0.470439306475
0.472031063462
0.469089248347
0.468582520525
0.46898266556
0.466001699768
0.465940362035
0.466418343397
0.463633390509
0.462063292634
0.462246605482
0.461949313634
0.461458043723
0.460360739754
0.461407675268
0.46326267661
0.47421479614
0.47666641521
0.505086978638
0.460273943274
0.553617670902
0.453483651338
0.504266880433
0.469883523534
0.467498110745
0.470445478145
0.457515436727
0.472734381701
0.442894635182
0.471797711027
0.444799914929
0.453637952326
0.457530395146
0.438897583578
0.455884314907
0.439055263832
0.446518191606
0.44411063444
0.43795238874
0.443511165234
0.435395866928
0.440956113266
0.432835217777
0.4390049108
0.431690165429
0.435783516356
0.430223101859
0.433638568702
0.429647211328
0.430481369104
0.428859308437
0.427334074799
0.428382721054
0.425259912728
0.426556989953
0.425176588899
0.423095417668
0.424286981775
0.423121931315
0.420533144168
0.420750902316
0.421373916888
0.418968940779
0.416973376124
0.416182831992
0.416344008471
0.417723861717
0.418725354009
0.423115170051
0.421852194529
