1.59062801017
1.5905572858
1.59041938731
1.59021734699
1.58995372235
1.58963063471
1.58924980384
1.58881257891
1.58831996604
1.58777265295
1.58717103072
1.58651521316
1.5858050539
1.58504016144
1.58421991237
1.5833434629
1.58240975899
1.58141754499
1.58036537124
1.5792516005
1.57807441348
1.5768318135
1.5755216305
1.57414152433
1.57268898765
1.5711613483
1.5695557714
1.56786926123
1.56609866297
1.56424066439
1.56229179769
1.56024844143
1.55810682281
1.55586302036
1.55351296716
1.55105245475
1.54847713785
1.54578254007
1.54296406073
1.54001698308
1.53693648395
1.53371764519
1.53035546699
1.52684488344
1.52318078041
1.51935801618
1.51537144493
1.51121594342
1.50688644106
1.50237795376
1.49768562154
1.49280475032
1.48773085796
1.48245972456
1.47698744718
1.47131049873
1.46542579093
1.45933074081
1.45302334022
1.44650222754
1.43976676032
1.43281708751
1.42565421942
1.418280093
1.41069763001
1.40291078452
1.39492457638
1.38674510621
1.3783795475
1.36983611063
1.36112397368
1.35225317464
1.34323445977
1.33407908325
1.32479855405
1.31540432687
1.30590743564
1.29631806979
1.2866450957
1.27689552865
1.26707396282
1.2571819706
1.24721748498
1.23717418205
1.22704088389
1.21680100453
1.20643206542
1.19590530983
1.18518545041
1.17423058977
1.16299236229
1.15141635685
1.13944289481
1.12700825711
1.11404647566
1.10049182659
1.08628217858
1.07136334856
1.05569458201
1.03925518194
1.02205213095
1.00412825902
0.985570101287
0.966514108479
0.947149438861
0.927715389689
0.90849188374
0.889782509901
0.871891365241
0.855096900944
0.839627352819
0.825642399613
0.813224229634
0.802378754848
0.793045313543
0.785111738291
0.778431430798
0.772839771223
0.768168225408
0.764255429763
0.76095512669
0.758141116066
0.755709506139
0.753578611519
0.751686923174
0.749989672742
0.748454600547
0.747057572452
0.745778646243
0.744599059145
0.74349941479
0.742459127537
0.741456974796
0.740472446232
0.739487480219
0.738488146851
0.737465869396
0.736417867051
0.735346648063
0.734258579682
0.733161794409
0.732063919293
0.730970261168
0.729883047949
0.728802039416
0.727726299842
0.726656342524
0.725595519673
0.724549734966
0.723525354166
0.72252624182
0.721551527335
0.720595459977
0.719649533795
0.718705608094
0.717758023714
0.716803407263
0.715838695397
0.714859549226
0.713861146503
0.712841034766
0.71180129528
0.71074752856
0.709685414545
0.708618339962
0.707548286164
0.706478074742
0.705411363024
0.70435005196
0.703292820341
0.702237211417
0.701182340811
0.700128310386
0.699074055561
0.698018009668
0.696960368217
0.695902249446
0.694843100933
0.693781362344
0.692716251285
0.691646203483
0.690567994836
0.689479159506
0.688377969577
0.687261942676
0.68612950922
0.684979675935
0.683810275596
0.68261944163
0.681404901615
0.68016381545
0.67889438089
0.677594590711
0.676263256839
0.674899204159
0.673501191792
0.67206805327
0.670598304401
0.669090696425
0.667543862815
0.665956517565
0.664327009137
0.662653294821
0.660933491632
0.659165512502
0.657347016268
0.65547510258
0.65354615174
0.65155622373
0.649501579067
0.647378261244
0.645181971724
0.642908243724
0.640552687941
0.638111326248
0.635582993225
0.632998232189
0.630755531973
0.634187706551
0.703729902935
0.629077792604
0.630652637631
0.694349772144
0.632831306347
0.793085771916
0.640599351689
0.708098679983
0.659958231146
0.627866865658
0.679534447551
0.607943313843
0.633426735754
0.664121984188
0.65047478699
0.606241600815
0.609692889048
0.645316798918
0.625615965089
0.592514196376
0.602472547577
0.61860776736
0.613159180618
0.594157153832
0.590548191008
0.605133390769
0.601422640862
0.587172737302
0.590560517687
0.596631138819
0.590110933399
0.582487184569
0.588707562421
0.588927991428
0.581380818177
0.584062067692
0.585722325625
0.580247241619
0.57956052009
0.582053755698
0.578111682952
0.577742786365
0.579038438495
0.576046227422
0.575580999982
0.575958837338
0.573383064312
0.573969533798
0.572985068576
0.571483364739
0.571763107182
0.569825620084
0.569766707853
0.56859309666
0.567788558218
0.567051684936
0.565884018136
0.565190494536
0.563996501783
0.563157526909
0.562099969215
0.560863984524
0.560001611174
0.558508898943
0.557469509576
0.556217819159
0.554652703451
0.553318718031
0.552020258818
0.550526425967
0.54884761491
0.547155287589
0.54550640553
0.544440863654
0.546430255356
0.56735157551
0.610705153387
0.610358444892
0.564892943739
0.700144954282
0.559225885231
0.622514939394
0.560272197488
0.581593769908
0.541978300417
0.568536312276
0.600095557072
0.550358143615
0.527638294199
0.577609830323
0.539720626329
0.519115105971
0.547827325655
0.55883081592
0.53886631555
0.514718153724
0.524911694
0.540141087213
0.519576207146
0.509425917935
0.522752962366
0.523626994887
0.509297181682
0.509526722849
0.518849789066
0.508347333735
0.504700107411
0.511302607938
0.507507136741
0.501862155211
0.506856273694
0.504490241664
0.50012883967
0.50342707531
0.50083664072
0.498306438626
0.500882318809
0.497150425343
0.497633061582
0.497371018839
0.494723266965
0.496059856963
0.493592117131
0.49374442979
0.492780299063
0.491429235688
0.491396465262
0.489716826511
0.489649411336
0.487966824115
0.487671148303
0.486299405211
0.4854923028
0.484561675269
0.483078039712
0.482458365217
0.481006472979
0.479667209374
0.47874121295
0.477405022904
0.475797176521
0.474220659258
0.472763040191
0.471425064851
0.470529907599
0.472540363925
0.484044750464
0.546761752287
0.470487869489
0.616062228933
0.491379674063
0.550721867066
0.483324325655
0.512672345684
0.539077414476
0.45743682549
0.484836811623
0.532520104676
0.540842249805
0.505751631935
0.457187418302
0.457773829227
0.49946978193
0.510036002218
0.474817280828
0.446809858077
0.455090707867
0.474693955435
0.485859789406
0.482052089241
0.466166217172
0.44906223551
0.444288419608
0.454196361922
0.463232786235
0.458164489142
0.445662754128
0.441147324923
0.446527471606
0.45171773882
0.449802656652
