1.37328622398
1.37311121666
1.37276912333
1.37226581308
1.37160527863
1.3707897751
1.36981992701
1.36869480773
1.36741199559
1.36596761017
1.36435633262
1.36257141413
1.360604677
1.35844651456
1.35608589751
1.35351039737
1.35070624144
1.34765841948
1.34435086971
1.34076678235
1.33688907251
1.33270109184
1.32818766981
1.32333659977
1.31814070722
1.31260065041
1.30672858502
1.30055274257
1.29412276631
1.28751523539
1.2808380933
1.27423163957
1.26786250449
1.26190621279
1.25651480226
1.25177014177
1.2476318476
1.24389870159
1.24020769108
1.23608760557
1.23106306761
1.2247789887
1.21709910389
1.20813498378
1.19818414325
1.1875911778
1.17658181073
1.16513796725
1.15296850746
1.1395915139
1.12450523748
1.10740362607
1.08837741651
1.06800718976
1.04721569319
1.02682088046
1.00706089193
0.987722058405
0.969092283145
0.952644706776
0.940131908583
0.93198877829
0.927199906707
0.924527311672
0.923229706646
0.922682516048
0.921951312502
0.920165625549
0.917139296596
0.913257339342
0.908835629936
0.903989617908
0.899127294165
0.894976044367
0.891801757064
0.889328846868
0.887562799234
0.886432795903
0.885337607717
0.884071298261
0.882700851738
0.881011111363
0.879217074037
0.877502142892
0.875797852369
0.874295109208
0.872872922202
0.871540063987
0.870282956089
0.868959327743
0.867569057926
0.865958647663
0.864234898838
0.862438354912
0.860797279172
0.859334096987
0.858005357303
0.85661346478
0.855031876123
0.853360705128
0.851731649985
0.850208497589
0.848681856005
0.84698031341
0.845103758339
0.843213014821
0.841398076839
0.839562480487
0.837585787378
0.835510954999
0.833489338165
0.831886032045
0.834038696403
0.86855883579
0.849085926368
0.838496985533
0.825202491469
0.819684315782
0.81684885846
0.816916346691
0.826491364909
0.893790463277
0.807567590526
0.876976074754
0.83789269467
0.841143105907
0.837433835881
0.798343395716
0.828001399354
0.796436165024
0.805878979047
0.822683624217
0.788098849512
0.815092065229
0.833874759944
0.784998638439
0.848896723691
0.791352283023
0.814240817389
0.788863679918
0.785980793881
0.805154578811
0.772744265524
0.810650071859
0.769231952445
0.794675913368
0.766548506582
0.791383618998
0.765713997268
0.77772094213
0.764464945711
0.766375946976
0.768521682482
0.758265597997
0.769825386891
0.756815154813
0.75756384023
0.760104424531
0.750145851261
0.75293491213
0.751841313626
0.746027323379
0.745853737062
0.747460271546
0.745357123584
0.740600429411
0.738321425948
0.738370141111
0.739842312057
0.743931455518
0.74462543147
0.749655571907
0.742517710243
0.744996055887
0.742341622756
0.761975237125
0.774743716662
0.850501512212
0.757470092599
0.961901177882
0.729711528898
0.864124547555
0.903386273775
0.789421751515
0.738136007599
0.855825940117
0.795236554953
0.714172632947
0.783867206408
0.828645785746
0.812097967463
0.747001593644
0.703888825363
0.745372009711
0.79863485191
0.802695630637
0.756522221871
0.708841848823
0.702706813116
0.72740009187
0.748552137961
0.747909766791
0.72685169565
0.70322140985
0.69934124323
0.715117930666
0.724372524109
0.71334279575
0.697740840317
0.696966065921
0.706181870121
0.709361080781
0.702085200193
0.693936669982
0.695516325805
0.701452796543
0.699881610069
0.693255645191
0.692333155372
0.69600311408
0.69592964848
0.691731764799
0.690552401145
0.693006100069
0.692314226616
0.689319171479
0.68966522702
0.690808073181
0.689103880832
0.687665746843
0.68862931648
0.68817517387
0.686549948537
0.686857550463
0.686774622889
0.685383161898
0.685343413533
0.685170343715
0.684028398103
0.684021625153
0.683435585588
0.682622512229
0.682502583594
0.681551357644
0.681223494491
0.680505576204
0.679868394349
0.679276608148
0.678490621471
0.67787611268
0.677032879159
0.676308623658
0.675465068729
0.674570977576
0.673749690315
0.672688720145
0.67178184273
0.670722810431
0.669559895332
0.668465691364
0.667288009439
0.665975049585
0.664592362109
0.663172705441
0.661707960362
0.660210676645
0.658826153521
0.658425275144
0.665661861056
0.713092786753
0.733816033139
0.652036831365
0.747640238088
0.678651385644
0.688999817856
0.695226425537
0.641659756915
0.680153507454
0.642903424565
0.675452095818
0.655865783743
0.648943453229
0.664335322209
0.630932100991
0.660402622457
0.639013152849
0.63478729634
0.648447485589
0.62617514013
0.638446510429
0.631361773822
0.626254931115
0.633213336393
0.619732187344
0.629922276836
0.61837821698
0.624532382936
0.618397205921
0.620168156949
0.616636682452
0.617054954447
0.614883782148
0.614444861516
0.611592892156
0.61290303277
0.608700757064
0.611183339999
0.606142814073
0.607760438432
0.604790536112
0.603588398733
0.603981270611
0.600489725811
0.600555263179
0.599739023615
0.596748589762
0.596122762735
0.596145759069
0.593840883077
0.591337910683
0.589692425868
0.588831479035
0.58918404009
0.591612819125
0.601201882245
0.612826424618
0.649867037763
0.582962653439
0.6774090518
0.576207360926
0.639949762842
0.599162626861
0.599341647681
0.607024852079
0.579428666524
0.60605323727
0.572995966488
0.580436890311
0.58781624782
0.562717646916
0.582652305148
0.56773102957
0.56673229517
0.571358576498
0.558632328118
0.569139276264
0.556282329949
0.564354998801
0.555802112565
0.559216476009
0.555714090311
0.555317668691
0.553108900721
0.553501411585
0.550635446007
0.551878128916
0.547486361379
0.550048211517
0.545051888631
0.547901519053
0.543591331687
0.543894281969
0.542851652952
0.540059031326
0.540923837649
0.53852367514
0.536912982921
0.537142562482
0.535230920557
0.533162671332
0.532446088236
0.532097002779
0.531727492851
0.5314717906
0.534392073413
0.541206441068
0.565324283952
0.522385455342
0.557132089151
0.522767917787
0.540600800756
0.521435674111
0.526628290021
0.527259571193
0.516428565085
0.53051569169
0.511263053991
0.518589550035
0.515276495188
0.506502914261
0.512797239771
0.508080490185
0.502680549349
0.505191965958
0.505231956688
0.500602884185
0.497525707246
0.498279125807
0.500098455609
0.498354245166
