1.66609272448
1.66603123441
1.66591132528
1.66573560382
1.66550625119
1.66522505745
1.66489345199
1.66451253057
1.66408307905
1.66360559432
1.66308030253
1.66250717493
1.66188594161
1.66121610315
1.66049694055
1.65972752338
1.65890671652
1.65803318542
1.65710540001
1.65612163752
1.65507998403
1.65397833504
1.65281439509
1.65158567629
1.65028949613
1.64892297439
1.64748302918
1.64596637235
1.64436950405
1.64268870671
1.64092003823
1.63905932465
1.63710215214
1.63504385847
1.63287952394
1.63060396181
1.62821170835
1.62569701242
1.62305382489
1.62027578775
1.61735622314
1.61428812242
1.61106413545
1.60767656015
1.60411733272
1.6003780187
1.59644980521
1.59232349469
1.5879895007
1.58343784626
1.57865816526
1.57363970792
1.56837135087
1.56284161307
1.55703867865
1.55095042804
1.54456447892
1.53786823876
1.53084897097
1.52349387685
1.5157901959
1.50772532719
1.49928697474
1.49046332005
1.48124322511
1.47161646898
1.46157402127
1.45110835504
1.44021380138
1.42888694669
1.41712707239
1.40493663455
1.39232177873
1.37929288148
1.36586510644
1.35205895787
1.33790080946
1.32342338053
1.3086661265
1.29367550547
1.27850507987
1.26321541073
1.24787370493
1.23255318173
1.21733213642
1.2022926947
1.18751927159
1.17309677212
1.15910859453
1.14563451939
1.13274858442
1.12051705487
1.10899659893
1.09823276724
1.08825885617
1.07909520764
1.07074896741
1.06321429336
1.05647297709
1.05049542065
1.04524189554
1.04066400383
1.03670626164
1.03330773048
1.03040363159
1.02792689077
1.02580957386
1.02398418635
1.02238482235
1.02094815917
1.01961430201
1.01832749075
1.01703668501
1.01569604649
1.01426533761
1.01271025291
1.0110026949
1.0091209975
1.00705008945
1.00478157573
1.00231369859
0.99965112232
0.996804470496
0.993789535081
0.990626081379
0.987336198953
0.983942206403
0.980464213466
0.976917575997
0.973310631531
0.969643237568
0.965906691263
0.962085515659
0.958161295757
0.954118234393
0.949949464932
0.945662608554
0.941282872233
0.936852385941
0.932425520017
0.928061342076
0.923815606248
0.919735066555
0.915856076371
0.912207533322
0.908816006989
0.905709432737
0.902916026582
0.900457395967
0.898338447483
0.896539700801
0.895017592652
0.893714166379
0.892571225765
0.891540425704
0.890583725652
0.889666598407
0.888752614973
0.887806536259
0.886804686772
0.885743536893
0.884637600199
0.883506926357
0.882364865031
0.881216964593
0.880069016825
0.8789304632
0.87780599041
0.876686682319
0.875555066841
0.874398563763
0.87321305547
0.871994888532
0.870739256048
0.869449250774
0.868136408687
0.866808732555
0.865467501407
0.864114417148
0.862748770925
0.861361612126
0.859944493737
0.858494700597
0.857008917837
0.855487304342
0.853935910927
0.852357515151
0.850754647534
0.849129923352
0.847481445159
0.84580984035
0.844114312312
0.842393706361
0.840646485701
0.838867835734
0.837054373495
0.835202752697
0.833314566177
0.831391571085
0.829434782488
0.827439548598
0.825398550277
0.823305423509
0.821158086716
0.818957939845
0.816703015229
0.814385472088
0.811995455371
0.809525468668
0.806970562373
0.804324635495
0.801578194261
0.798721559657
0.79574964195
0.79269938492
0.789993208308
0.792318623241
0.846806697175
0.797433258358
0.781667892607
0.773382370371
0.768831342182
0.765698481837
0.765690506527
0.796993566948
0.867068151895
0.836311523929
0.841161703652
0.752841620909
0.78537306892
0.741554096619
0.788115795321
0.74064954486
0.76217916978
0.755503179286
0.732793039758
0.747150102126
0.729394309181
0.740680315811
0.718003742064
0.734583585316
0.715335230188
0.723014877828
0.7106109794
0.712721834617
0.711159032152
0.702325074293
0.711598423867
0.698637361038
0.69814879326
0.700596031975
0.690673866873
0.687766647327
0.69232283894
0.691046796748
0.679537931891
0.676637693019
0.681002339214
0.68409324123
0.695470827331
0.67957646255
0.680199317415
0.672508392882
0.686065764694
0.690978446111
0.764927876894
0.681542261389
0.904880795237
0.65332628638
0.763788738598
0.71832680735
0.650128505089
0.731433741823
0.630444488737
0.676659744631
0.713317296068
0.683036633275
0.625814616133
0.648780776317
0.678950388151
0.644130808009
0.614247790056
0.63187740397
0.648099843679
0.6361769732
0.613558441772
0.616078894028
0.63176203694
0.620622222452
0.605784031927
0.613301982591
0.61867366016
0.608510793709
0.602228558542
0.610378173493
0.607329816506
0.599183730983
0.603467424965
0.603658058122
0.597099214449
0.598392740703
0.600074918951
0.594808376851
0.595217854916
0.59614928507
0.592199200004
0.592084661494
0.592497397187
0.589341978477
0.589865078485
0.588921920892
0.586677297468
0.587183362688
0.58515346868
0.58447718248
0.58380809572
0.582024304725
0.581800777316
0.57989935831
0.579489852718
0.577729120604
0.577084435904
0.57532088976
0.574511133294
0.572771005845
0.571706020795
0.570129008116
0.568528672827
0.567247508878
0.565410806769
0.563617325705
0.562067783098
0.560311606744
0.558245204092
0.556102216994
0.553930359841
0.55170310405
0.549404884315
0.547113309117
0.545415481845
0.549787907224
0.596970460034
0.661203290767
0.629438414137
0.634895022504
0.53690051535
0.597246166013
0.552946892508
0.586091879969
0.577895698689
0.547046933617
0.587920315663
0.540357183845
0.529558426398
0.565862944668
0.528499752301
0.518909256099
0.541998418763
0.539509718528
0.512799762693
0.512352278754
0.530691971636
0.513718147882
0.505242760566
0.517696180574
0.512299502952
0.500538050636
0.509377019325
0.507476612496
0.498658278534
0.504958180053
0.502112433664
0.496059562741
0.501486719026
0.496239808811
0.49567173297
0.497188758007
0.492186582402
0.494625792511
0.491788988522
0.491122514692
0.491194938198
0.488326059784
0.489467219496
0.486565847319
0.487276392758
0.485064241006
0.485047828923
0.483198160345
0.482989607499
0.481225827562
0.48100156868
0.479051080526
0.478648533149
0.477119206467
0.475845662809
0.475079217852
0.473387879153
0.471986829121
0.470995991537
0.469657598545
0.468039276008
0.466307514695
0.464620504146
0.46299274735
0.461709056756
0.462464523045
0.475388159661
0.525749591956
0.530449245255
0.462141512787
0.609902329457
0.478567725195
0.528114078319
0.446934938716
0.52755831073
0.474046858786
0.46723669643
0.504318623197
0.464082727357
0.443007685679
0.484138627172
0.462403610573
0.434309358228
0.45826102425
0.473333668365
0.454002549977
0.430420328003
0.443169473672
0.455819723027
0.435792456905
0.428669481177
0.441682548903
0.440494721204
0.426790087789
0.429586620849
0.436625631175
0.426659573041
0.424784820543
0.430759459523
0.425991925646
0.421800101942
0.426657487716
0.423006996386
0.420496723416
0.423562856969
0.420156974877
0.419196235128
0.420706311164
0.41730775276
0.418349701197
0.417491638537
0.415650509508
0.416616369068
0.414322836682
0.414747931872
0.413550932214
0.412769216093
0.412417668004
0.411157517308
0.410962403863
0.409626709557
0.409311769342
0.408147003146
0.407461573326
0.406621635224
0.405442414542
0.404884677861
0.403569804809
0.402611972309
0.401790783346
0.400461625593
0.399178413443
0.398131100677
0.39709089877
0.396038710947
0.395127429638
0.395494486141
0.398567977261
0.413747116913
0.433169576172
0.40075030168
0.391549737529
0.425866091429
0.383636899388
0.404940852065
0.380498335613
0.398417081778
0.390092433883
0.379556148735
0.393211794773
0.37525199421
0.383776099719
0.378145513192
0.374587651585
0.379108539731
0.368689918025
0.376905645438
0.366687329366
0.372749010479
0.36558685704
0.369781479536
0.363773929805
0.366842983159
0.362196241517
0.364844471042
0.360006838949
0.362423824193
0.358205070654
0.36020855665
0.356934820998
0.357047429785
0.355873405181
0.353930667428
0.354446316365
0.352058465195
0.351527974283
0.351309649941
0.34917823065
0.347997064108
0.34783253164
0.34723242554
0.346462962958
0.345618173944
0.346677154992
0.349776430192
0.363619194625
0.375289966049
0.427254996242
0.348678249333
0.495351234671
0.337128043119
0.42423885574
0.375665806162
0.359350783528
0.380720749984
0.328941037015
0.365159815633
0.374237243881
0.335239047994
0.336338183284
0.361996229588
0.343019383634
0.323096674427
0.337986209736
0.352576495606
0.350982922689
0.334885235326
0.321060819984
0.324391762327
