0.518725528211
0.518725377203
0.518725082742
0.518724651254
0.51872408813
0.518723397811
0.518722583861
0.518721649035
0.518720595333
0.518719424058
0.518718135857
0.51871673076
0.518715208219
0.518713567131
0.51871180587
0.518709922302
0.518707913809
0.518705777298
0.518703509214
0.518701105553
0.518698561859
0.518695873234
0.518693034337
0.518690039384
0.518686882143
0.51868355593
0.518680053601
0.518676367545
0.518672489674
0.518668411409
0.518664123668
0.518659616849
0.518654880818
0.518649904885
0.518644677789
0.518639187677
0.518633422077
0.518627367881
0.518621011316
0.518614337917
0.518607332501
0.518599979137
0.518592261114
0.51858416091
0.518575660161
0.518566739618
0.51855737912
0.51854755755
0.518537252796
0.518526441713
0.518515100078
0.518503202545
0.518490722606
0.518477632536
0.518463903351
0.518449504757
0.518434405098
0.518418571305
0.518401968845
0.518384561663
0.518366312129
0.518347180982
0.518327127273
0.518306108307
0.518284079585
0.51826099475
0.51823680552
0.51821146164
0.518184910818
0.51815709867
0.518127968667
0.518097462076
0.518065517914
0.518032072893
0.517997061377
0.517960415335
0.517922064305
0.517881935359
0.517839953068
0.517796039487
0.517750114132
0.517702093972
0.517651893431
0.517599424393
0.517544596224
0.517487315801
0.517427487553
0.517365013522
0.517299793426
0.51723172475
0.517160702848
0.517086621057
0.517009370841
0.516928841941
0.516844922557
0.516757499538
0.516666458604
0.516571684577
0.516473061644
0.516370473628
0.516263804287
0.516152937625
0.516037758216
0.51591815155
0.515794004373
0.515665205045
0.515531643891
0.515393213541
0.515249809267
0.515101329284
0.514947675031
0.514788751394
0.514624466887
0.51445473375
0.514279467967
0.514098589174
0.513912020453
0.513719687972
0.513521520461
0.513317448506
0.513107403618
0.512891317071
0.512669118468
0.512440734022
0.512206084508
0.511965082887
0.511717631547
0.511463619164
0.511202917155
0.510935375702
0.510660819349
0.510379042157
0.510089802427
0.509792816993
0.509487755117
0.509174232011
0.508851802026
0.508519951588
0.508178091934
0.507825551772
0.507461569979
0.507085288493
0.506695745599
0.506291869851
0.505872474907
0.505436255666
0.504981786125
0.504507519516
0.504011791383
0.503492826394
0.502948749851
0.502377605019
0.501777377571
0.501146028592
0.500481537635
0.49978195732
0.499045480639
0.498270521525
0.497455808065
0.496600485806
0.495704225762
0.494767327757
0.493790804851
0.492776429333
0.491726716542
0.490644822308
0.489534336924
0.488398977935
0.487242218775
0.486066938056
0.484875221423
0.483668465992
0.48244788856
0.481215397176
0.479974573379
0.478731326503
0.477493770156
0.476271138096
0.475072039859
0.473902797511
0.472766688536
0.471664506928
0.470596118031
0.469562034376
0.468563917986
0.467603553525
0.466681033653
0.465793838217
0.464938048252
0.464110894935
0.463312037842
0.462541935868
0.461799003933
0.461078917629
0.460376876392
0.459689823469
0.459015633971
0.458350606349
0.457689403449
0.45702786293
0.456364003066
0.455695554696
0.455018884912
0.454331427341
0.453632502969
0.452920611772
0.452192871496
0.451447259712
0.450681488307
0.449890838062
0.449070018993
0.448213592104
0.447314253979
0.446364983681
0.445359831823
0.444292828507
0.443160296853
0.441960154114
0.44069178242
0.439357255697
0.437959567463
0.436503565753
0.434994230385
0.433437507632
0.431838849385
0.430203116633
0.428533926052
0.426835012533
0.425108974381
0.423356866725
0.421577895216
0.4197696921
0.417930555931
0.416062664835
0.414172421248
0.41226744697
0.410351514823
0.408421231225
0.40646807621
0.404487982534
0.402534188741
0.401325551482
0.409722944344
0.484575236953
0.51151823819
0.51787120464
0.517189743195
0.510891061153
0.499174051735
0.484083844678
0.458136971652
0.482994099227
0.442797180809
0.422094879187
0.426595199718
0.40165300981
0.487764459561
0.440939683773
0.48576659562
0.501335225733
0.503797348258
0.49676737859
0.474236154225
0.425260150558
0.475121678947
0.449709934586
0.414217625135
0.445947198579
0.457527273755
0.45224082941
0.43302443648
0.403498677004
0.398012551327
0.437317456968
0.410260826094
0.391834600085
0.407434395803
0.416855913224
0.411726052289
0.394453624606
0.389418093742
0.407421833577
0.390842093711
0.382416356855
0.390740262649
0.391700051894
0.382239469747
0.376333740099
0.38594504502
0.378018815704
0.375930477571
0.381006549036
0.378175647116
0.373733153468
0.378543807689
0.374102737275
0.373463858272
0.374956645392
0.371061242307
0.371365032901
0.370641556099
0.368284902815
0.369284184265
0.366591930053
0.367095599022
0.365383284119
0.364797891019
0.364019793323
0.362393445056
0.361821634216
0.360318287293
0.359328708564
0.35817269654
0.356666050118
0.35614117137
0.354390434137
0.353486754185
0.35264453513
0.350892848853
0.349628051665
