1.94107396945
1.94106752816
1.94105496737
1.94103656027
1.94101253557
1.94098308103
1.94094834671
1.94090844774
1.94086346683
1.94081345647
1.94075844081
1.94069841733
1.94063335827
1.94056321186
1.94048790335
1.94040733584
1.94032139101
1.94022992962
1.94013279195
1.94002979806
1.93992074793
1.9398054215
1.93968357861
1.93955495879
1.93941928103
1.93927624333
1.93912552229
1.93896677253
1.93879962602
1.93862369132
1.93843855277
1.93824376953
1.93803887459
1.93782337357
1.93759674359
1.93735843186
1.93710785429
1.93684439397
1.93656739945
1.936276183
1.93597001871
1.9356481404
1.93530973949
1.93495396262
1.93457990916
1.93418662854
1.93377311739
1.93333831647
1.93288110741
1.93240030921
1.93189467449
1.93136288547
1.93080354971
1.93021519548
1.92959626681
1.92894511823
1.92826000905
1.92753909726
1.92678043295
1.92598195123
1.92514146463
1.92425665485
1.92332506389
1.9223440845
1.92131094982
1.92022272215
1.91907628082
1.91786830905
1.91659527966
1.91525343955
1.91383879282
1.91234708243
1.91077377015
1.90911401474
1.90736264812
1.90551414928
1.90356261577
1.90150173244
1.89932473722
1.89702438348
1.89459289878
1.89202193945
1.88930254063
1.88642506129
1.88337912364
1.88015354632
1.87673627078
1.87311428004
1.86927350908
1.86519874612
1.86087352371
1.85627999889
1.85139882138
1.84620898894
1.84068768901
1.83481012597
1.8285493335
1.82187597208
1.81475811199
1.80716100346
1.79904683645
1.79037449467
1.78109931092
1.77117283434
1.76054262511
1.74915209901
1.73694045357
1.72384272028
1.70979000493
1.69471000163
1.67852789824
1.6611678331
1.64255511829
1.62261951396
1.60129991985
1.57855093539
1.55435180546
1.52871826571
1.50171764274
1.47348710898
1.44425406065
1.41435601271
1.38425519033
1.35454056986
1.32590861646
1.299115223
1.27489719839
1.25387222878
1.23643823833
1.22269994565
1.21244604641
1.20518461856
1.20022454749
1.19677746065
1.19405364256
1.19133451372
1.18801664042
1.18363183656
1.17785234391
1.17049003598
1.16149587534
1.15096188951
1.13912340903
1.12635462019
1.11314650987
1.10005513308
1.08761313849
1.07621145129
1.0659795473
1.05671277033
1.04789824436
1.03886454473
1.02902670424
1.01813891262
1.00643568864
0.994569019639
0.983342676041
0.97336748265
0.964826736423
0.957480863865
0.950889219015
0.944701063679
0.938846307318
0.933525968519
0.929014299065
0.92540066507
0.922460421936
0.91977055844
0.916987155236
0.91404552269
0.911106509467
0.908314405865
0.905609643949
0.902771312102
0.899630833862
0.896233461716
0.892774806584
0.889371844426
0.885939697714
0.88235118706
0.878663217794
0.875053345302
0.871556323569
0.868043263551
0.864474296903
0.860955632439
0.857491595801
0.853939478067
0.850273416724
0.846578189159
0.842810125168
0.838909186115
0.834962745223
0.830995060926
0.82694415229
0.822859511711
0.818742894298
0.814530487819
0.810264694643
0.805928116171
0.801502923944
0.79702803268
0.792457036002
0.787803997286
0.783042830926
0.778171912458
0.773208196721
0.768154227094
0.763025360846
0.75779629611
0.752451531296
0.74697150609
0.741357540189
0.735632273354
0.729794856246
0.723847069866
0.717773363899
0.711568590512
0.705245271172
0.698808767053
0.692252229027
0.685566457629
0.678747021579
0.671785461917
0.664674895451
0.657428344872
0.650206046411
0.644316324309
0.651509089421
0.766468978591
0.651801448398
0.615410017373
0.644457365838
0.601683975985
0.604574394825
0.622206822079
0.578206395617
0.588516786221
0.605068472489
0.560000652462
0.571220534155
0.595522666859
0.551232293071
0.603340011289
0.540828292613
0.569118309555
0.592088955835
0.53126758341
0.522632862814
0.560033125212
0.532013059295
0.49695079359
0.517996252
0.53730950886
0.517037790751
0.485944474913
0.493370853021
0.511353488209
0.493115058453
0.474972302831
0.485824542731
0.490650659302
0.475468738478
0.468182544494
0.47745144119
0.473450161107
0.46219812422
0.465930274199
0.467117469486
0.45802232884
0.457326833055
0.459810376633
0.452742579231
0.45189500249
0.452680590524
0.447050534897
0.44674637195
0.445743039877
0.44144214361
0.441918724887
0.438492738217
0.436624609609
0.435349128847
0.432030105698
0.431288969552
0.427746929532
0.426753734473
0.423294353921
0.421914917058
0.418572009921
0.416774636256
0.413665848469
0.41102505067
0.408554984059
0.4050859401
0.402342369886
0.39946783011
0.395907743644
0.392348347735
0.389064764583
0.385896321294
0.382937980381
0.381608209174
0.386939604987
0.424445266441
0.370567761729
0.381121771703
0.41385703886
0.370082130856
0.421226703455
0.369548205584
0.387341168404
0.430010005376
0.37639963625
0.340341139429
0.392517336515
0.392969676354
0.337819415124
0.340635502003
0.370689700799
0.373017480945
0.343761354646
0.321223951446
0.335499020472
0.358808971475
0.36243099268
0.342630248424
0.320130204971
0.314990837779
0.325111624911
0.334656189195
0.332988578081
0.321494068142
0.311171251087
0.311477969993
0.31873004216
0.320958045976
0.314606798761
0.307717298774
0.307679594609
0.31154380224
0.312220053208
0.308248570127
0.304422587625
0.304995079222
0.307207270721
0.306166829114
0.302907485497
0.301989371648
0.303276812532
0.303077088496
0.300866147799
0.299781073393
0.300458471142
0.300018951403
0.298276682109
0.297775764488
0.297964686978
0.296945911026
0.295757294881
0.295645513971
0.295064962651
0.29385920962
0.293456611979
0.29286377135
0.291734984501
0.291215433652
0.290401273451
0.289361668915
0.288738337169
0.287646852185
0.286769285952
0.285814253219
0.284691199071
0.283740086013
0.28249238243
0.281443270069
0.280111358454
0.278932132426
0.27751002151
0.276189079669
0.274676733789
0.273175438168
0.271592342122
0.269881910011
0.26818326479
0.266347505103
0.264409566304
0.262438685718
0.260378994672
0.258196734542
0.255903910098
0.25351533259
0.251033465595
0.24848029166
0.245999358213
0.244623072721
0.252156406318
0.325988870995
0.264180088595
0.234423388429
0.242697138967
0.266676982362
0.229319831484
0.233277556993
0.242433085704
0.21842250744
0.219912201642
0.224816094888
0.209224438564
0.207385616579
0.216385291875
0.199877653841
0.207293410051
0.196404183394
0.19780619962
0.196729167283
0.189309076471
0.194045637235
0.18812061471
0.183534896246
0.187338647709
0.184016886032
0.177162127413
0.178308337261
0.180100343435
0.17384654516
0.169326144637
0.168622535733
0.170416804766
0.174270822939
0.173280522198
0.176791891644
0.174952140751
0.187381302039
0.153753595002
0.179832503023
0.152242179804
0.166340549782
0.147300815462
0.158545120017
0.156074799972
0.142933963407
0.154272458416
0.150638413945
0.138728803034
0.145598520241
0.1503428547
0.139740773458
0.135822853527
0.142048334861
0.143743822611
0.137231159911
0.132246250545
0.13510831539
0.137599129551
0.13360919929
0.130071116699
0.131905465671
0.13321587178
0.130430448332
0.128295878695
0.129715370208
0.129926970841
0.127597227695
0.127015173128
0.127967796853
0.127059922861
0.125621449065
0.126021365107
0.125935493604
0.124621231957
0.124539360258
0.124561959451
0.123542104619
0.123282898728
0.123197190391
0.122320793118
0.122142796336
0.121774563714
0.121070247091
0.120919423039
0.120241138064
0.11986185212
0.11938692172
0.118796862371
0.118396058421
0.117726285336
0.117293271731
0.116597562571
0.116098425337
0.115390034326
0.114800189089
0.114098764086
0.113387473755
0.112704805613
0.111888520312
0.111140527633
0.110335286492
0.109443094745
