0.719415159761
0.719084525171
0.718440219483
0.717497111269
0.716268145303
0.714764503237
0.712995754066
0.710969994784
0.708693981794
0.706173253706
0.703412246242
0.700414399996
0.697182261802
0.693717580477
0.690021397697
0.686094134731
0.681935675754
0.67754544841
0.672922502277
0.668065585836
0.662973222515
0.657643786312
0.652075577476
0.646266898639
0.640216131757
0.633921816103
0.627382727536
0.620597959112
0.613567003063
0.606289834014
0.59876699321
0.590999673388
0.582989803765
0.574740134487
0.566254319691
0.557536998169
0.548593870462
0.539431771023
0.53005873392
0.520484050435
0.510718316734
0.500773469751
0.490662809325
0.48040100467
0.47000408332
0.459489400806
0.448875589607
0.438182486149
0.427431035128
0.416643170835
0.405841675803
0.395050017706
0.38429216615
0.373592391696
0.362975050165
0.352464355971
0.342084148751
0.331857658095
0.321807271449
0.311954310429
0.30231882071
0.292919380392
0.283772931283
0.274894636862
0.266297769896
0.257993631736
0.249991504315
0.242298634855
0.234920252294
0.22785961354
0.22111807686
0.214695199099
0.208588852943
0.202795360181
0.197309636815
0.192125345938
0.187235054511
0.182630390487
0.178302197169
0.174240682127
0.170435558507
0.166876177063
0.163551647706
0.160450949807
0.157563030878
0.154876893575
0.152381671263
0.150066692581
0.147921535615
0.145936072402
0.144100504571
0.142405390938
0.140841667911
0.139400663521
0.138074105885
0.136854126843
0.135733261471
0.134704444109
0.133761001495
0.132896643517
0.132105452061
0.131381868359
0.130720679204
0.130117002342
0.129566271315
0.12906421998
0.128606866911
0.128190499828
0.127811660218
0.127467128228
0.12715390794
0.126869213087
0.126610453277
0.126375220745
0.126161277676
0.125966544109
0.125789086435
0.125627106484
0.125478931204
0.125343002915
0.125217870133
0.125102178946
0.124994664922
0.124894145541
0.124799513117
0.124709728212
0.124623813508
0.124540848133
0.124459962422
0.124380333106
0.124301178916
0.124221756605
0.124141357371
0.124059303706
0.12397494665
0.123887663478
0.123796855818
0.123701948227
0.123602387211
0.123497640734
0.123387198186
0.123270570832
0.123147292703
0.123016921898
0.122879042218
0.122733265025
0.122579231159
0.122416612716
0.122245114386
0.12206447406
0.121874462316
0.121674880437
0.121465556679
0.121246340631
0.121017095844
0.120777691309
0.12052799296
0.120267857048
0.11999712793
0.119715643238
0.119423249404
0.119119829704
0.118805345252
0.118479886671
0.118143730956
0.117797395213
0.117441677539
0.117077676497
0.116706784669
0.116330657902
0.115951168115
0.115570351189
0.115190360364
0.114813429352
0.114441840217
0.114077883336
0.113723795672
0.113381672174
0.113053361663
0.112740374817
0.112443835794
0.11216449221
0.111902765682
0.111658798044
0.111432451262
0.111223257285
0.111030361454
0.110852519131
0.110688171881
0.110535572252
0.11039289552
0.110258302165
0.110129973196
0.110006171333
0.109885346244
0.109766237416
0.109647915577
0.109529767956
0.109411490114
0.109293107147
