1.15726395388
1.15724343777
1.15720343343
1.15714481667
1.15706832394
1.15697456361
1.15686402602
1.15673709251
1.15659404333
1.15643506469
1.15626025496
1.15606963017
1.15586312871
1.15564061553
1.15540188566
1.1551466673
1.15487462441
1.1545853588
1.15427841191
1.15395326621
1.15360934621
1.15324601922
1.15286259579
1.15245832994
1.15203241904
1.15158400359
1.1511121667
1.15061593338
1.15009426973
1.14954608183
1.14897021455
1.1483654502
1.14773050699
1.14706403743
1.14636462651
1.14563078981
1.14486097153
1.1440535423
1.14320679698
1.14231895235
1.14138814466
1.14041242716
1.13938976747
1.13831804496
1.13719504799
1.13601847114
1.13478591238
1.13349487018
1.13214274058
1.1307268143
1.12924427376
1.12769219017
1.12606752069
1.1243671055
1.12258766514
1.12072579785
1.11877797713
1.11674054951
1.11460973262
1.11238161364
1.11005214822
1.10761715999
1.10507234089
1.10241325237
1.09963532782
1.09673387646
1.09370408901
1.09054104556
1.08723972617
1.08379502474
1.08020176683
1.0764547323
1.07254868368
1.06847840134
1.06423872679
1.05982461543
1.05523120035
1.05045386887
1.04548835359
1.04033083973
1.03497809058
1.02942759252
1.02367772075
1.01772792631
1.0115789438
1.00523301809
0.9986941463
0.991968329094
0.985063822593
0.977991378671
0.970764458003
0.96339939642
0.955915501827
0.948335056632
0.940683200012
0.932987666389
0.925278362089
0.917586771884
0.909945201423
0.90238587973
0.894939966727
0.887636531417
0.880501583543
0.873557251126
0.866821194607
0.860306332811
0.854020926298
0.84796902236
0.842151218106
0.83656565127
0.831209090608
0.826077976662
0.821169264352
0.816480943159
0.812012156611
0.807762904386
0.803733378668
0.799923050394
0.796329669185
0.792948363211
0.789771015683
0.786786052231
0.783978703853
0.781331725022
0.778826461984
0.776444099313
0.774166878033
0.771979084751
0.769867658919
0.767822346241
0.765835424183
0.763901119084
0.762014900988
0.760172863591
0.758371363352
0.756607008272
0.754876972081
0.753179495013
0.751514354702
0.74988308083
0.748288758177
0.746735399722
0.745227030293
0.743766738705
0.742355974633
0.740994263423
0.739679324018
0.738407392835
0.737173486388
0.735971436321
0.734793759177
0.73363163591
0.732475305485
0.731314957505
0.730141861294
0.72894925191
0.727732611842
0.726489387458
0.72521853638
0.723920281161
0.722596049548
0.721248224312
0.719879441711
0.718491707924
0.71708594981
0.715662288694
0.714220623482
0.712760897486
0.711283016583
0.7097869556
0.70827322271
0.706743064264
0.705197973443
0.703639118909
0.702067426467
0.700483907459
0.698889627378
0.697285866547
0.695674821789
0.694059775411
0.692444390031
0.69083217999
0.689226053598
0.687627604041
0.686037273741
0.684455017827
0.682880409949
0.681312849635
0.679751312437
0.67819373989
0.676637236065
0.675078190445
0.673512645008
0.671936161829
0.670343367163
0.668728029021
0.667083603119
0.665404106725
0.663684076208
0.661918147227
0.660100955422
0.658227711779
0.6562944474
0.654297468219
0.652233090588
0.650097754373
0.647887836908
0.645599043456
0.643226477079
0.640765702806
0.63821285808
0.635565111873
0.632821550208
0.629982776562
0.62705063283
0.62402786124
0.62092498433
0.617845540101
0.61647540844
0.646144929646
0.73973295605
0.638521012218
0.665234032613
0.621458533092
0.650085460221
0.60792650087
0.628562075545
0.622197436188
0.614345893592
0.600790363812
0.604196992646
0.607425829652
0.59618296757
0.595900609637
0.587903930369
0.589356069643
0.593553417831
0.575717564492
0.585069298245
0.578683076115
0.576614489281
0.575640765895
0.57213542171
0.569081919088
0.571063405278
0.56833964812
0.563072935371
0.565832048097
0.570645586696
0.572644176153
0.570392802718
0.559067134553
0.552376108427
0.556258133866
0.567130957013
0.605467118634
0.55723525215
0.578251254856
0.577902448713
0.548049030697
0.541143908798
0.560800846227
0.576086301864
0.549869411171
0.531908831257
0.540013520476
0.569826081428
0.543308052864
0.539072672599
0.55340364894
0.531469642393
0.523254522112
0.534153140869
0.549909706897
0.528833884235
0.516727539412
0.549601398833
0.523891703444
0.511930839174
0.526103166625
0.51029051979
0.51210521835
0.528804082995
0.515643181864
0.50706138494
0.504137436377
0.512906086083
0.536270145063
0.49429244914
0.521208648254
0.494414857565
0.511792159187
0.488950006471
0.509234981603
0.488549656531
0.497725173143
0.492066773676
0.489388029371
0.490690178409
0.483953106165
0.48822559495
0.481498787422
0.483519191818
0.480061018372
0.480764951593
0.477588901783
0.477087657253
0.4778205741
0.473331911725
0.476256060927
0.471781018077
0.472423372025
0.471805523183
0.468540929087
0.469310601405
0.467971765518
0.465658022745
0.465632103932
0.46557611484
0.464831897618
0.462906088214
0.461447472743
0.460606784754
0.462155295615
0.469566097761
0.501139325149
0.461122814891
0.467381986547
0.496662106231
0.456518044938
0.500081184489
0.465043106622
0.474995694044
0.478297955742
0.451697839603
0.476417330033
0.444936894245
0.462376150784
0.455241629626
0.445703843781
0.458354855827
0.439995307731
0.452971517057
0.44079159189
0.447034224207
0.440701082902
0.442335302008
0.441000695823
0.438465942789
0.438234241926
0.438039566572
0.434556815654
0.437640969176
0.431514798361
0.435559319566
0.430624975404
0.431212421904
0.431219683979
0.427697325003
0.430004764491
0.427400048303
0.425257564441
0.426821176162
0.425086089635
0.422295002968
0.422308926097
0.422968581942
0.421148329191
0.418781405072
0.417165988588
0.416142292916
0.415858019851
0.417979987999
0.431437595615
0.475035286107
0.440154896986
0.423213566502
0.484261523234
0.411486519155
0.443051365777
0.409063836705
0.434914531324
0.420342562282
0.409045422176
0.427422188745
0.406394823855
0.405280847914
0.41569237787
0.400285599599
0.405117149512
0.406819474999
0.395305211958
0.404111132822
0.397397029859
0.395812718742
0.399381499228
0.392536786232
0.396640903382
0.3919861931
0.393408716321
