1.49898060477
1.49897934218
1.49897688013
1.49897327227
1.49896856358
1.49896279105
1.49895598432
1.49894816623
1.49893935329
1.49892955614
1.4989187799
1.49890702453
1.49889428507
1.49888055192
1.49886581105
1.49885004413
1.49883322873
1.4988153384
1.49879634276
1.49877620758
1.49875489479
1.49873236254
1.49870856516
1.49868345319
1.49865697328
1.49862906817
1.49859967662
1.49856873332
1.49853616878
1.49850190919
1.49846587635
1.49842798746
1.49838815496
1.4983462864
1.49830228419
1.49825604543
1.49820746166
1.49815641866
1.49810279613
1.49804646748
1.49798729951
1.4979251521
1.49785987791
1.49779132201
1.49771932153
1.49764370529
1.49756429336
1.49748089668
1.49739331656
1.49730134426
1.49720476045
1.49710333471
1.49699682496
1.49688497689
1.49676752337
1.49664418375
1.49651466323
1.49637865216
1.49623582524
1.49608584076
1.4959283398
1.49576294531
1.49558926123
1.49540687152
1.49521533914
1.49501420498
1.49480298678
1.4945811779
1.49434824612
1.49410363233
1.49384674917
1.49357697955
1.49329367522
1.49299615508
1.49268370361
1.49235556901
1.49201096144
1.49164905103
1.49126896584
1.49086978973
1.49045056007
1.49001026541
1.48954784297
1.489062176
1.48855209105
1.48801635509
1.48745367245
1.48686268164
1.48624195206
1.48558998042
1.48490518713
1.48418591244
1.48343041244
1.48263685483
1.48180331457
1.48092776927
1.48000809451
1.47904205884
1.47802731869
1.47696141313
1.47584175836
1.47466564225
1.4734302186
1.47213250144
1.47076935928
1.4693375094
1.46783351231
1.46625376638
1.46459450289
1.46285178162
1.46102148713
1.45909932608
1.45708082592
1.45496133517
1.45273602602
1.4503998996
1.44794779474
1.44537440095
1.44267427654
1.439841873
1.43687156662
1.43375769864
1.43049462499
1.42707677649
1.42349872994
1.41975528983
1.41584157868
1.41175313259
1.40748599489
1.40303679719
1.39840281125
1.39358194834
1.38857267429
1.38337379953
1.37798409533
1.37240168126
1.36662312986
1.36064224468
1.35444849369
1.34802512446
1.34134705248
1.33437869609
1.32707201976
1.31936512407
1.31118176261
1.30243214858
1.2930153226
1.2828231875
1.27174609337
1.25967961473
1.24653195354
1.23223130072
1.21673259891
1.20002361733
1.1821312373
1.16313040187
1.14315992141
1.12244992061
1.10136244903
1.0804361662
1.06040727564
1.04216149038
1.02658114737
1.01431269097
1.00556629973
1.00007140624
0.997192386923
0.996084197788
0.995800846542
0.995392816711
0.994056082551
0.991309093373
0.98710073668
0.981766551391
0.975841476956
0.9698451907
0.964171005386
0.959073415564
0.954629790774
0.950667062172
0.946820196138
0.942761614519
0.938375431408
0.933727597743
0.928981489876
0.924368361493
0.920071886263
0.916061666927
0.912139370582
0.908109882317
0.903848695783
0.899378913784
0.894896600447
0.890573817714
0.886440730847
0.882408367576
0.878320526841
0.874130785111
0.869904371181
0.86570791595
0.861539998281
0.85731072844
0.852986647608
0.848609367931
0.844251610843
0.839879815764
0.83538948041
0.830713378934
0.825910511393
0.821048352669
0.816104751965
0.811014300132
0.805768570672
0.800401993322
0.794912217952
0.789282974262
0.783535410952
0.777674828877
0.771658406873
0.765496600772
0.759236994147
0.752854800934
0.746336591243
0.739757565238
0.73347082801
0.731266592528
0.779965503197
0.831168701802
0.707336965956
0.770678655478
0.694379421035
0.751524199407
0.6984398523
0.709866080693
0.711090438164
0.673970505126
0.704350096115
0.670476207344
0.669246510432
0.679757757731
0.65151742659
0.664408452113
0.654798058411
0.644386518394
0.652562120553
0.634497327757
0.642569146889
0.630776833058
0.630872394495
0.627264279946
0.620803039539
0.620825003245
0.612937131295
0.61332345114
0.605661652984
0.605441994564
0.599318559129
0.596636175091
0.593370578984
0.58729971344
0.586288910924
0.580112148902
0.57569941731
0.573556110285
0.568391185371
0.562276850981
0.557468996527
0.553809547859
0.551448209907
0.553393493416
0.569228360626
0.605800619696
0.535219135855
0.539761704639
0.569190251289
0.515271437915
0.558077364889
0.529671392882
0.519662126175
0.52464121312
0.499210061892
0.514458890711
0.484000361303
0.501887572489
0.476092126069
0.48789776088
0.46887918702
0.474541551475
0.464603393514
0.461143804679
0.461984482323
0.448655863823
0.455604854921
0.441990145713
0.442986415176
0.440289852103
0.430311963318
0.432486244953
0.427927933656
0.419100532225
0.418150785144
0.418595685473
0.412126257078
0.404346766823
0.398646509524
0.394997253431
0.393779656983
0.401469504676
0.443396757144
0.389192183198
0.377944156204
0.414629015074
0.361979311113
0.400238252028
0.355093151529
0.381695243331
0.371529216766
0.346659003805
0.370757221279
0.347609360606
0.337821781702
0.353182652314
0.341563031277
0.325862052154
0.336119488267
0.334025450527
0.319603985188
0.325297365864
0.325443473083
0.314440932692
0.317500554663
0.317634828848
0.309289058239
0.311716971257
0.310692487424
0.304669821007
0.307065771956
0.303893584464
0.300899173174
0.302135064493
0.297811447826
0.297793518519
0.296003222017
0.293655990278
0.293418625041
0.290306379942
0.290196082026
0.287192081685
0.286756548944
0.28394900932
0.283192791267
0.280589407126
0.279299829254
0.27721208789
0.275028659491
0.273535964724
0.270974404019
0.268847749967
0.267019289566
0.264536775631
0.261848310271
0.259395953656
0.257111837628
0.254966565185
0.253427577267
0.254959606902
0.266104769254
0.249532072575
0.24102555429
0.251117031452
0.234696231707
0.241292319407
0.232624182176
0.229618269142
0.232423851454
0.222165506075
0.224771038003
0.222373288334
0.21513528331
0.216721681121
0.215489970147
0.209199284665
0.20678225319
0.207821971562
0.206865888749
0.203932305078
0.200540495694
0.198298014137
0.198354170015
0.203923080942
0.221056375521
0.191394560602
0.190250072095
0.208949195187
0.179573678947
0.201295457215
0.180832058967
0.188121088746
0.196227718413
0.173794352617
0.174701467066
0.185615098867
0.178364855863
0.165576299531
0.169319720273
0.175284158863
0.167422732033
0.161448459929
0.166485120558
0.166737423123
0.160050783981
0.159844376187
0.162871594338
0.159192645369
0.156667800635
0.15903619615
0.15748538439
0.154721790859
0.156192955785
0.155275765608
0.153057970244
0.154043956611
0.152985689658
0.151482606033
0.152126870539
0.150691588791
0.150062886786
0.150050943113
0.148604140523
0.148667237856
0.147648745657
0.147047484813
0.146580601819
0.145581786102
0.145267120053
0.14418999849
0.143806972731
0.142748078919
0.142243534477
0.14122815737
0.140539671654
0.139635160294
0.138679140439
0.137898730579
0.136786980267
0.135832768249
0.134883085271
0.133706871405
0.132536879938
0.131443636006
0.130321186052
0.129140053871
0.127968185029
0.12705197974
0.127344236144
0.132330502629
0.152863659642
0.136345725423
0.119251227953
0.134299804536
0.118569522462
0.123709993048
0.114136122237
0.120262158655
0.113488493515
0.113140415561
0.114329662929
0.108765702576
0.111978318412
0.107942407417
0.108212109282
0.107770223111
0.10522779519
0.106536407819
0.103466603718
0.104744686178
0.10226487248
0.10292920232
0.101157805118
0.101265623139
0.100013159789
0.0997981375757
0.0986694726104
0.0985367815032
0.097265311817
0.0973020630114
0.095956523726
0.0958698398218
0.09487661204
0.0941818266994
0.0938419104733
0.0927718038001
0.0921412209632
0.0917146624934
0.0908358231458
0.0898749709755
0.0891489413249
0.0885800696754
0.0881087733447
0.0879415706162
