-1.0, -0.77690040461
1.0, 0.54618920718
1.0, 0.392577353592
1.0, 0.819433971589
1.0, 0.739783976343
-1.0, -0.887275103003
1.0, 0.879029629148
1.0, 0.878653365866
1.0, 0.875030227721
-1.0, -0.999836468776
-1.0, -0.81046465215
1.0, 0.972051937667
-1.0, -0.863337038721
1.0, 0.987149299555
1.0, 0.99623934627
-1.0, -0.750727539952
-1.0, -0.765850574854
1.0, 0.84251718637
-1.0, -0.55856531264
-1.0, -0.986503582184
1.0, 0.976261850672
1.0, 0.79481389335
-1.0, -0.938924227866
-1.0, -0.595127875053
-1.0, -0.679483072547
1.0, 0.598326770435
-1.0, -0.537958378796
1.0, 0.959649748299
1.0, 0.302737832004
1.0, 0.932666650653
-1.0, -0.934559633114
-1.0, -0.934278300213
1.0, 0.782482503297
-1.0, -0.99966703597
1.0, 0.827923475111
-1.0, -0.702846727389
-1.0, -0.856159286629
-1.0, -0.611256304749
1.0, 0.960379254341
-1.0, -0.881176471372
-1.0, -0.449783802955
-1.0, -0.938804736827
-1.0, -0.815263652112
1.0, 0.797321782833
-1.0, -0.75719908515
-1.0, -0.737192049213
-1.0, -0.965516399739
-1.0, -0.971439561125
1.0, 0.960973032621
-1.0, -0.842059908585
1.0, 0.499614835081
-1.0, -0.791926907583
1.0, 0.771462170626
-1.0, -0.72345143924
-1.0, -0.998574201767
1.0, 0.74617564693
-1.0, -0.987671004557
1.0, 0.997854459437
1.0, 0.99910751941
-1.0, -0.706978242872
1.0, 0.99558863954
-1.0, -0.387097094214
1.0, 0.878761949784
-1.0, -0.4386781371
-1.0, -0.712017425478
1.0, 0.946550999987
-1.0, -0.999155922142
-1.0, -0.999868636297
1.0, 0.709026040875
-1.0, -0.782088820973
1.0, 0.978986177253
1.0, 0.592540935405
1.0, 0.8732964215
-1.0, -0.83104392542
1.0, 0.644910811457
1.0, 0.850704775449
-1.0, -0.865900312909
-1.0, -0.879574632721
-1.0, -0.849842083698
-1.0, -0.936887866045
-1.0, -0.302575747803
-1.0, -0.663689651987
-1.0, -0.776766035681
-1.0, -0.751724089644
-1.0, -0.621424577109
1.0, 0.708173235172
-1.0, -0.997374640251
1.0, 0.80108593339
1.0, 0.720524748052
1.0, 0.801494225562
1.0, 0.905460706468
-1.0, -0.683617635237
1.0, 0.889521764916
-1.0, -0.887470590605
-1.0, -0.841931992356
-1.0, -0.940227470022
-1.0, -0.865694059624
-1.0, -0.907083649398
1.0, 0.945791627199
-1.0, -0.99973013215
-1.0, -0.759052243089
-1.0, -0.501246992414
-1.0, -0.987720207534
-1.0, -0.778711233354
-1.0, -0.949379338653
1.0, 0.834715684793
-1.0, -0.793950013654
-1.0, -0.600967713197
1.0, 0.877191798024
1.0, 0.753007452061
1.0, 0.955043071128
-1.0, -0.877854909611
1.0, 0.854860123155
1.0, 0.77507594871
-1.0, -0.989246926072
1.0, 0.804300076311
-1.0, -0.973989242925
1.0, 0.974926274815
1.0, 0.997558792205
-1.0, -0.997743951987
1.0, 0.987847186062
1.0, 0.935947296122
1.0, 0.924828313783
1.0, -0.999463909577
-1.0, -0.764575484035
-1.0, -0.998860670164
1.0, 0.7913532317
-1.0, -0.996728622317
-1.0, -0.953773822295
1.0, 0.99944324606
1.0, 0.788746095548
-1.0, -0.802505513983
-1.0, -0.725185168148
-1.0, -0.821315215596
1.0, 0.712260585406
-1.0, -0.770479286709
-1.0, -0.911846498581
-1.0, -0.991324324404
1.0, 0.802814307452
-1.0, -0.830851983596
1.0, 0.724533945401
1.0, 0.962711000868
1.0, 0.782545354846
1.0, 0.781396880467
1.0, 0.858400108177
-1.0, -0.853184079318
-1.0, -0.614685762532
1.0, 0.998330659795
1.0, 0.709408354707
1.0, 0.829372624074
-1.0, -0.974796533766
-1.0, -0.647001106789
1.0, 0.853101385675
1.0, 0.795057090073
-1.0, -0.969683930568
1.0, 0.987319291323
-1.0, 0.997897162316
-1.0, -0.990593070011
-1.0, -0.94094073049
1.0, 0.979415244424
-1.0, -0.975657531069
-1.0, -0.673729211934
-1.0, -0.398507695655
-1.0, -0.718522559698
-1.0, -0.835898915832
-1.0, -0.823279450852
-1.0, -0.734640737493
1.0, 0.738728333423
-1.0, -0.999219357431
-1.0, -0.833684960805
-1.0, -0.925209443596
1.0, 0.962708673038
-1.0, -0.98263544224
-1.0, -0.971617614683
1.0, 0.638705710047
-1.0, -0.999929387826
-1.0, -0.792202594595
1.0, 0.948017011817
-1.0, -0.900856311917
1.0, 0.999410882491
-1.0, -0.319981996627
1.0, 0.971907554052
1.0, 0.619746858188
1.0, 0.988061036044
-1.0, -0.949989162675
-1.0, -0.797175460713
-1.0, -0.818219867116
1.0, 0.63193172254
-1.0, -0.418437577739
1.0, 0.725549436971
1.0, 0.73265095797
-1.0, -0.797971550177
-1.0, -0.959469234889
1.0, 0.993574684967
-1.0, -0.708305423122
1.0, 0.956589654794
1.0, 0.778942505173
1.0, 0.769564126815
-1.0, -0.865608020441
-1.0, -0.585566092042
-1.0, -0.797661463045
-1.0, -0.911246428092
1.0, 0.892590535824
1.0, 0.884757622225
1.0, 0.90292544071
-1.0, -0.860645884535
1.0, 0.988486889678
-1.0, -0.724830046903
-1.0, -0.999874942159
1.0, 0.987635440815
1.0, 0.914926466996
-1.0, -0.821741584378
1.0, 0.995840705534
1.0, 0.998993366279
-1.0, -0.319261608892
1.0, 0.969035402638
1.0, 0.936666268126
1.0, 0.905454884355
-1.0, -0.99634678815
-1.0, -0.993038460201
-1.0, -0.957889391131
-1.0, -0.983703369972
1.0, 0.980162233724
-1.0, -0.791330818519
1.0, 0.829922074224
-1.0, -0.481380088778
1.0, 0.642224942681
-1.0, -0.787536021383
-1.0, -0.74498971527
1.0, 0.445345523845
-1.0, -0.998777656388
1.0, 0.761602603169
-1.0, -0.860187657058
-1.0, -0.704515323936
1.0, 0.68497950516
1.0, 0.666535433036
1.0, 0.138820766959
-1.0, -0.480374944032
1.0, 0.905101878213
1.0, 0.972358890275
1.0, 0.617953207082
1.0, 0.87638216298
-1.0, -0.980664184884
1.0, 0.750763856475
-1.0, -0.984499648901
1.0, 0.968832431399
-1.0, -0.846762235123
1.0, 0.95140512875
-1.0, -0.798812525709
-1.0, -0.56721709863
1.0, 0.773141354146
-1.0, -0.672659923358
-1.0, -0.91544768657
-1.0, -0.648015103942
-1.0, -0.94348679241
-1.0, -0.918258005927
-1.0, -0.6107226289
1.0, 0.810776994715
1.0, 0.825258410186
1.0, 0.985139272584
1.0, 0.647592505361
1.0, 0.432804204665
-1.0, -0.448849584293
-1.0, -0.909579380632
-1.0, -0.913526699184
-1.0, -0.997657423575
1.0, 0.997027318099
-1.0, -0.768472076831
1.0, 0.709699852199
-1.0, -0.677290005291
-1.0, -0.86999837512
-1.0, -0.818629770979
-1.0, -0.785812973663
1.0, 0.82130513535
-1.0, -0.999764732864
1.0, 0.918027124539
1.0, 0.995313368842
-1.0, -0.8110902276
1.0, 0.618206081196
1.0, 0.826913204528
-1.0, -0.942766508107
1.0, 0.998178665355
1.0, 0.702989482224
-1.0, -0.337437279384
