1.3529545321
1.3529403334
1.3529126477
1.35287208178
1.35281914623
1.35275426326
1.35267777367
1.35258994304
1.35249096726
1.35238097742
1.35226004409
1.35212818117
1.35198534917
1.35183145813
1.35166637015
1.3514899015
1.35130182452
1.3511018691
1.35088972398
1.3506650378
1.35042741987
1.35017644079
1.34991163285
1.34963249032
1.34933846947
1.34902898858
1.34870342771
1.34836112842
1.34800139335
1.3476234857
1.34722662867
1.34681000471
1.34637275484
1.34591397781
1.34543272921
1.34492802061
1.34439881855
1.34384404364
1.34326256948
1.34265322172
1.34201477701
1.34134596203
1.3406454525
1.33991187223
1.33914379219
1.3383397297
1.33749814758
1.33661745346
1.33569599912
1.33473207997
1.33372393462
1.33266974455
1.33156763394
1.33041566965
1.32921186129
1.3279541615
1.32664046638
1.32526861602
1.32383639525
1.32234153449
1.3207817107
1.31915454846
1.31745762111
1.31568845185
1.31384451482
1.31192323604
1.30992199413
1.30783812065
1.30566889997
1.30341156847
1.30106331284
1.29862126737
1.29608250972
1.29344405516
1.29070284864
1.28785575454
1.28489954346
1.28183087576
1.2786462812
1.27534213427
1.27191462455
1.26835972167
1.26467313432
1.26085026287
1.25688614527
1.25277539607
1.24851213866
1.24408993098
1.23950168582
1.23473958673
1.22979500203
1.22465839975
1.21931926799
1.21376604623
1.20798607529
1.2019655756
1.19568966611
1.18914243905
1.18230710939
1.17516626101
1.16770221582
1.15989755472
1.15173582187
1.14320244343
1.134285888
1.12497908659
1.11528111173
1.10519908625
1.09475024975
1.08396405412
1.07288409126
1.0615695837
1.05009610827
1.0385551951
1.02705247802
1.01570419056
1.00463201572
0.993956587588
0.983790255358
0.974229970956
0.965351261682
0.95720414021
0.949811491912
0.943170039169
0.937253535375
0.932017506927
0.9274047121
0.92335052701
0.919787651044
0.916649771396
0.9138740684
0.911402634011
0.909182997113
0.907168004609
0.905315311565
0.90358670474
0.901947437169
0.900365698214
0.898812290713
0.897260538286
0.89568640342
0.894068761749
0.892389750892
0.890635094945
0.88879430046
0.886860629564
0.884830783696
0.882704278945
0.88048255905
0.878167966576
0.875762759871
0.873268398618
0.870685296755
0.868013139115
0.865251682678
0.862401757622
0.85946603001
0.85644908528
0.853356605788
0.85019381883
0.846963828485
0.843666665659
0.840299676762
0.83685920891
0.833342746815
0.829750262716
0.826084003095
0.82234713881
0.818542781145
0.814674702831
0.810749458836
0.80677783644
0.802773721519
0.798750937563
0.794720920019
0.790693213302
0.786677264848
0.782682313963
0.778715139504
0.774779193392
0.770877073871
0.767012995874
0.763191668443
0.759416087901
0.75568841553
0.752011601924
0.748387688431
0.744816191932
0.741296390981
0.737828710601
0.734412818535
0.731047850198
0.727733517076
0.724467859616
0.721246878266
0.718066415255
0.714921367658
0.711806572604
0.708718072201
0.705651301285
0.70260157113
0.699563730849
0.696532076339
0.693501828678
0.690468121405
0.687426389218
0.684371057696
0.681296006994
0.678194210887
0.675057928772
0.671878006625
0.668644105535
0.665344587532
0.661967593104
0.658501255853
0.654933696781
0.651252908904
0.647447496299
0.643507712888
0.639425739413
0.635196295892
0.630817098615
0.626288183499
0.621610966622
0.616787528101
0.611820890725
0.606715199229
0.601489657701
0.596278804166
0.592390589684
0.604279778409
0.757179638162
0.659767928111
0.583142563939
0.611063318514
0.583774138169
0.562780722474
0.591777769447
0.548885640311
0.577050723785
0.553899835197
0.557352292888
0.557243413853
0.536749995528
0.549540278095
0.529428912193
0.541256966334
0.522187428787
0.531315742638
0.517349832036
0.523989242788
0.511413711357
0.515311898563
0.507199749728
0.506416192377
0.505172478304
0.496665200217
0.498360370319
0.493747245883
0.48803360625
0.488337301994
0.485406602228
0.479500102013
0.475504056864
0.473476986291
0.472687747216
0.476136523396
0.492642655365
0.522920395524
0.460956170891
0.478517434017
0.48689744542
0.447686140467
0.452691546902
0.469959195468
0.451267773149
0.431684971185
0.441796212532
0.460630847089
0.421776469389
0.456953639597
0.415935817374
0.441728722578
0.432851381191
0.411379408163
0.432724858745
0.409020090218
0.406450499459
0.417696097091
0.396813775536
0.404923730876
0.401374733067
0.391548515389
0.400397514371
0.388027252249
0.392130447569
0.387827649631
0.384582630009
0.386212306409
0.379347116228
0.382510831824
0.375725505517
0.378531864728
0.372599393281
0.374465146662
0.369252296459
0.370635764504
0.365978693125
0.36663193217
0.362693438559
0.362369304995
0.359784274415
0.357408931212
0.356790743569
0.353510191706
0.35142839389
0.350409060042
0.347983443071
0.344903179168
0.342183086507
0.339837720183
0.337905978384
0.337667035249
0.347287355629
0.399051409799
0.373850804486
0.325608947826
0.354309642196
0.330172152123
0.326716120323
0.343571433339
0.318994008843
0.334771679178
0.337080000704
0.307451427262
0.334165265478
0.314679636882
0.303498734634
0.321528147147
0.309368111702
0.294947238289
0.308170639283
0.310173940821
0.293861752297
0.291774278065
0.300875918134
0.296202421762
0.286375743072
0.290587758397
0.292562881434
0.284302694672
0.284604840723
0.288079715155
0.282672605381
0.280594933543
0.283421354295
0.279577242421
0.278042775317
0.279773672511
0.276515821116
0.27575064195
0.276198195281
0.273306929542
0.273777254831
0.272588182678
0.270876362476
0.271074391538
0.268941987491
0.268848857299
0.267361354236
0.266491564331
0.265469689882
0.264297277778
0.26331979346
0.262090119435
0.260866288817
0.25981860621
0.258239540358
0.257281969523
0.255592522689
0.254204739101
0.252918513031
0.251133147163
0.249373893078
0.247824099309
0.246247406122
0.244574125683
0.243101067674
0.242713059229
0.248459097464
0.274957780081
0.255681130245
0.231671298564
0.252386909448
0.232204502574
0.234013393524
0.237161354565
0.220847478031
0.23061936815
0.217320177465
