2.55818012308
2.55817655356
2.55816959264
2.5581593913
2.55814607572
2.55812974921
2.55811049404
2.55808837297
2.55806343064
2.55803569475
2.55800517715
2.55797187473
2.55793577016
2.55789683259
2.5578550182
2.55781027061
2.55776252127
2.55771168972
2.55765768375
2.55760039955
2.55753972172
2.55747552326
2.55740766543
2.55733599766
2.55726035724
2.5571805691
2.55709644543
2.55700778527
2.55691437408
2.55681598313
2.556712369
2.55660327283
2.55648841964
2.55636751753
2.55624025677
2.55610630887
2.55596532554
2.55581693755
2.55566075353
2.55549635861
2.55532331304
2.55514115057
2.55494937685
2.55474746753
2.55453486638
2.55431098307
2.55407519096
2.55382682451
2.5535651766
2.55328949559
2.55299898212
2.55269278557
2.55237000033
2.5520296616
2.55167074088
2.55129214104
2.55089269091
2.55047113931
2.55002614856
2.54955628735
2.54906002281
2.54853571189
2.54798159172
2.54739576903
2.54677620843
2.54612071936
2.54542694162
2.54469232922
2.54391413245
2.5430893777
2.54221484501
2.54128704273
2.54030217913
2.53925613034
2.53814440415
2.536962099
2.53570385745
2.5343638132
2.53293553066
2.53141193582
2.52978523691
2.52804683312
2.52618720931
2.52419581403
2.52206091788
2.51976944853
2.51730679764
2.51465659433
2.51180043827
2.50871758394
2.50538456557
2.50177474979
2.49785779954
2.4935990287
2.48895862138
2.48389068257
2.4783420778
2.47225100699
2.46554524164
2.45813993301
2.44993487038
2.4408110299
2.430626203
2.4192094234
2.40635381744
2.39180737533
2.3752609706
2.35633272996
2.33454756656
2.30931033614
2.27987068913
2.24527737948
2.20431984117
2.1554559432
2.09672851238
2.02568266193
1.93931730472
1.83414759471
1.70653195049
1.5535229433
1.37455761629
1.17405326096
0.963988001858
0.763882601639
0.595327436391
0.472510926833
0.396215537381
0.356575250942
0.34061630593
0.337715762787
0.341049923238
0.346853187458
0.353246116973
0.359370545703
0.364880846652
0.369676179976
0.373766722413
0.377208538356
0.380072497958
0.382429920662
0.384346412083
0.385879682899
0.387079254527
0.387987003944
0.388638026468
0.389061563154
0.389281876529
0.389319028027
0.389189545159
0.388898640543
0.388448997394
0.387840843446
0.387071970355
0.386137697253
0.385030777253
0.383741245788
0.382256210199
0.380559581659
0.37863175433
0.376449244282
0.37398431479
0.371204639753
0.368073100229
0.364547882201
0.360583164123
0.356130876058
0.351144309666
0.345584786337
0.339433131495
0.332708191561
0.325494524345
0.317979368159
0.310492510199
0.303528470375
0.297708565566
0.29362528146
0.291543804715
0.291062354347
0.291010442667
0.289870286681
0.286631703466
0.281474616885
0.275653596856
0.270637078503
0.267228217476
0.265300254899
0.264131269441
0.262919394578
0.261159047768
0.258806976067
0.256265481134
0.254171504548
0.25298218069
0.252551748966
0.252155261861
0.251156291827
0.249663875236
0.248331288091
0.247557832801
0.247111906421
0.246491264055
0.245475521558
0.2443178801
0.243420552687
0.242801086066
0.242054627514
0.241001614923
0.239974592552
0.239207019621
0.238469167244
0.237545966655
0.236628550144
0.235928148622
0.235244353061
0.23443512911
0.233737455196
0.233162119569
0.232499543658
0.231851064276
0.231308201581
0.230682123225
0.230044972959
0.229459393568
0.228781381719
0.22811544799
0.227440261626
0.226699497072
0.225992151224
0.225223544897
0.224471305958
0.223686402391
0.222895251706
0.222087295078
0.221265456223
0.220425938175
0.219577035321
0.218703052052
0.217830930393
0.216927979443
0.216024151327
0.215105786012
0.214164048311
0.213215061758
0.212253704387
0.211271133001
0.210268159894
0.209247212421
0.208207425487
0.207147971442
0.206073381868
0.205027461456
0.204332266812
0.207151403452
0.23245837538
0.284400689957
0.319801765131
0.290247654204
0.200791743053
0.384705700951
0.197000288247
0.265250665239
0.304935089378
0.312815649329
0.294954626523
0.248190442025
0.196416395047
0.252972032329
0.296428479582
0.235971388158
0.19432642297
0.214599750951
0.244658362988
0.266258621833
0.27944103369
0.286779498577
0.289036799085
0.286800300509
0.280217783095
0.269310121865
0.254203134045
0.235608010235
0.215646368353
0.198742137589
0.191145671088
0.196732758105
0.210763818262
0.224119374002
0.231526156295
0.230056332719
0.220780236328
0.20813135175
0.197214479904
0.191179240864
0.190314728593
0.192919473813
0.196767548387
0.200105989391
0.201935338493
0.201921145737
0.200146725219
0.197111942314
0.193659754134
0.190817105331
0.189468178078
0.189898019392
0.191500218544
0.19306239093
0.193535289519
0.19268446608
0.191071187685
0.189635869116
0.189035588124
0.189300460896
0.189974333481
0.190509353026
0.190572799686
0.190150541536
0.189471818595
0.188898110346
0.188709652806
0.188911900395
0.189228361401
0.189336655372
0.189132434117
0.188768554994
0.188506475377
0.188481261418
0.188609611809
0.188703157201
0.188644743319
0.188460145142
0.188284447178
0.188231483601
0.188280794851
0.188308599106
0.188235331219
0.188102360587
0.188012500093
0.188001509676
0.188005005858
0.187953978541
0.187855966163
0.187777331858
0.187748275703
0.187721778442
0.187651311911
0.187564671435
0.187509002346
0.187468144041
0.187399334529
0.187313537378
0.187247987789
0.187189077824
0.187105994843
0.187019182609
0.186947268077
0.186864168234
0.186767146182
0.186679678525
0.186587267649
0.186480911399
0.186380218513
0.186273107343
0.186155458194
0.186041136547
0.185916001542
0.185786501858
0.18565420866
0.185511130186
0.185367059003
0.185212132462
0.18505390057
0.184886251377
0.184713133472
0.184530971766
0.184342432943
0.184144093099
0.183939140548
0.183723455145
0.183500384839
0.18326694543
0.183023622464
0.182771268282
0.182507676285
0.182233156395
0.181948252133
0.181652142189
0.181344128343
0.181024001347
0.180692017326
0.180349449695
0.180004613077
0.179708015507
0.179855683742
0.182808469379
0.206356871466
0.178325902276
0.200621768309
0.203925103522
0.1986073126
0.207155704472
0.183161022308
0.198408385388
0.214316004595
0.194850260335
0.176005311688
0.20477041267
0.195523654218
0.174898601517
0.189877357598
0.201784728218
0.200956852929
0.188461024395
0.175308644516
0.177747135061
0.189945310719
0.191973651523
0.181249808194
0.173550511799
0.176068396762
0.181846940431
0.183683293248
0.180143571231
0.174680921222
0.17314053518
0.176732976586
0.178730914599
0.175646389371
0.172760728849
0.173803596383
0.175846450253
0.175593895928
0.173425745244
0.17248757352
0.173862023731
0.174408031852
0.172968576118
0.172285058631
0.173123032592
0.173434297105
0.172576589426
0.172071776496
0.17263592878
0.172714524337
0.172033613501
0.171967428003
0.172320612966
0.172091756151
0.171696897709
0.171874389301
0.171919208011
0.171566105218
0.171556843286
0.171652243952
0.171415448493
0.171317407834
0.171390471615
0.171203603074
0.171116350701
0.171137078462
0.170970200261
0.170910269315
0.170876578022
0.1707223385
0.170698092097
0.170582984871
0.17049122905
0.17042254678
0.170293767284
0.17023082184
0.170093518328
0.170018927046
0.169879052995
0.169788997358
0.169646419788
0.169538513424
0.169397416393
0.169261194263
0.169127848383
0.168965146678
0.168817386054
0.168659931457
0.168480947175
0.168301785992
0.168124343088
0.167939307859
0.167744894597
0.167552397383
0.167392098238
0.167440248272
0.168234282863
0.172896830446
0.183192268836
0.182978024473
0.16682163605
0.199383501303
0.185676407341
0.18691233857
0.182912762433
0.164884845217
0.174663628331
0.165200901336
0.174528967718
0.166838938694
0.168575946973
0.170882166242
0.163533261153
0.170901046428
0.165594198716
0.164851634928
0.168341220011
0.163449119046
0.165483037335
0.165216079193
0.162983147224
0.165501971846
0.162455266893
0.164252667342
0.162829815497
0.162927707575
0.163303575919
0.161814152163
0.163133604764
0.161487749712
0.162583290524
0.161313024495
0.162165356453
0.161096718394
0.161714581351
0.160910219672
0.161416622434
0.160626799793
0.161062668762
0.160391094653
0.16075453835
0.160223167751
0.160303759344
0.160090392425
0.159845986494
0.159939275152
0.159549583372
0.159560116944
0.159448817735
0.159135290682
0.159129311539
0.159076301341
0.158787292259
0.158547435246
0.158427601607
0.158392572696
0.158545956882
0.158955918271
0.160485762216
0.162208365396
0.169594967282
0.157408247149
0.173986062651
0.159476247424
0.166626402421
0.156892823151
0.164855222556
0.162122360132
0.157286637339
0.163738376781
0.161218889599
0.155712272556
0.160568694228
0.159150527417
0.155603964951
0.159243737254
0.157574572433
0.155365545782
0.15828564736
0.155492364964
0.15613228422
0.156899121328
0.154782586409
0.156321549092
0.155247211655
0.155080501832
0.155639053529
0.154411906156
0.155384308358
0.154355661605
0.154835992129
0.154465765511
0.154355046923
0.154344814074
0.154118386172
0.154130488277
0.153901012747
0.153865210494
0.153794003089
0.153570345261
0.153692493624
0.153310133386
0.153445315936
0.153175086652
0.153098685332
0.153108212931
