1.20081261876
1.19980800599
1.19785118969
1.19498899468
1.19126312419
1.18671061981
1.18136431407
1.17525327293
1.16840322711
1.1608369917
1.15257487473
1.14363507524
1.13403407212
1.12378700466
1.11290804599
1.10141077015
1.0893085134
1.07661472992
1.06334334134
1.04950907948
1.03512782022
1.02021690644
1.00479545658
0.988884654914
0.972508018456
0.95569163495
0.938464365349
0.920858003804
0.902907387705
0.88465045023
0.866128208081
0.847384677757
0.828466714804
0.80942377212
0.790307575532
0.771171717472
0.75207117262
0.733061742702
0.714199441061
0.695539830991
0.677137334844
0.659044533401
0.641311476633
0.623985027676
0.607108261384
0.590719937174
0.574854063186
0.559539565013
0.544800067843
0.530653795958
0.517113588528
0.504187025914
0.491876656489
0.480180310547
0.469091485471
0.458599784858
0.448691393957
0.439349574269
0.430555161493
0.422287052894
0.414522672459
0.407238404695
0.400409990403
0.394012880137
0.388022543197
0.38241473181
0.377165701666
0.372252391117
0.367652562166
0.363344906895
0.359309123292
0.355525964459
0.351977265153
0.34864594936
0.345516022344
0.342572550284
0.339801630234
0.337190352805
0.334726759611
0.332399797188
0.330199268821
0.328115785402
0.326140716264
0.324266140672
0.322484800522
0.320790054634
0.319175834897
0.317636604442
0.316167317923
0.31476338393
0.313420629521
0.312135266785
0.310903861383
0.309723302935
0.308590777148
0.307503739569
0.306459890832
0.305457153292
0.304493648925
0.3035676784
0.302677701224
0.301822316876
0.301000246869
0.300210317665
0.299451444416
