1.28891170958
1.28880401928
1.28859408339
1.28828659261
1.28788554616
1.28739430858
1.28681566134
1.28615184973
1.28540462529
1.28457528436
1.28366470291
1.28267336822
1.28160140759
1.28044861444
1.27921447213
1.27789817574
1.27649865208
1.27501457819
1.27344439862
1.2717863416
1.27003843445
1.26819851837
1.26626426284
1.26423317982
1.26210263798
1.25986987712
1.25753202305
1.25508610301
1.25252906188
1.24985777951
1.24706908908
1.24415979696
1.24112670411
1.23796662926
1.23467643408
1.23125305043
1.22769351001
1.22399497641
1.22015477978
1.21617045433
1.21203977846
1.20776081794
1.20333197183
1.1987520213
1.19402018106
1.18913615339
1.18410018435
1.17891312181
1.1735764749
1.16809247414
1.16246413162
1.15669530024
1.15079073109
1.14475612768
1.1385981958
1.13232468748
1.12594443761
1.11946739133
1.11290462081
1.10626832934
1.09957184134
1.09282957647
1.08605700653
1.07927059389
1.07248771058
1.06572653733
1.05900594268
1.05234534227
1.04576453923
1.03928354693
1.03292239602
1.0267009278
1.02063857675
1.01475414487
1.00906557117
1.00358969925
0.998342046199
0.99333657591
0.988585479607
0.984098966461
0.979885066961
0.975949451784
0.972295269073
0.968923003393
0.965830360202
0.963012180348
0.960460389944
0.958163991771
0.956109105015
0.954279060568
0.952654559015
0.951213897804
0.949933272686
0.948787156375
0.947748754437
0.946790534758
0.945884822698
0.945004449353
0.944123435352
0.943217687574
0.942265681121
0.941249094139
0.940153358744
0.938968087918
0.937687336219
0.936309652608
0.934837887694
0.933278726935
0.931641937411
0.92993934006
0.92818355229
0.926386586288
0.924558432368
0.922705796917
0.920831190131
0.918932556427
0.917003597043
0.915034841732
0.913015387426
0.91093505568
0.908786566053
0.906567232016
0.90427971312
0.901931534167
0.899533396644
0.897096687794
0.894630915261
0.892141920567
0.889631554602
0.887099032414
0.88454354951
0.881967170152
0.879376755094
0.876783970805
0.874203211699
0.871648300977
0.869129606891
0.866653178425
0.864222454348
0.86184147239
0.859517342785
0.857260065088
0.855079633442
0.852982539752
0.850970429031
0.849041970718
0.847196192546
0.845434095355
0.843756942183
0.842163017733
0.840646454833
0.839199561135
0.837815927019
0.836490493726
0.8352166714
0.833984704286
0.832783813031
0.831605091311
0.830440984073
0.829282718997
0.828120576825
0.826946965526
0.825757159677
0.824547041635
0.823313059731
0.82205481509
0.820774778673
0.819475754504
0.818161549758
0.816838186647
0.815511456231
0.814186000583
0.812866748559
0.811557170869
0.810258587284
0.808971975792
0.807696743241
0.806431323975
0.80517448646
0.803924159155
0.802678999802
0.801437711357
0.800199339709
0.798963643285
0.797730580776
0.7965009632
0.795275520201
0.794055110087
0.792839503044
0.791627245953
0.790415336625
0.789199620197
0.787975726678
0.786739663555
0.785488696052
0.784221251699
0.782936313936
0.781632788293
0.780308807312
0.778961390223
0.777586709472
0.776180875145
0.774740749371
0.773264178406
0.771749807444
0.770201288366
0.768686258951
0.768053940118
0.779995740614
0.926237502204
1.10714366399
1.22736221425
1.17988756708
1.0789087382
1.07274647819
1.10472186809
1.1355455997
1.15702357644
1.16618407717
1.16352510674
1.15122156864
1.13340943241
1.11444750339
1.09624616864
1.0826192101
1.07459416185
1.06847688274
1.05352063192
1.00849751135
0.95542302809
0.955979455087
0.929728505478
0.901727532097
0.905224984666
0.881272921741
0.806728112073
0.792569790691
0.80366647686
0.814255046176
0.853939928756
0.840900326544
0.782541717884
0.785410664001
0.797358378496
0.767619465941
0.780323745904
0.820715383075
0.787247858544
0.853001172468
0.783968566446
0.811747625534
0.825584643152
0.786721418002
0.816449589042
0.757010368741
0.779728135526
0.747732351674
0.787077610004
0.730954112301
0.756424344177
0.742531388973
0.762691803812
0.746435945454
0.747464566436
0.737459051988
0.751773519477
0.729024627249
0.734346281163
0.724420249019
0.729454823048
0.726932728932
0.721689442297
0.728220761203
0.720967272678
0.720829473031
0.722273146767
0.716357832087
0.716052213711
0.716980373534
0.713482138515
0.710150288419
0.709630929946
0.712471605466
0.714894139101
0.716277197793
0.711053887773
0.711230565386
0.711084322484
0.722671936137
0.728589523351
0.751810609832
0.720119216987
0.71134179315
0.712749445235
0.759495898652
0.693275745778
0.738790508453
0.709352555692
0.713180477165
0.714932403867
0.685539215512
0.708197864544
0.684135481998
0.695824463986
0.700004512299
0.680982761928
0.706542488765
0.701650053253
0.678016842849
0.712617944616
0.677863258838
0.694313862134
0.677729216312
0.679257758885
0.685359259909
0.670717735617
0.688797132577
0.674880422998
0.671026821465
0.68523886923
0.674574748699
0.664348828999
0.68104122575
0.689597441565
0.661304375623
0.675545329851
0.70526883067
0.668890794899
0.720739252518
0.666674647075
0.694594623681
0.719504354661
0.659754584188
0.693856800593
0.717957375316
0.652391642165
0.682089960336
0.717551524136
0.70961094291
0.668774438677
0.64925005907
0.677851475383
0.702567844269
0.682563854077
0.650831015491
0.651219292412
0.670634665145
0.677357358812
0.663369998957
0.646191251158
0.649021458946
0.662618797391
0.659355830395
0.645595955665
0.645386666809
0.653587498508
0.653170872822
0.644763024109
0.643245064148
0.649064606387
0.647165857453
0.641617657041
0.643861279995
0.646167033326
0.642538352656
0.640773205534
0.643485210615
0.64214799044
0.639768442892
0.641400757844
0.641108534702
0.638963802047
0.639937332652
0.639696399128
0.638080317185
0.638879953553
0.63819970843
0.637215952909
0.637764481081
0.636650276687
0.636482439686
0.636307012557
0.635405109016
0.635541013013
0.634626363018
0.63453524832
0.633871411853
0.63352161584
0.632971235376
0.632530799153
0.631947135901
0.6315108863
0.630804507094
0.630400990724
0.629618318059
0.629099035391
0.62844597285
0.627637120432
0.627011062457
0.626306109923
0.62542262939
0.624531771656
0.62368227118
0.622853460134
0.622116306237
0.621854793462
0.62456008382
0.638148607376
0.707805829846
0.624227401272
0.725574987174
0.640284104316
0.674874859168
0.613332395473
0.673686902833
0.630568286208
0.629265423789
0.654095306491
0.613026620834
0.638376400463
0.647003228427
0.606442021091
0.63365832927
0.647446893898
0.619130553112
0.606794184207
0.631692211044
0.63258028802
0.607687356789
0.606456452313
0.621004874946
0.618462135843
0.603164204171
0.60527367821
0.615003109317
0.605715819483
0.600268771884
0.607592062326
0.606669348682
0.599167889512
0.602258978068
0.604385155176
0.598325426821
0.599837425793
0.601865525685
0.597669819513
0.597865932522
0.599717068707
0.596400749229
0.596767682802
