1.03882162633
1.03880808355
1.03878167932
1.03874299707
1.03869253053
1.03863069103
1.03855781401
1.03847416501
1.0383799449
1.03827529461
1.03816029935
1.03803499241
1.03789935845
1.03775333649
1.03759682255
1.03742967196
1.03725170143
1.03706269083
1.03686238479
1.0366504941
1.03642669692
1.03619063986
1.03594193891
1.03568018031
1.03540492123
1.03511569051
1.03481198922
1.03449329123
1.0341590438
1.03380866805
1.03344155957
1.03305708893
1.03265460235
1.03223342229
1.03179284824
1.03133215754
1.03085060632
1.03034743052
1.02982184719
1.02927305576
1.02870023972
1.02810256829
1.0274791985
1.02682927742
1.02615194467
1.02544633529
1.02471158287
1.02394682307
1.02315119746
1.02232385779
1.02146397066
1.02057072261
1.0196433257
1.01868102347
1.01768309746
1.01664887418
1.01557773254
1.01446911177
1.01332251986
1.01213754234
1.01091385157
1.00965121635
1.00834951186
1.00700872986
1.00562898901
1.0042105453
1.00275380235
1.00125932157
0.99972783184
0.998160238733
0.99655763286
0.994921297239
0.993252713366
0.991553565708
0.989825744331
0.988071345316
0.986292668632
0.984492213132
0.982672668298
0.980836902407
0.978987946784
0.977128975832
0.975263282583
0.973394249547
0.971525314716
0.969659932661
0.967801530741
0.965953460599
0.964118945186
0.962301021762
0.960502481427
0.958725805929
0.956973102636
0.95524603875
0.953545775993
0.951872907133
0.950227395885
0.948608521801
0.947014831903
0.945444100826
0.943893301305
0.942358586856
0.940835288425
0.939317926789
0.937800242348
0.936275243904
0.934735277814
0.933172118797
0.931577083423
0.929941167013
0.928255204315
0.926510053713
0.924696803971
0.92280700135
0.920832893419
0.918767683757
0.916605789076
0.914343086938
0.911977138387
0.90950736579
0.906935162516
0.904263908932
0.901498869978
0.898646955179
0.89571633444
0.892715923818
0.889654784672
0.886541514506
0.883383741369
0.880187854441
0.876959096392
0.873702094272
0.870421809128
0.867124751314
0.863820172769
0.860520863528
0.857243205378
0.854006303359
0.850830302438
0.847734310529
0.844734553286
0.841843357496
0.839069260697
0.836418066637
0.83389421578
0.831501657774
0.82924365445
0.827121563257
0.825133357906
0.823272977317
0.821531199511
0.819897707224
0.818363024431
0.816918933866
0.815557115383
0.814267264304
0.813036479334
0.811850602428
0.810696351264
0.809562297335
0.808437950933
0.807312332592
0.806174102575
0.805013512361
0.803824096219
0.802602280049
0.801345939535
0.800054420797
0.798730150825
0.797379133493
0.796009114286
0.794627972485
0.79324426958
0.791867457039
0.790505663706
0.789164067397
0.787845832044
0.786552276749
0.785281747996
0.78403095557
0.782796841091
0.781576014646
0.78036561372
0.779164741119
0.777973247011
0.776791851111
0.775621889122
0.774463368658
0.773315187772
0.77217407125
0.771034609785
0.76988995179
0.768731927718
0.767552672395
0.766344858104
0.765102886976
0.763822299537
0.762499730234
0.761131747101
0.75971471683
0.758244500779
0.756716955383
0.755128666609
0.753476894459
0.751759297763
0.749973522373
0.748116626085
0.746184804302
0.744173411121
0.742076430409
0.739887583114
0.737600531976
0.735211563569
0.732719614627
0.730178801369
0.728171881608
0.734371081738
0.828400417771
0.719334727443
0.869886415812
0.914752295832
1.06213043234
1.10549357772
1.12043009596
1.12197949091
1.11313600761
1.09035248942
1.0439003079
0.96635244606
0.895135086959
0.889439560313
0.952139042943
1.00981005575
1.00585703097
0.932376996741
0.848682086191
0.818681134983
0.836597128496
0.858826234351
0.851725389975
0.801995247574
0.73120205096
0.746763564013
0.804926903681
0.746396837567
0.702859848767
0.74292246348
0.778842807383
0.788478321633
0.771284097175
0.738229970434
0.716290537747
0.730545948299
0.753947352473
0.740418444774
0.707801487516
0.699318668965
0.709246605809
0.712780762081
0.70273291182
0.689647262271
0.689927520281
0.700761899712
0.701845904845
0.692597490712
0.689017925818
0.693226161679
0.694804499537
0.689257332116
0.682850557079
0.683651311074
0.685883298112
0.681553376132
0.678521684644
0.681056063103
0.681575189242
0.678444541976
0.677872881506
0.679224106298
0.676802588916
0.675007803537
0.675651074125
0.67439163216
0.672782866979
0.673380552836
0.67260489244
0.671331913914
0.671487936707
0.670395558576
0.66921567691
0.669032883129
0.667688372788
0.667205423998
0.66651089459
0.665499929415
0.664987495828
0.663715811934
0.663057181777
0.661784276748
0.661067413253
0.659824182913
0.658972240356
0.657666332039
0.656580105878
0.655303099353
0.653956557483
0.652772038747
0.651302021805
0.649761855778
0.648309092924
0.646765439934
0.645058181011
0.643250196257
0.641373457284
0.639453846902
0.63757171866
0.63625988211
0.639504773539
0.677680022399
0.634428714719
0.632511723142
0.665570203381
0.624287802734
0.686926328711
0.624769847829
0.655424543246
0.622518708441
0.635954722773
0.622835449019
0.622499222922
0.626734583948
0.607940103484
0.623858989551
0.607024769005
0.616155351087
0.601335753294
0.611321212882
0.602282364728
0.603767422353
0.599995256129
0.595502944626
0.599647461461
0.591069479154
0.597614392032
0.59308688088
0.587832956488
0.594802047281
0.591414935972
0.58247570137
0.590024683098
0.597434229667
0.578917835907
0.58150482116
0.596837885214
0.580503190669
0.571918641352
0.569827646412
0.573584096166
0.590718429032
0.599051899178
0.655606988081
0.597310790336
0.724994792458
0.566097597507
0.64481367881
0.636632974562
0.55836863941
0.651689715066
0.578501133106
0.578623998126
0.623569156407
0.596314148178
0.548042366473
0.593601664188
0.608810852607
0.550501549867
0.557836834425
0.586511568761
0.588789711127
0.564336773207
0.542850590058
0.554685669367
0.571404949558
0.555238930858
0.539392114293
0.548333537156
0.556475150954
0.547582668961
0.53624985559
0.543085507512
0.547922632353
0.537246360663
0.536295572939
0.542236240319
0.538580374896
0.53293071637
0.53699603834
0.536654434014
0.531691511185
0.534166773757
0.534398694107
0.530574180485
0.531742359302
0.531995352869
0.528998012411
0.530092598597
0.529720484195
0.527603322265
0.528636996379
0.527302115883
0.526454254291
0.52678403575
0.525152173316
0.525333643786
0.524460435049
0.523718548845
0.523529233873
0.522346623182
0.522282925266
0.521090811773
0.520889837712
0.519765325829
0.519433212924
0.51836008315
0.517795122903
0.516901583301
0.515980680481
0.515301487853
0.514194067899
0.513260669654
0.512418349709
0.511301852139
0.510094137333
0.508939579782
0.507828302068
0.506783501358
0.50606333311
0.507464350521
0.515695930512
0.56202978934
0.500156397401
0.572189394292
0.526183525226
0.541544531393
0.513386806658
0.506237889165
0.531721154336
0.525415005677
0.507050950304
0.507655438864
0.51123047207
0.506791129523
0.50428935311
0.488595946198
0.504398915626
0.483704077012
0.509125108212
0.4802339357
0.498203087528
0.481264270713
0.494890869116
0.47613669014
0.488189365464
0.474704336336
0.486701277753
0.473235224788
0.479134627572
0.472692126438
0.472110933312
0.475205546941
0.467457719785
0.473349846724
0.470926021488
0.46478033889
0.471202268599
0.471604831736
0.461358776784
0.467309708148
0.474691970669
0.460067462213
0.459251072447
0.469809959386
0.467077037127
0.46720935863
0.457753416836
0.453797534508
0.451608632851
0.452468248834
0.459179325751
0.498844630336
0.444946161688
0.489731649876
0.462205073762
0.466706158469
0.461793241777
0.439567473042
0.459151750579
0.442327781995
0.454438874162
0.435547075329
0.448288547904
0.43414761146
0.447262402016
0.430725414575
0.439988715352
0.429375243469
0.434363434476
0.432883207547
0.427110630978
0.434834099085
0.428106584168
0.424775842633
0.431712905712
0.428207137863
0.420639671694
0.426548506777
0.433501814425
0.421047924382
0.417150109353
0.422143478274
0.426427147468
0.431981898375
0.420766023561
0.415748199151
0.41264205045
0.411977328688
0.414804632462
0.435696283518
0.410551885767
0.40952237363
