0.368428022206
0.368302609097
0.368057997897
0.367699417267
0.367231199238
0.366656861057
0.365979179916
0.365200261446
0.364321602847
0.363344151542
0.3622683602
0.361094238921
0.359821405284
0.358449132869
0.356976398696
0.355401929889
0.353724249623
0.351941722178
0.350052596637
0.348055048466
0.345947217941
0.34372724425
0.341393294089
0.338943583994
0.336376396525
0.333690092105
0.330883120879
0.327954042726
0.324901568444
0.321724641051
0.318422582571
0.314995337689
0.311443849676
0.307770603877
0.303980366902
0.300081132111
0.296085250269
0.29201067519
0.287882185716
0.283732360029
0.279601988811
0.275539553291
0.271599421527
0.267838597793
0.264312214571
0.261068396975
0.258143468562
0.255558522832
0.253318096377
0.251411145461
0.249813946999
0.248494126445
0.247414890713
0.246538712023
0.245830044743
0.245256996794
0.244792106191
0.244412467141
0.244099446683
0.243838184151
0.24361700848
0.24342685902
0.243260758246
0.243113358681
0.242980569334
0.24285925705
0.242747013173
0.242641974329
0.242542686456
0.242448002481
0.242357005731
0.242268952735
0.242183230577
0.2420993251
0.242016797269
0.24193526571
0.241854394034
0.241773881999
0.241693459896
0.241612885811
0.241531945627
0.241450455752
0.241368268662
0.241285281343
0.241201446589
0.241116786871
0.241031409998
0.240945525067
0.240859456239
0.240773650672
0.240688675856
0.240605200814
0.240523955986
0.240445668559
0.240370974424
0.240300314652
0.240233832834
0.240171297391
0.240112076674
0.24005519019
0.239999443833
0.239943631757
0.239886759339
0.239828222843
0.239767883982
0.239706006587
0.239643069378
0.239579513933
0.239515509503
0.239450806565
0.239384715264
0.239316200684
0.23924405174
0.239167063676
0.239084175615
0.238994519209
0.238897357038
0.238791916938
0.238677157757
0.238551526517
0.238412774349
0.238257877532
0.238083066014
0.237883938083
0.237655718197
0.23739397196
0.237096455624
0.236766618912
0.236416754809
0.23606253723
0.23570019584
0.23528565614
0.234766116754
0.234150277166
0.233503339526
0.232850384416
0.232141476799
0.231345013634
0.230522180434
0.229695839639
0.228771836104
0.227817805702
0.226888663935
0.225878653545
0.224892252618
0.223891466554
0.222883533011
0.221887092645
0.220891331485
0.219922515638
0.218953175052
0.218013348844
0.217094185167
0.216190562163
0.215334069003
0.214501007873
0.21373308493
0.213011048152
0.212348434969
0.211748074976
0.211190747462
0.210675663287
0.210196899808
0.20973391432
0.209287118571
0.208849833035
0.208408227075
0.20796264928
0.20751105041
0.207050138849
0.206576728431
0.206088001793
0.205583167853
0.205060594225
0.204518492778
0.203957699891
0.2033806209
0.202791917929
0.202209054803
0.201819398679
0.203949723964
0.223063840826
0.21234676614
0.23938139841
0.202178286747
0.214085584922
0.213245516346
0.203415611772
0.212854581483
0.207489152954
0.20413343997
0.210437689654
0.205213382718
0.199214570558
0.207005462713
0.198623062597
0.202272945352
0.199234566847
0.197671638951
0.199381282961
0.197509453504
0.199048686241
0.195628668392
0.198168322814
0.194001452339
0.196237424519
0.19418348445
0.19500136256
0.193042573582
0.193636350382
0.192627846262
0.192769631228
0.193182635577
0.191615330262
0.194141419706
0.193959790342
0.192787808455
0.197335062181
0.200849526079
0.199352863758
0.195514133221
0.192750037894
0.190959437232
0.200829363309
0.197846403098
0.204137163256
0.187898132676
0.226997744197
0.18823564394
0.199309711198
0.202277432571
0.193503647848
0.187902458508
0.200377945108
0.188519108203
0.190263873727
0.193311415286
0.193985634391
0.189750686011
0.186378304164
0.192846365137
0.186061550665
0.187833865967
0.189422778627
0.187502580283
0.185271666287
0.188719432787
0.18474802235
0.186589818988
0.185864432377
0.184136361638
0.185883579246
0.184228481606
0.185214243022
0.183092390881
0.185494713229
0.1836093935
0.184207720024
0.182560790313
0.182834561029
0.183553447992
0.18224181559
0.18494029055
0.184546727378
0.183328083971
0.187524743491
0.188210247073
0.189856720765
0.18171296734
0.205578280847
0.1845674794
0.191582276734
0.190802362884
0.182248880537
0.201372736496
0.180205046512
0.186988437262
0.190160557726
0.186869940453
0.179748672903
0.193560259845
0.180053507397
0.18404500924
0.187227418708
0.185613931193
0.180511032513
0.184892413572
0.180400269603
0.181479635796
0.183302279928
0.180629068659
0.1803262749
0.180105626611
0.179982520991
0.180646340911
0.178107859473
0.180575870019
0.179346161584
0.17971516934
0.178263320116
0.177577619234
0.178602526484
0.177008216827
0.179137754819
0.179928683207
0.178075317678
0.184432310992
0.186524932215
0.190370294755
0.182012060654
0.196773887387
0.177827610258
0.183629953979
0.182879544019
0.176530752691
0.185170208294
0.176619875986
0.181529713184
0.178055820953
0.179023402162
0.176069354003
0.178148391491
0.177130722147
0.17701826628
0.175083540022
0.176307403223
0.174897845888
0.176632913565
0.175520636493
0.175219295682
0.176160357971
0.175465244678
0.174136203153
0.176413509956
0.178503645209
0.17414715027
0.184325575271
0.17848467918
0.181456994998
0.174104260084
0.187223212751
0.174230701753
0.179957365974
0.17830525428
0.174026651014
0.177940897471
0.176042867335
0.17711285599
0.17335170205
0.177011525151
0.176050481849
0.175498060258
0.17532037356
0.172627595491
0.173861553834
0.173027752613
0.172327483059
0.17386497045
0.171967255672
0.172404448449
0.173975119917
0.171537057941
0.172163728523
0.174302126796
0.171569180363
0.171249444812
0.173162055671
0.173025894439
0.173918880342
0.171481831283
0.170716193856
0.170442375466
0.170370081316
0.170576119967
0.171898455075
0.179462855465
0.17073706292
0.189378286957
0.179676475075
0.186786823684
0.183560746231
0.17107270623
0.197617266138
0.173064112033
0.180435378708
0.185877117268
0.183591928743
0.1768059883
0.172184239445
0.181436659494
0.170981863757
0.173852601371
0.177154620521
0.175192200428
0.169675958153
0.175349458917
0.171032760599
0.171165596791
0.173682419877
0.170311493544
0.170697008559
0.171673314194
0.169038335777
0.171372894398
0.169422501843
0.169632411822
0.169894075559
0.168676213046
0.169857938042
0.168275230817
0.169423865352
0.16822366645
0.168835983524
0.16838292314
0.168408538378
0.168241204489
0.168235477296
0.16809656522
0.168096539882
0.167821962991
0.167999997618
0.167694895271
0.167862242153
0.167646183952
0.167585034354
0.167599718192
0.167449171437
0.16736400349
0.167387430264
0.167312806263
0.167142710836
0.16712037783
0.167206189664
0.167148252417
0.167026637589
0.166900912421
0.166842029729
0.166883838698
0.167255496019
0.16833621098
0.17321347895
0.173865176017
0.183445400408
0.181767477632
0.175160450049
0.192183416789
0.184120839804
0.189560163097
0.192630375208
0.183699313507
0.172118554328
0.202007223311
0.169594276725
0.180621139412
0.189680536345
0.188778178617
0.184477240207
0.182888109733
0.174279867891
0.171963648999
0.181084385981
0.172436481284
0.171226113209
0.174207356565
0.176217979597
0.173743907083
0.167859034687
0.171435828611
0.172384548686
0.16738576217
0.169554637975
0.171074480175
0.167711795553
0.167130337337
0.169570777139
0.166191151213
0.167420002258
0.167998043754
0.16568733107
0.167053702563
0.166465382328
0.165581296315
0.166677088135
0.165401471443
0.16583023166
0.165734862495
0.165212221779
0.165719550842
0.164994343874
0.165416064579
0.164965072303
0.165103222693
0.164973994552
0.164866445867
0.164874614181
0.16475058478
0.164746624253
0.164630289876
0.164645647961
0.164520086673
0.164560003087
0.164394870289
0.164457250061
0.164317734862
0.164314073612
0.164318043757
0.164159547188
0.164234665429
0.164157202097
0.164045394067
0.164087137385
0.16404730266
0.163950185565
0.163916213359
0.163887724756
0.163842891584
0.163811347423
0.163870053351
0.164260513548
0.165287110358
0.168283769784
0.167904865105
0.176978421295
0.170516131646
0.187023330675
0.167627227127
0.175421153266
0.169515270665
0.166685313121
0.170803886383
0.167292979764
0.170652841431
0.165103841153
0.170412043172
0.165002140712
0.167476490537
0.165020899292
0.167074353982
0.164954013792
0.165389845517
0.164324266044
0.165606513845
0.164229614661
0.16538040177
0.163137286253
0.164495951266
0.16332273443
0.163433208182
0.164301105786
0.162447962618
0.164228029006
0.163411328263
0.162564995795
0.163969752349
0.163734419773
0.163104895618
0.16389903728
0.163091037616
0.164063266558
0.167069741079
0.164161337177
0.163332070018
0.163320892547
0.165119450201
0.163755836148
0.164258738727
0.164019122884
0.168066636941
0.16768430453
0.18628048108
0.185275039547
0.181483984414
0.193030574064
0.182037460652
0.179197184925
0.178087406374
0.178319156205
0.186477709824
0.202922769999
0.199813626532
0.191565014808
0.187175186812
0.164553366793
0.195294643525
0.178920158571
0.181126187689
0.18151618195
0.178998700389
0.184509843231
0.179969720007
0.166592320534
0.175411912928
0.182462143708
0.17297650124
0.171511099012
0.172317480621
0.170686887674
0.170042341492
0.168672047315
0.16911091556
0.165933314363
0.166687488262
0.168914839572
0.165781158721
0.163197193404
0.166408742958
0.16518264032
0.162333391521
0.164843474156
0.16432669985
0.161748572239
0.163732181547
0.162607097931
0.161624506943
0.162952858999
0.16127342302
0.161970252926
0.161650095385
0.161218667684
0.16161370964
0.160847175996
0.161248715096
0.160768662275
0.160954519832
0.160637693782
0.160772066767
0.160529759008
0.160591927928
0.160390948559
0.160427280811
0.160349504854
0.160261228679
0.160355539626
0.160132671642
0.160251253716
0.160107298187
0.160089915563
0.160098326397
0.160038744399
0.159951481678
0.160007951255
0.159955658007
0.159841690003
0.159843423734
0.159855022971
0.159823136864
0.159790096584
0.159752747296
0.159706765616
0.159706929986
0.159798092038
0.160154671683
0.160870616888
0.162705674482
0.16125201987
0.161611668117
0.161718754678
0.163652599743
0.16159588072
0.162476964203
0.163157374597
0.167466780867
0.161385649904
0.165011867161
0.168795022227
0.163488691805
0.164623993266
0.181176994707
0.170117670296
0.181359424924
0.178912057879
0.185502243735
0.184084460031
0.174782731509
0.17119046179
0.167841055026
0.166941934027
0.17691098572
0.166945741558
0.177028228815
0.172140735229
0.16619649514
0.16751197492
0.170735747975
0.166391203102
0.161600859583
0.168955578855
0.164145171225
0.162062702432
0.165518873449
0.163894140321
0.161270978101
0.162813881413
0.162179866793
0.160989950571
0.161793339472
0.160450640589
0.161026759894
0.159801170224
0.16065268773
0.159338125695
0.160459573609
0.158757218816
0.160198994574
0.158474323383
0.160262493699
0.158500422059
0.159192925195
0.158902289884
0.15846726887
0.158733266807
0.158669498289
0.158195997308
0.158263369575
0.158556525712
0.158084896218
0.158085914497
0.158141405477
0.158169051833
0.158039655678
0.157792982543
0.157824788629
0.157933951398
0.157953714053
0.157934394454
0.157945739476
0.157796351904
0.157816121357
0.157879093966
0.158056169604
0.158261810274
0.158910665925
0.158705923815
0.159524298116
0.159290542972
0.161056937986
0.159791854398
0.161722636084
0.160302914078
0.163784740322
0.160579872159
0.165924960327
0.173431999661
0.174216524495
0.1696240034
0.180073678333
0.159087133379
0.169372876938
0.161335290434
0.16354095529
