0.49915184162
0.499024211736
0.498775451719
0.498411209418
0.497936350672
0.497355023762
0.496670718726
0.495886321897
0.495004165994
0.49402607613
0.492953412095
0.491787107253
0.490527704391
0.489175388844
0.487730019213
0.486191155957
0.484558088166
0.482829858754
0.481005288355
0.479082998146
0.47706143183
0.474938876996
0.472713486058
0.470383296971
0.467946253887
0.465400227947
0.462743038334
0.459972473751
0.457086314443
0.454082354891
0.450958427252
0.447712425656
0.444342331406
0.440846239127
0.437222383879
0.433469169238
0.429585196298
0.425569293534
0.421420547427
0.417138333704
0.412722349034
0.408172642947
0.403489649719
0.398674219925
0.393727651291
0.388651718464
0.383448701246
0.378121410814
0.372673213405
0.367108050917
0.361430457839
0.355645573938
0.3497591521
0.343777560759
0.337707780354
0.331557393319
0.325334567163
0.319048030292
0.312707040318
0.306321344737
0.299901133977
0.293456987007
0.286999809831
0.280540767398
0.27409120961
0.267662592308
0.261266394271
0.254914031404
0.248616769431
0.242385636484
0.23623133706
0.23016416881
0.224193943631
0.21832991443
0.212580708844
0.206954271055
0.201457812611
0.196097773017
0.190879790563
0.185808683653
0.180888442633
0.176122231875
0.171512401665
0.167060509222
0.162767348004
0.158632984347
0.154656800345
0.150837541839
0.147173370354
0.143661917826
0.140300343018
0.137085388565
0.134013437702
0.131080569829
0.128282614168
0.12561520091
0.123073809352
0.120653812663
0.118350519014
0.116159208918
0.114075168715
0.112093720226
0.110210246647
0.108420214846
0.106719194224
0.105102872366
0.103567067732
0.102107739613
0.100720995644
0.0994030970961
0.0981504622281
0.0969596679216
0.0958274498336
0.0947507012787
0.093726471038
0.0927519602736
0.0918245187098
0.0909416402269
0.0901009579951
0.0893002392612
0.0885373798855
0.0878103987137
0.0871174318555
0.086456726931
0.0858266373347
0.0852256165608
0.0846522126227
0.0841050625953
0.0835828873021
0.0830844861632
0.0826087322188
0.0821545673365
0.0817209976107
0.0813070889571
0.0809119629065
0.0805347925988
0.0801747989776
0.0798312471848
0.0795034431541
0.0791907304014
0.0788924870106
0.0786081228115
0.0783370767469
0.078078814427
0.077832825865
0.0775986233931
0.0773757397508
0.0771637263445
0.0769621516688
0.0767705998878
0.0765886695655
0.0764159725418
0.0762521329443
0.0760967863275
0.0759495789325
0.0758101670556
0.0756782165184
0.0755534022281
0.0754354078191
0.0753239253652
0.0752186551534
0.0751193055088
0.0750255926623
0.0749372406502
0.0748539812407
0.0747755538752
0.0747017056209
0.0746321911261
0.0745667725726
0.0745052196209
0.0744473093427
0.0743928261377
0.0743415616314
0.074293314551
0.074247890578
0.0742051021752
0.0741647683872
0.0741267146139
0.0740907723554
0.0740567789281
0.0740245771513
0.0739940150033
0.0739649452462
0.0739372250177
0.0739107153882
0.073885280881
0.0738607889521
0.0738371094257
0.0738141138798
0.0737916749759
0.0737696657247
0.0737479586774
0.0737264250305
0.0737049336286
0.0736833498482
0.0736615343378
0.0736393415885
0.073616618301
0.0735932015074
0.073568916398
0.0735435737904
0.0735169671654
0.0734888691756
0.07345902751
0.0734271599721
0.0733929485942
0.0733560325686
0.0733159997285
0.0732723762485
0.0732246141702
0.0731720762818
0.0731140178155
0.0730495643854
0.0729776856191
0.072897164134
0.0728065600369
0.0727041723162
0.072588000919
0.072455718009
0.0723046655486
0.0721319114391
0.0719344206478
0.0717094308736
0.0714551516355
0.0711718830073
0.0708634574277
0.0705383673273
0.070209070268
0.0698876880327
0.0695787645943
0.06927510367
0.0689638792397
0.0686399663562
0.0683127986232
0.0679994616568
0.067712009319
0.0674508240579
0.0672074647665
0.0669723661771
0.0667411200337
0.0665156499093
0.0663002983015
0.0660963871316
0.0659002051816
0.0657062832353
0.0655123659527
0.0653208067083
0.065135272393
0.0649567111871
0.0647829053631
0.0646115857868
0.0644431665374
0.0642800339531
0.0641236983018
0.0639735690362
0.0638286253233
0.0636893555082
0.0635573791023
0.0634336401123
0.0633177746059
0.0632091866294
0.063108026593
0.0630148383623
0.062929681232
0.0628519882143
0.0627811303813
0.0627167876845
0.0626587534068
0.0626066135241
0.0625597461451
0.0625175565836
0.0624796168105
0.0624455965033
0.0624151390742
0.0623878383199
0.0623633069113
0.0623412343912
0.0623213791249
0.062303524133
0.0622874509082
0.0622729481309
0.0622598328783
0.0622479582096
0.0622372027489
0.062227455742
0.0622186105202
0.0622105676746
0.0622032406617
0.062196557187
0.0621904556501
0.0621848803645
0.0621797791137
0.0621751036224
0.0621708110813
0.0621668647
0.0621632327261
0.0621598867855
0.0621568006924
0.0621539502055
0.0621513133768
0.0621488708393
0.062146605646
0.0621445027465
0.0621425484451
0.0621407301145
0.0621390361843
0.0621374562319
0.0621359809886
0.062134602199
0.062133312405
0.0621321047659
0.0621309729784
0.0621299112748
0.062128914435
0.0621279777589
0.062127096995
0.0621262682546
0.06212548795
0.0621247527672
0.0621240596623
0.0621234058548
0.0621227888078
0.0621222061933
0.062121655859
0.0621211358054
0.0621206441749
0.0621201792477
0.0621197394355
0.062119323269
0.0621189293832
0.0621185565034
0.0621182034367
0.062117869067
0.0621175523516
0.0621172523169
0.062116968052
0.0621166987021
0.0621164434626
0.0621162015757
0.0621159723276
0.0621157550465
0.0621155490998
0.0621153538911
0.0621151688571
0.0621149934649
0.0621148272102
0.062114669616
0.0621145202312
0.0621143786291
0.0621142444054
