1.0, -0.596936874098
-1.0, -0.650782411636
-1.0, -0.786080940943
1.0, 0.509854042566
-1.0, 0.999959275796
-1.0, -0.579189848069
1.0, 0.66677646235
1.0, 0.999051877923
1.0, 0.182355200902
-1.0, -0.915536089776
-1.0, -0.792974297179
1.0, 0.775362500556
1.0, 0.999927151997
-1.0, -0.126408784616
-1.0, -0.431421103635
1.0, 0.940475856163
1.0, 0.96465753595
1.0, 0.450585180115
1.0, 0.714074504465
1.0, 0.2321653603
-1.0, -0.757206503704
1.0, 0.847820623393
1.0, 0.782159143514
1.0, 0.821241932321
1.0, 0.871508771835
1.0, 0.867665054743
1.0, 0.968418452757
1.0, 0.877864684574
1.0, 0.831811907667
-1.0, -0.59937851112
-1.0, -0.730387398768
1.0, 0.979452110327
1.0, 0.989463974558
-1.0, 0.551366521524
1.0, -0.00585960799886
-1.0, -0.609100811305
-1.0, -0.914175120873
1.0, 0.0515289981295
1.0, 0.999388794137
1.0, 0.355933313812
1.0, 0.979384512429
1.0, 0.693789360745
1.0, 0.796429849443
-1.0, -0.14044086407
-1.0, -0.896894502508
1.0, 0.31661863059
1.0, 0.696934968861
1.0, 0.323230872656
-1.0, -0.553115303879
1.0, 0.704797826615
-1.0, -0.395154140014
-1.0, -0.875085288787
1.0, 0.576768484773
1.0, 0.95255482163
1.0, 0.643111094164
1.0, 0.981035884732
1.0, -0.959427364221
-1.0, -0.953991268292
1.0, 0.846313002052
1.0, 0.248349824046
1.0, 0.455998750041
1.0, 0.977552193518
1.0, 0.810392335577
1.0, 0.707627253735
1.0, 0.709375730505
1.0, 0.681618596329
1.0, 0.93975485715
-1.0, -0.311321458283
-1.0, -0.905379107717
-1.0, -0.698339313454
-1.0, -0.859746314917
1.0, 0.929342786225
1.0, 0.776116653489
1.0, 0.684345603898
1.0, 0.984438837456
-1.0, -0.973586438991
-1.0, -0.963178664179
-1.0, -0.898843162882
-1.0, -0.468156358149
1.0, 0.670866070159
-1.0, 0.151137477067
1.0, 0.254004453301
1.0, 0.52902424412
1.0, 0.78076352863
-1.0, -0.963294226326
1.0, -0.976801949597
-1.0, -0.54365378118
-1.0, -0.723851837487
-1.0, -0.0561003951028
1.0, 0.888100811112
1.0, 0.545643898728
1.0, -0.35696025697
1.0, 0.995959123092
-1.0, -0.658032958104
-1.0, -0.697123531407
-1.0, -0.817773001262
1.0, 0.192480316021
1.0, 0.853703127173
1.0, 0.0299857480689
1.0, 0.994600290813
1.0, 0.638212089829
1.0, 0.507295197761
-1.0, -0.21604695989
-1.0, -0.997947422613
-1.0, -0.844465070937
-1.0, -0.581813633364
1.0, 0.099120917881
-1.0, -0.198861108533
-1.0, -0.668250954894
1.0, 0.956172059375
1.0, 0.998617444636
1.0, 0.96459633362
-1.0, -0.94489442182
-1.0, -0.642672579741
1.0, 0.890334659178
-1.0, 0.999933470554
1.0, 0.252269593041
-1.0, -0.655613650188
1.0, 0.926570494426
1.0, 0.750570975103
-1.0, -0.987674849006
-1.0, -0.914707261823
-1.0, -0.56102581147
-1.0, -0.686152334678
1.0, 0.557340299942
-1.0, 0.298714661897
-1.0, -0.794391531099
1.0, 0.621962025695
1.0, 0.99831015126
-1.0, -0.978013215066
1.0, 0.135296790667
-1.0, -0.140646242748
-1.0, -0.248666193182
1.0, 0.655015023722
-1.0, -0.918371271216
-1.0, -0.988489160219
-1.0, -0.566924413299
-1.0, -0.846523650394
-1.0, -0.539806319397
-1.0, 0.336171966381
1.0, 0.460999061295
-1.0, -0.617361194708
1.0, 0.963963655572
-1.0, -0.968859572074
1.0, -0.135978177878
-1.0, -0.84486589355
-1.0, -0.944020460959
-1.0, -0.0507398991863
1.0, 0.656738651363
1.0, 0.197069427463
-1.0, -0.187821043439
-1.0, -0.388241957005
-1.0, -0.933724196499
-1.0, -0.628824810865
1.0, 0.0264134596711
1.0, 0.58109360345
-1.0, -0.714176374947
-1.0, -0.386972840814
1.0, 0.953997733765
1.0, 0.941772326462
-1.0, -0.41878951918
-1.0, -0.988708797844
-1.0, -0.938479202295
-1.0, -0.850811825946
-1.0, 0.10098928569
-1.0, 0.149154383397
1.0, 0.713605420666
1.0, 0.206556879793
1.0, 0.249278052589
-1.0, -0.972865007332
-1.0, -0.945562108333
1.0, -0.00891351162895
1.0, 0.282049140855
-1.0, -0.504143877055
-1.0, -0.391676179588
1.0, 0.988355131919
1.0, 0.997953206311
1.0, 0.240869580595
-1.0, -0.224868188578
1.0, -0.90186193443
-1.0, -0.406558218441
1.0, -0.392114872045
-1.0, -0.826930242674
1.0, 0.648101066694
1.0, 0.654181510188
-1.0, -0.220448161019
-1.0, -0.707888512788
1.0, 0.9824904962
-1.0, -0.480116896203
1.0, -0.993368004011
1.0, 0.596309239836
-1.0, -0.293098818217
1.0, 0.906276633835
1.0, 0.996082243886
1.0, 0.870447299698
-1.0, -0.151805980289
-1.0, -0.833903706502
-1.0, -0.505655047568
-1.0, -0.467688100088
1.0, 0.67369837469
-1.0, 0.536794701898
1.0, 0.380931995198
-1.0, -0.279889598652
1.0, 0.95294499382
-1.0, -0.843607842512
-1.0, -0.987697357959
-1.0, -0.99784554277
-1.0, -0.983266402298
-1.0, -0.737348120621
1.0, 0.669689657931
-1.0, 0.12562192914
-1.0, 0.344572714235
-1.0, -0.846453775198
-1.0, -0.864373485399
-1.0, -0.26399282788
-1.0, -0.574330905975
-1.0, -0.383118648296
-1.0, 0.0249604901025
-1.0, -0.290417177705
-1.0, -0.699223359499
1.0, -0.483712293938
-1.0, -0.90452038267
-1.0, -0.977594126694
-1.0, -0.98192424492
-1.0, -0.246511694601
-1.0, -0.0774068690215
1.0, -0.545029500555
1.0, -0.443167432522
-1.0, -0.367077646178
1.0, 0.361971071467
1.0, 0.83074722038
1.0, 0.731413142131
-1.0, -0.757152314525
1.0, 0.153699920352
1.0, 0.178432745452
-1.0, -0.788809323591
1.0, 0.226356520822
1.0, 0.768042474852
-1.0, -0.375271655095
1.0, 0.879631712243
-1.0, -0.569367274264
-1.0, -0.938043923726
-1.0, -0.789364396681
-1.0, 0.044478587276
1.0, 0.745414018162
1.0, 0.48217435639
-1.0, -0.806627346469
1.0, 0.590890155979
1.0, 0.996515735371
1.0, 0.994244273521
-1.0, -0.45547428139
1.0, -0.57006291022
-1.0, -0.90135915063
-1.0, -0.244966965613
1.0, 0.935034924281
1.0, 0.999924536558
-1.0, -0.431951871766
-1.0, -0.514285027452
1.0, 0.750401619606
-1.0, -0.915464528681
-1.0, -0.563782660942
1.0, 0.935423867814
1.0, 0.999961731488
-1.0, -0.77427675137
1.0, 0.502888924277
1.0, 0.96903949675
1.0, 0.437060212702
-1.0, 0.997894707264
-1.0, -0.986847050178
-1.0, -0.922563167613
1.0, -0.0259513035768
-1.0, -0.405246425583
1.0, 0.462700907895
-1.0, -0.521978116452
-1.0, -0.981529296711
1.0, 0.696862902063
1.0, 0.996835891883
-1.0, -0.758442775748
-1.0, -0.942834191609
1.0, -0.889226364527
-1.0, -0.620201976153
1.0, 0.860533994881
1.0, 0.728745010521
-1.0, -0.331992186422
1.0, -0.545060491324
1.0, 0.624180344151
1.0, 0.817123586376
-1.0, -0.704907807618
1.0, -0.343791903336
1.0, -0.0720576755878
-1.0, -0.676346252713
1.0, 0.959087482478
1.0, 0.960023882957
1.0, -0.209556005962
1.0, 0.998767968475
-1.0, -0.562193125768
-1.0, -0.903979508554
-1.0, -0.966705983262
1.0, -0.873183905466
1.0, 0.489962712913
1.0, 0.216550299216
1.0, 0.98508912061
1.0, 0.759620467057
1.0, 0.426728795132
-1.0, -0.374956413029
-1.0, -0.866310675191
-1.0, -0.690747834503
1.0, 0.763641322134
1.0, 0.324456261013
1.0, 0.403442412685
1.0, 0.574137786515
-1.0, -0.672893988201
1.0, 0.694058013742
-1.0, -0.641495297602
-1.0, -0.873050704808
-1.0, -0.126974185511
-1.0, -0.616294157371
1.0, 0.174032810377
1.0, 0.513952364311
-1.0, -0.599038871356
-1.0, -0.161138955725
1.0, 0.920409181122
1.0, 0.997868434967
-1.0, -0.973218224573
-1.0, -0.207143209616
-1.0, -0.0125805490284
-1.0, -0.50982380143
-1.0, -0.681246195064
1.0, -0.165761689296
-1.0, -0.130192966993
-1.0, 0.0025313294448
-1.0, -0.703819272075
-1.0, -0.978453903966
-1.0, -0.982551792079
1.0, 0.516963122331
1.0, 0.339192775924
-1.0, -0.38939554271
-1.0, -0.814713737148
1.0, 0.553779398258
1.0, 0.989905937256
-1.0, -0.245370536271
-1.0, -0.553991909676
-1.0, -0.996927563451
-1.0, -0.875678454341
-1.0, -0.4426113789
1.0, -0.0155720159111
1.0, 0.696394806617
1.0, 0.410828785833
1.0, 0.998517602085
-1.0, -0.642061870106
-1.0, -0.716380666468
1.0, 0.340650783067
1.0, 0.679635712541
-1.0, -0.719762583812
-1.0, -0.97012563304
-1.0, -0.634753398052
-1.0, -0.700060688696
1.0, 0.755461544349
1.0, 0.53921368167
-1.0, -0.129690109747
1.0, 0.600225307044
-1.0, -0.998914239257
-1.0, -0.782740977685
-1.0, 0.0679447699996
-1.0, -0.700814330499
-1.0, -0.341389074993
-1.0, -0.417789213519
1.0, 0.663410456755
-1.0, -0.790486831818
1.0, 0.374509281338
-1.0, -0.962024074648
-1.0, -0.761975479069
-1.0, -0.73802982929
1.0, 0.272506744522
1.0, 0.424247942646
