0.534293875955
0.534279363769
0.534251068053
0.534209611336
0.534155518843
0.534089226409
0.53401108756
0.533921379849
0.533820310499
0.533708021436
0.533584593747
0.533450051632
0.533304365894
0.533147457
0.53297919777
0.532799415714
0.532607895061
0.532404378502
0.532188568682
0.531960129458
0.531718686953
0.531463830424
0.531195112964
0.530912052057
0.530614130003
0.530300794232
0.52997145751
0.529625498076
0.529262259697
0.528881051671
0.528481148794
0.52806179129
0.527622184729
0.527161499947
0.526678872976
0.526173405001
0.525644162356
0.525090176585
0.524510444568
0.523903928742
0.523269557424
0.522606225266
0.52191279385
0.521188092449
0.520430918975
0.51964004114
0.518814197837
0.517952100792
0.517052436489
0.516113868404
0.515135039574
0.514114575535
0.513051087637
0.511943176792
0.510789437663
0.509588463326
0.508338850444
0.507039204954
0.505688148325
0.504284324379
0.502826406705
0.501313106692
0.499743182172
0.498115446688
0.496428779392
0.494682135552
0.492874557649
0.491005187056
0.489073276233
0.487078201409
0.485019475677
0.482896762416
0.480709888968
0.478458860433
0.476143873472
0.473765329969
0.471323850384
0.468820286628
0.466255734258
0.46363154378
0.460949330849
0.458210985123
0.455418677536
0.452574865747
0.449682297527
0.446744011854
0.443763337489
0.44074388884
0.437689558946
0.434604509419
0.431493157281
0.428360158603
0.42521038898
0.422048920872
0.418880997946
0.415712006599
0.412547444891
0.40939288922
0.406253959087
0.403136280372
0.400045447603
0.396986985688
0.393966311668
0.390988697006
0.388059230955
0.385182785528
0.382363982569
0.379607163364
0.376916361208
0.374295277273
0.371747260038
0.369275288504
0.366881959307
0.3645694778
0.362339653084
0.360193896904
0.358133226279
0.356158269662
0.354269276395
0.352466129186
0.350748359298
0.349115164123
0.347565426815
0.346097737619
0.344710416565
0.343401537181
0.34216895089
0.341010311782
0.339923101447
0.3389046536
0.337952178221
0.337062784991
0.336233505794
0.335461316113
0.334743155153
0.334075944567
0.33345660568
0.332882075142
0.332349318955
0.331855344869
0.331397213141
0.33097204569
0.330577033705
0.330209443762
0.329866622562
0.329546000371
0.329245093293
0.328961504505
0.328692924595
0.328437131155
0.328191987796
0.327955442755
0.327725527278
0.327500353989
0.327278115446
0.327057083119
0.32683560705
0.326612116449
0.326385121526
0.32615321687
0.325915086693
0.325669512247
0.325415381727
0.325151702876
0.324877618424
0.324592424277
0.324295590088
0.323986781385
0.323665881813
0.323333013231
0.322988550365
0.322633125554
0.32226761795
0.321893120608
0.321510878778
0.321122193901
0.320728291314
0.320330156037
0.319928350628
0.319522841062
0.319112868113
0.318696908089
0.318272761383
0.317837784826
0.317389243695
0.316924710108
0.316442395054
0.315941294687
0.315421072984
0.314881687305
0.314322861379
0.313743579228
0.313141779827
0.312514368815
0.311857552764
0.311167382517
0.310440304041
0.30967348925
0.308864778371
0.308012220596
0.307113425053
0.306165127663
0.305163365364
0.304104299645
0.302985187528
0.301804733778
0.300562493446
0.299257892031
0.297889891295
0.296457702887
0.294961733994
0.29340350349
0.291784428316
0.290105066897
0.288366111474
0.286569738328
0.284718872866
0.282815147532
0.280858619311
0.278848922638
0.276784754475
0.274662681086
0.27247871834
0.270230164721
0.267914523006
0.265529677216
0.26307548455
0.260552320424
0.257960910895
0.255303421062
0.252580957819
0.249793646405
0.246940573627
0.24402041522
0.241033657563
0.237980065952
0.234858048117
0.231663574781
0.228391684169
0.225034138077
0.221579809936
0.218016115396
0.214325964633
0.210484708772
0.206461199553
0.202218055439
0.197722450153
0.192968625178
0.187987703388
0.182847098404
0.177672280169
0.173840804747
0.191172471078
0.169178392306
0.1711759796
0.162841827839
0.19258488544
0.16889086033
0.24881676467
0.226248949765
0.292956560837
0.310348820874
0.312156907001
0.303032804623
0.279547020833
0.240249878104
0.203910176338
0.20762678673
0.244816702666
0.23381113952
0.17266444888
0.167198836177
0.176341069545
0.180842615056
0.172039766261
0.147711198705
0.144203626817
0.172532198934
0.159428962484
0.134172312158
0.141968667703
0.154003305438
0.156518696184
0.147490895159
0.131199910624
0.119201947096
0.122886516053
0.133064589922
0.133454601585
0.121940230147
0.111827847573
0.110795342224
0.114621661189
0.117012290923
0.115235516979
0.11013753422
0.105667981574
0.10603168589
0.109614475568
0.109786656338
0.105937225097
0.103548378899
0.104467204209
0.105735119509
0.10493724219
0.102475088475
0.100852561671
0.101364854281
0.101749565062
0.100232075815
0.0987097111193
0.0987027733705
0.0988635056871
0.0979466224664
0.0966888920616
0.0963875225342
0.0962915801239
0.0952332537757
0.094404467361
0.094245207696
0.0936066282805
0.0927080851835
0.092401706085
0.0917685199214
0.0908786128569
0.0904310785029
0.0896164830639
0.0888577560485
0.0883120672799
0.0874402028287
0.0868862492946
0.0860757831893
0.0854104900065
0.0846324256746
0.0839025321688
0.083117123984
0.0823633451437
0.0815133532841
0.0807351079517
0.0798141720175
0.0789866064301
0.0780655851089
0.0771317275834
0.0762391326486
0.0752656353457
0.0742801055812
0.0733309162646
0.0723558809299
0.0713329597017
0.0703010056116
0.0692771054225
