0.529683497704
0.529606980185
0.529457840396
0.5292394615
0.528954756627
0.528606207622
0.528195900695
0.527725559173
0.527196573564
0.526610029167
0.525966731424
0.525267229239
0.524511836459
0.523700651719
0.522833576835
0.521910333933
0.520930481475
0.519893429353
0.518798453208
0.517644708106
0.516431241734
0.515157007228
0.513820875764
0.512421649037
0.510958071727
0.509428844068
0.507832634607
0.506168093245
0.50443386465
0.502628602101
0.500750981831
0.498799717934
0.496773577855
0.494671398508
0.492492103039
0.490234718205
0.487898392388
0.485482414168
0.482986231418
0.480409470821
0.477751957706
0.475013736063
0.472195088573
0.469296556445
0.466318958864
0.463263411757
0.460131345631
0.456924522141
0.453645049086
0.450295393456
0.446878392181
0.443397260211
0.439855595553
0.436257380918
0.432606981646
0.428909139616
0.425168962896
0.421391910953
0.417583775316
0.413750655669
0.409898931454
0.406035229153
0.402166385549
0.398299407346
0.394441427645
0.39059965987
0.386781349803
0.382993726456
0.379243952543
0.375539075335
0.37188597863
0.36829133659
0.364761570054
0.36130280589
0.357920839836
0.354621103118
0.351408633056
0.348288047706
0.345263524493
0.342338782679
0.339517069454
0.336801149385
0.334193296937
0.331695291809
0.329308416859
0.327033458448
0.324870709121
0.322819972592
0.320880571121
0.319051355373
0.317330716938
0.315716603675
0.314206538037
0.312797638479
0.311486643987
0.310269941643
0.309143597055
0.308103387314
0.307144836067
0.306263250127
0.305453756998
0.304711342591
0.304030888382
0.303407207274
0.302835077411
0.302309273306
0.301824593679
0.301375885508
0.300958063932
0.30056612772
0.300195170148
0.299840385225
0.299497069286
0.299160618052
0.298826519297
0.298490341283
0.298147717176
0.29779432559
0.297425867443
0.297038039228
0.296626502796
0.296186851666
0.295714573841
0.295205011088
0.294653314571
0.294054396792
0.293402879838
0.292693040152
0.29191875036
0.291073419384
0.29014993307
0.289140599313
0.288037104326
0.2868304908
0.285511174783
0.284069026791
0.282493554575
0.28077424015
0.278901101011
0.276865560888
0.274661719958
0.272288090845
0.26974978836
0.267060995547
0.264247259031
0.261346836461
0.258410096863
0.255496176035
0.252667009168
0.249980333989
0.247484238545
0.24521490921
0.243196428186
0.241439356524
0.23993629385
0.238656785581
0.237546484155
0.236533606716
0.235541352451
0.234501779257
0.233366385909
0.23211055867
0.230731790905
0.229244278192
0.227674114452
0.226058149724
0.224444733978
0.222889436726
0.221440678273
0.220120781495
0.218915809625
0.217781247502
0.216658253655
0.215493135831
0.214257035305
0.21295888739
0.211641544591
0.210363651436
0.209178981507
0.208118221685
0.207180457729
0.206343895913
0.205584035065
0.204884740739
0.204245992429
0.203680233037
0.203194460342
0.202780058241
0.202410015799
0.202046764467
0.201663383235
0.201252326455
0.200823492759
0.200388504197
0.199948427044
0.199493772951
0.199016808625
0.198523128465
0.198031753371
0.19756091662
