2.85525218314
2.85513275504
2.85489982424
2.85455837938
2.85411255067
2.85356567866
2.85292037442
2.85217857197
2.85134157379
2.85041008994
2.84938427149
2.84826373862
2.84704760394
2.84573449133
2.84432255056
2.84280946809
2.84119247409
2.83946834609
2.83763340907
2.83568353247
2.83361412386
2.83142011948
2.82909597167
2.82663563297
2.82403253709
2.82127957646
2.8183690763
2.81529276507
2.8120417411
2.80860643507
2.80497656831
2.80114110631
2.79708820727
2.7928051653
2.7882783477
2.78349312586
2.77843379927
2.77308351193
2.76742416042
2.76143629301
2.75509899874
2.74838978571
2.74128444742
2.73375691607
2.72577910173
2.7173207158
2.70834907769
2.69882890304
2.68872207208
2.67798737658
2.66658024388
2.65445243669
2.64155172733
2.62782154563
2.61320060014
2.59762247291
2.58101518945
2.56330076683
2.54439474484
2.52420570842
2.50263481282
2.4795753286
2.45491222989
2.4285218582
2.4002717054
2.37002037358
2.3376177875
2.30290575738
2.26571901589
2.22588688426
2.18323575632
2.13759262499
2.08878990836
2.03667185585
1.98110281698
1.92197762101
1.85923422264
1.79286859107
1.7229515288
1.64964668068
1.57322843068
1.49409771867
1.41279313962
1.32999418349
1.2465133814
1.1632747101
1.08127707522
1.00154403969
0.925063857903
0.85272663424
0.785267149698
0.72322181248
0.666906004924
0.616414276955
0.571641473882
0.532319289814
0.498060866547
0.468406161051
0.442862435566
0.420936562374
0.402158088945
0.386093680069
0.37235449125
0.360598333298
0.350528373122
0.341889791218
0.334465437485
0.328071183277
0.322551396149
0.317774769212
0.313630608338
0.310025601529
0.30688105039
0.304130521704
0.301717868717
0.299595571115
0.297723346018
0.296066987406
0.29459739699
0.293289774945
0.292122943847
0.291078783471
0.290141757811
0.289298518821
0.288537573994
0.287849007123
0.287224243348
0.286655851188
0.28613737543
0.285663195834
0.285228407441
0.284828719014
0.284460366665
0.284120040293
0.28380482078
0.283512126264
0.283239666099
0.282985401294
0.282747510454
0.282524360399
0.282314480737
0.282116541831
0.281929335636
0.281751759001
0.28158279907
0.281421520486
0.281267054133
0.281118587202
0.280975354388
0.280836630062
0.280701721283
0.280569961527
0.280440705036
0.280313321708
0.280187192457
0.280061704978
0.279936249889
0.279810217209
0.279682993153
0.279553957253
0.279422479808
0.279287919701
0.27914962264
0.279006919901
0.278859127691
0.27870554728
0.278545466096
0.27837816003
0.278202897259
0.278018943933
0.277825572168
0.277622070803
0.277407759437
0.277182006234
0.276944249903
0.276694026074
0.276430997901
0.276154990128
0.275866024922
0.275564356492
0.275250499861
0.274925247303
0.274589664232
0.274245055503
0.273892894311
0.273534710593
0.273171945595
0.272805794157
0.272437074029
0.272066175125
0.271693139869
0.271317896751
0.27094060965
0.270562031774
0.270183703956
0.26980785774
0.269436990991
0.269073238812
0.268717780689
0.268370528898
0.268030219368
0.267694835906
0.267362138414
0.267030015922
0.266696481317
0.266359345155
0.26601585365
0.265662673013
0.265296384326
0.264914189926
0.264514238292
0.264095266356
0.263655955809
0.263194735841
0.262710265814
0.262201993488
0.261670000296
0.26111418988
0.260533851114
0.259928266888
0.259297473095
0.258641952095
0.257961923744
0.25725770652
0.256530476017
0.255781698838
0.255012205934
0.254222735646
0.253414026424
0.252585178642
0.251733334196
0.2508542676
0.249942156362
0.248991399961
0.247998200064
0.246960465942
0.245878782892
0.244755331283
0.243593798133
0.242398973558
0.241176620879
0.239934669402
0.238683370344
0.237433565121
0.236192781017
0.234964403319
0.233750125567
0.232550623774
0.231364934157
0.230189162717
