0.657544938561
0.657544795503
0.657544516539
0.657544107747
0.657543574223
0.657542920156
0.657542148903
0.657541263049
0.657540264464
0.65753915435
0.657537933284
0.657536601258
0.657535157706
0.657533601538
0.657531931156
0.657530144482
0.657528238966
0.657526211604
0.657524058949
0.657521777113
0.657519361775
0.657516808182
0.65751411115
0.657511265061
0.657508263857
0.657505101038
0.657501769646
0.657498262264
0.657494570997
0.657490687462
0.657486602771
0.657482307516
0.657477791747
0.657473044954
0.657468056043
0.657462813313
0.65745730443
0.657451516402
0.657445435542
0.657439047446
0.657432336953
0.657425288113
0.657417884147
0.657410107409
0.657401939345
0.657393360446
0.657384350202
0.657374887054
0.657364948341
0.657354510243
0.657343547727
0.657332034481
0.657319942853
0.657307243784
0.657293906731
0.657279899597
0.65726518865
0.657249738438
0.657233511702
0.657216469281
0.65719857002
0.657179770657
0.657160025726
0.657139287431
0.657117505535
0.657094627227
0.657070596989
0.657045356456
0.657018844269
0.656990995911
0.65696174355
0.65693101586
0.656898737835
0.656864830603
0.656829211211
0.656791792419
0.656752482466
0.656711184833
0.65666779799
0.656622215129
0.65657432388
0.65652400602
0.656471137156
0.656415586396
0.656357216002
0.656295881023
0.656231428912
0.656163699115
0.656092522648
0.656017721644
0.655939108882
0.655856487287
0.655769649412
0.655678376889
0.655582439854
0.655481596351
0.655375591703
0.655264157862
0.655147012729
0.655023859451
0.654894385693
0.654758262895
0.654615145495
0.654464670158
0.654306454979
0.654140098692
0.653965179884
0.653781256221
0.653587863716
0.653384516028
0.653170703846
0.652945894355
0.652709530832
0.652461032402
0.652199794
0.651925186601
0.651636557774
0.651333232643
0.651014515345
0.650679691109
0.650328029063
0.649958785944
0.649571210877
0.64916455143
0.648738061182
0.648291009074
0.647822690834
0.647332442797
0.646819658489
0.646283808309
0.645724462684
0.645141318996
0.644534232547
0.643903251646
0.643248656734
0.642571003089
0.641871166238
0.641150388503
0.640410324302
0.63965308069
0.638881248285
0.638097916142
0.637306662434
0.636511511085
0.635716843221
0.634927251787
0.634147328719
0.633381377431
0.632633050025
0.631904919305
0.631198010679
0.630511337629
0.629841504279
0.62918245544
0.628525461933
0.627859419656
0.627171508274
0.62644819722
0.625676508392
0.624845361603
0.623946764653
0.622976591719
0.6219347414
0.620824581123
0.619651745147
0.618422516131
0.617142135113
0.615813414256
0.614435960942
0.613006181032
0.611518053875
0.609964503984
0.608339063539
0.606637439005
0.604858570161
0.603004815621
0.601081049393
0.59909274754
0.597043576749
0.594933437736
0.592758069332
0.590510835791
0.588186136281
0.585782570225
0.583303664102
0.580755343038
0.578141748531
0.575462537768
0.572713885233
0.56989244259
0.566998784842
0.564036907269
0.561009901387
0.557916485027
0.554753315282
0.551521454587
0.548228972515
0.544886096042
0.541500661543
0.538081917504
0.534647032554
0.531219220442
0.52782136596
0.524478316526
0.521221851445
0.518082055653
0.515075409478
0.512205061128
0.509460074555
0.506811597801
0.504223886759
0.50166592985
0.499113298613
0.496557027771
0.494002808321
0.491459079945
0.488933189367
0.48641968557
0.483897646317
0.481337621814
0.478708154732
0.475988821645
0.473171215494
0.470260505248
0.467264831355
0.464187916028
0.461020563839
0.457743984232
0.454336206211
0.450783126185
0.447081003839
0.443231623947
0.439234622745
0.435078975204
0.430745211154
0.426215041953
0.421475355366
0.416513331095
0.411300978631
0.405806050646
0.400139818434
0.396562586972
0.426117924185
0.393266823124
0.393483535689
0.381200151868
0.41077050763
0.365616356691
0.492200031053
0.434600991939
0.503008309666
0.486897368061
0.396857429284
0.400481051991
0.414549269166
0.36808675498
0.420015543551
0.408998280528
0.339118320661
0.376557241799
0.409142089231
0.32384156923
0.33224079553
0.36764842495
0.377481833076
0.355403358479
0.31725783418
0.310060882672
0.342536030082
0.349673166043
0.31695836333
0.300129555677
0.311533328724
0.323749776496
0.320568382138
0.304681586375
0.293496636773
0.300491620113
0.30813777739
0.298060527168
0.288818807259
0.292607377463
0.296726731004
0.292055570867
0.284282894587
0.284933427388
0.288453865728
0.283011396481
0.279015424705
0.28155175876
0.280945018083
0.276221698974
0.276147791008
0.276980211615
0.273016015711
0.272604945479
0.272668983407
0.269593042701
0.269114507027
0.268480555003
