1.33211978546
1.33205360554
1.33192455097
1.33173542737
1.33148858239
1.3311859427
1.33082904679
1.33041907404
1.32995687021
1.32944296992
1.32887761629
1.3282607779
1.32759216353
1.32687123466
1.32609721604
1.32526910445
1.3243856758
1.32344549066
1.32244689839
1.32138803992
1.32026684932
1.31908105411
1.31782817456
1.31650552186
1.31511019528
1.31363907844
1.3120888345
1.31045590056
1.30873648111
1.30692654055
1.30502179494
1.30301770281
1.30090945511
1.29869196433
1.29635985275
1.29390743977
1.29132872842
1.28861739099
1.28576675376
1.28276978079
1.27961905697
1.27630677004
1.2728246918
1.2691641585
1.26531605036
1.26127077034
1.25701822216
1.25254778769
1.24784830375
1.24290803859
1.23771466795
1.23225525117
1.22651620744
1.22048329254
1.2141415764
1.20747542199
1.20046846597
1.19310360183
1.18536296618
1.1772279291
1.16867908949
1.15969627661
1.15025855913
1.14034426303
1.12993100002
1.11899570799
1.10751470538
1.09546376071
1.08281817873
1.06955290352
1.05564263794
1.04106197655
1.02578554567
1.00978813846
0.993044823718
0.975530991372
0.957222272398
0.938094227274
0.918121622179
0.897276978242
0.875527832514
0.852831677504
0.829126605225
0.804313720358
0.778223108841
0.750545426348
0.720688584406
0.68746873292
0.64846466068
0.599023722142
0.533352765372
0.456708209886
0.388184555339
0.331208360682
0.292729187399
0.273814367879
0.264336284719
0.258487558151
0.254688156428
0.252369175232
0.251028498646
0.250239609208
0.249741227776
0.249406772523
0.249180165648
0.249034288953
0.248952494162
0.248921915485
0.248931425239
0.24897115147
0.249032375141
0.249107609429
0.249190603042
0.249276278912
0.249360632133
0.24944060767
0.249513972136
0.24957918867
0.249635300101
0.249681823029
0.249718653848
0.249745986726
0.249764242988
0.249774011055
0.249775995929
0.249770977189
0.249759443156
0.249741934603
0.249719035902
0.249691367132
0.249659576698
0.249624334138
0.249586322813
0.249546232234
0.249504749828
0.249462552028
0.249420294604
0.249378602231
0.249338057374
0.249299188635
0.249262458806
0.249228252925
0.249196866755
0.249168496112
0.249143227533
0.249121030751
0.249101753361
0.2490851179
0.249070721266
0.249058035946
0.249046411811
0.249035076212
0.249023128458
0.249009522275
0.248993025576
0.248972139383
0.248944943563
0.24890880834
0.248859848622
0.248791854391
0.248694068396
0.248546178789
0.248305766903
0.247872211584
0.246963427814
0.244616581837
0.237874197153
0.240803743704
0.236389219641
0.236313681691
0.23883308125
0.23354044632
0.23436195907
0.231814876385
0.231904193112
0.233144355126
0.2293313859
0.232854945266
0.228728760027
0.230648615852
0.229110249018
0.229203823446
0.227759544825
0.228211606983
0.226977989871
0.227383812293
0.22516088536
0.225135403002
0.224184301804
0.222681905518
0.22150987604
0.220974889509
0.222059387286
0.222872946764
0.228023338247
0.217464787363
0.237463016512
0.218450339404
0.223836948603
0.216107625929
0.218931604854
0.2166839488
0.216094281471
0.216935873855
0.214403214399
0.216264532791
0.212615144339
0.214340266126
0.209995311211
0.211900542414
0.208962401603
0.211132030014
0.210404555405
0.209341141939
0.211046961631
0.209434719155
0.206670138619
0.206380321846
0.209006913265
0.211940880803
0.2107136355
0.208375373213
0.211866197199
0.213890876611
0.213543951964
0.207875298266
0.216224682774
0.203294986321
0.229074202112
0.218526589964
0.219619542242
0.227691631941
0.204836936045
0.230554144742
0.24580639396
0.228086690573
0.202515182064
0.221319261513
0.238818197253
0.245400410176
0.245837926282
0.241141891245
0.229807100897
0.21035064674
0.203921008407
0.215696533487
0.223192514325
0.226536557052
0.224602176525
0.218642982117
0.209775077758
0.201602139084
0.207208578552
0.212896196157
0.214030494643
0.210384235077
0.204360549654
0.201416740309
0.206318787713
0.208043200613
0.204291067359
0.20038171476
0.202929848171
0.204576530858
0.203201342464
0.199948247688
0.200286601111
0.202195978988
0.199249518294
0.19867281975
0.199935980967
0.198526001329
0.196661585693
0.198179729508
0.195700926084
0.196073719497
0.195614999006
0.194068241056
0.194807665616
0.193258520801
0.193810984307
0.192631979143
0.193318919636
0.192332162736
0.192799805078
0.192040636261
0.192386030573
0.191658934621
0.191804024292
0.191148386792
0.191119453503
0.190685018244
0.190207811399
0.190207008811
0.1898418197
0.189255896419
0.188997199171
0.189044327187
0.189251473546
0.19002921214
0.189536695576
0.190637997467
0.189563069474
0.191783157602
0.189720358772
0.193209585954
0.189226634354
0.192704203811
0.190801273571
0.199694892954
0.1929968082
0.210788476882
0.207986463484
0.195132507199
0.204324616554
0.191578282901
0.195251479135
0.195745548113
0.18765401999
0.195048794818
0.185509677824
0.193707193045
0.193495792209
0.184643847226
0.192161959494
0.191632068722
0.183868946069
0.188278201736
0.188635842247
0.182586180879
0.187086645756
0.185353196741
0.182014480523
0.185733411132
0.181069531549
0.183876903423
0.181720897977
0.182468655344
0.181083062504
0.18198941138
0.181011758165
0.181693944158
0.17980945518
0.181501386493
0.179385222776
0.181624972716
0.179325200185
0.179811869528
0.179740456965
0.178390421588
0.178998396799
0.178548179795
0.17776616538
0.177849117628
0.177865826225
0.177328811067
0.176839477092
0.176778278184
0.176966662729
0.17686601966
0.176976070927
0.176607923964
0.177067562669
0.177181023932
0.178750439355
0.176870388414
0.177891136506
0.177210800694
0.181722919541
0.176144636056
0.178131464201
0.179249711412
0.187859614206
0.18279456906
0.192869859045
0.187024255043
0.18771510854
0.198452497765
0.188961472943
0.168615531339
0.193394876988
0.184552808533
0.171501165032
0.184478730851
0.185287439071
0.174275402331
0.169448673743
0.179635683235
0.174174142082
0.166547775683
0.173006465004
0.174694974313
0.169307995054
0.166424176577
0.171727009009
0.167376228259
0.166450382873
0.169522001181
0.166799110497
0.165612275968
0.167835458917
0.164699916784
0.166165827026
0.166105812265
0.164261481726
0.165870641783
0.163968880699
0.16481217622
0.164343991222
0.16376477722
0.164070668747
0.163177832205
0.163654196201
0.162739011868
0.16319411566
0.162341062477
0.162659495141
0.161982031842
0.162177586631
0.161601933194
0.161622805739
0.161261015496
0.161043223582
0.160932116744
0.16050720296
0.160467836748
0.160203109813
0.159803583468
0.159671891349
0.159562116757
0.159254988784
0.15890180497
0.158566842269
0.158283134292
0.158064942404
0.158239884629
0.159819367889
0.167205640494
0.156880375288
0.170821057538
0.156334192146
0.164736607364
0.158253727493
0.161139112105
0.15821831962
0.159373546634
0.159355878833
0.156503580547
0.157264105119
0.156642009113
0.155838846676
0.15690445321
0.153652179437
0.156521392725
0.153022988268
0.15588354383
0.153974860884
0.153144437528
0.155352949562
0.152939241522
0.152351491032
0.154380075351
0.153509528819
0.151313011588
0.15224685419
0.154173338504
0.15222535765
0.150743999241
0.150271880886
0.150635828085
0.152109061032
0.153903630975
0.157334554263
0.153243648382
0.152738677975
0.153695107032
0.160584982902
0.148929616106
0.167443326065
0.148045123856
0.162130050619
0.158870564024
0.149317032729
0.158584344864
0.147725401913
0.152571793523
0.153656654511
0.146494342571
0.152836361785
0.151783655761
0.146127430013
0.15089287919
0.14968397899
0.145775021682
0.149759473813
0.146794764041
0.146626081599
0.148184655754
0.145239161945
0.14727624473
0.145807557153
0.1458017841
0.146226632715
0.144818621297
0.146037901781
0.144534338654
0.145533855808
0.144434131016
0.145117108393
0.144273757161
0.144743391997
0.144105284144
0.144475270196
0.143838585358
0.144218447287
0.143597510827
0.143971707827
0.143389941342
0.143605883428
0.143260232648
0.143180685115
0.143205040421
0.142824862979
0.142934586295
0.142721160659
0.142476039493
0.142535576193
0.14235094847
0.142078817872
0.142024993604
0.142025828664
0.141849699691
0.141612971832
0.141396421935
0.141214438159
0.141045315552
0.140879865801
0.140730771451
0.140726175771
0.141933629175
0.151759425117
0.143698361427
0.139827972538
0.14094859227
0.145310857779
0.151452984183
0.141270125093
0.15915418046
0.142549678398
0.155480538283
0.163332662709
0.149472695821
0.140089733989
0.156051542441
0.151627275596
0.137872960633
0.146211222428
0.154424041103
0.15441021524
0.146564514547
0.138092345428
0.140585016747
0.147477760792
0.148597098531
0.142944832796
0.137562211356
0.138549713128
0.142391705534
0.143611729518
0.141117310364
0.137610706603
0.137313397668
0.13978790799
0.140423300604
0.13826020443
0.136749321569
0.137758985129
0.138884102318
0.138189978938
0.136782300219
0.136871081525
0.137845802658
0.137602555225
0.136591557194
0.136641685228
0.137263562936
0.137045520084
0.136387497388
0.136511609069
0.136879122441
0.136542305754
0.136203935065
0.136457742788
0.136508606629
0.136167039859
0.136146995902
0.136309122468
0.136114367289
0.135989611175
0.136112130907
0.136007450634
0.135872027402
0.135949998078
0.135865647715
0.135761858435
0.135806925169
0.135709845831
0.135649904881
0.135657784576
0.135551843094
0.135535304081
0.135485244896
0.135411004493
0.13539249067
0.135303430457
0.135277760818
0.135195388621
0.135154817399
0.135075625821
0.135025812522
0.134942979614
0.134887668034
0.134798891824
0.134734202391
0.134647115534
0.134561283011
0.134481687023
0.134381774614
0.134284494025
0.134190824852
0.134085487609
0.133969992631
0.133850569994
0.133728461266
0.133602723899
0.133475379598
0.133362784132
0.1333685755
0.134059987261
0.138144740168
0.155291174704
0.133384650269
0.166126870116
0.133559709273
0.160210469044
0.161307221038
0.13212013712
0.162297185571
0.155027046392
0.134500320253
0.15468702012
0.154802601393
0.136111609888
0.139143144542
0.14998647207
0.139479820243
0.131759144819
0.141024268983
0.146108110586
0.14115069953
0.131989623554
0.133455105038
0.140243591067
0.140214092929
0.133685842757
0.130782851456
0.134317806697
0.13673310009
0.134354810229
0.130671663738
0.131419411198
0.134102723739
0.133055463859
0.130368329237
0.130912584594
0.132556969024
0.131747744316
0.130075354199
0.130684922703
0.131611860356
0.130571236411
0.129843646934
0.130668409715
0.130701326694
0.12981733392
0.12995950913
0.130407727661
0.129867957713
0.129621032975
0.13002493931
0.129794965762
0.129462874421
0.129734824529
0.129608839534
0.129347535729
0.129540684533
0.129393935086
0.129234416989
0.129364149573
0.129174805742
0.129143712089
0.129157798646
0.1289891049
0.129036420489
0.12892588776
0.12887088439
0.128847588045
0.128734958942
0.128733938818
0.128613763124
0.128601505094
0.128488504296
0.128461534528
0.128351929378
0.128309240652
0.128209168588
0.128137041985
0.128059627379
0.127952164615
0.127878569688
0.127779722402
0.127664086878
0.127566522467
0.12746801466
0.127351805421
0.127224244856
0.127092666386
0.126961125085
0.126841796516
0.126804286428
0.127296606231
0.130720900176
0.146583185182
0.134993308807
0.126245045824
0.138644536926
0.127399862161
0.130558577521
0.132060801065
0.125215947521
0.131719677108
0.124999829461
0.130550925375
0.127461146777
0.126402868654
0.128462403784
0.124318901585
0.127945032662
0.123835777207
0.126835624493
