1.41510386405
1.41509044896
1.41506429137
1.41502596495
1.41497595262
1.41491465393
1.41484239167
1.4147594177
1.41466591819
1.41456201822
1.41444778585
1.4143232358
1.41418833251
1.41404299297
1.41388708911
1.41372044981
1.41354286275
1.41335407582
1.4131537984
1.4129417024
1.41271742301
1.41248055938
1.41223067504
1.41196729821
1.41168992195
1.41139800423
1.4110909678
1.41076820006
1.41042905277
1.41007284168
1.40969884617
1.40930630875
1.40889443451
1.40846239066
1.40800930587
1.40753426972
1.4070363321
1.40651450267
1.40596775026
1.40539500239
1.40479514481
1.40416702111
1.40350943245
1.40282113731
1.40210085152
1.40134724828
1.40055895843
1.39973457098
1.39887263372
1.39797165423
1.39703010112
1.39604640557
1.3950189633
1.39394613686
1.39282625846
1.3916576332
1.39043854289
1.38916725039
1.38784200467
1.38646104647
1.38502261471
1.38352495368
1.38196632111
1.380344997
1.37865929346
1.3769075655
1.37508822271
1.37319974209
1.3712406817
1.36920969554
1.36710554915
1.36492713638
1.36267349685
1.36034383424
1.35793753516
1.35545418848
1.35289360485
1.35025583619
1.34754119473
1.34475027136
1.34188395266
1.33894343625
1.33593024373
1.33284623067
1.32969359286
1.326474868
1.32319293198
1.31985098897
1.31645255419
1.31300142854
1.30950166412
1.30595751978
1.30237340591
1.29875381772
1.29510325668
1.29142613992
1.28772669753
1.28400885857
1.28027612663
1.27653144659
1.27277706494
1.26901438645
1.26524383116
1.26146469614
1.25767502749
1.253871509
1.25004937422
1.24620235014
1.24232264058
1.2384009584
1.23442661552
1.23038768008
1.22627120938
1.22206356663
1.21775082756
1.21331928065
1.20875602001
1.2040496244
1.19919090645
1.19417370502
1.18899567835
1.18365903829
1.17817114727
1.1725448836
1.16679867259
1.16095608865
1.15504496542
1.14909601554
1.14314105871
1.13721107694
1.13133443111
1.12553563973
1.11983508567
1.1142498411
1.10879548426
1.10348838882
1.09834762946
1.09339553704
1.08865619303
1.08415180505
1.07989779622
1.07589822695
1.07214341919
1.0686110577
1.06527065059
1.06208957564
1.05903791246
1.05608967341
1.05322003547
1.05040081793
1.04759801481
1.04477419377
1.0418951471
1.03893658864
1.03588604569
1.03273868503
1.02949115439
1.02613960419
1.02268396048
1.01913356988
1.01550719302
1.01182660864
1.00811115366
1.00437947436
1.00065435877
0.996960985619
0.993318143673
0.989733336158
0.986207187655
0.98273795577
0.979319178057
0.975939551578
0.972592092067
0.969280743557
0.966015792846
0.962809819123
0.959678458085
0.956633606309
0.953675143696
0.950795281417
0.947982999484
0.945224573421
0.942511639785
0.939842561002
0.937217092823
0.934637483243
0.932103548504
0.92961167334
0.927157132369
0.924731529239
0.922326542743
0.919932719434
0.917543285284
0.915153733048
0.912760869991
0.910358157825
0.907934638224
0.905477086349
0.902975881247
0.900424518658
0.89781652146
0.895141680695
0.892387591559
0.889543566152
0.886601293722
0.883552642397
0.880388029686
0.877096666636
0.873667396248
0.87009121886
0.866361421696
0.862470890319
0.858413683531
0.854206942511
0.850083235709
0.849110581797
0.896187447083
1.00048246383
0.833033256395
0.941394648715
0.825138750246
0.915449565638
0.839135685915
0.870310928516
0.85847587551
0.833733522018
0.850036274309
0.816681736784
0.835808615622
0.80685742877
0.820834955537
0.802741307238
0.80556709704
0.801116204726
0.790428025382
0.802445432533
0.78015301806
0.794941156647
0.781130103017
0.776453703224
0.785670812348
0.77108181034
0.767515151392
0.775582543643
0.769711879882
0.758328180568
0.754644197178
0.758121393588
0.765074115277
0.771835618889
0.772030451969
0.766996129643
0.766519542813
0.789072409235
0.840075634754
0.727714863256
0.780779964686
0.724818870422
0.751883897162
0.731612360835
0.72064649219
0.744053646738
0.704575931587
0.724985727434
0.717179065668
0.696138351176
0.7123706991
0.708921964215
0.689865701032
0.687544769152
0.698853836181
0.706332831427
0.697237146565
0.686468409619
0.680721415498
0.684144609346
0.70467210958
0.764910601356
0.662595394788
0.703119673385
0.662154451755
0.675054251566
0.668157850175
0.648714244735
0.673300077042
0.64017082563
0.65263747917
0.652140058192
0.630754431268
0.642079164943
0.643584006505
0.624465433934
0.625654146139
0.634239751377
0.624706468645
0.613345007416
0.611661959717
0.617822063966
0.627947031892
0.635589940836
0.636792581698
0.627689487647
0.62487982208
0.641103301397
0.690236897063
0.586993136571
0.64020372338
0.586218018292
0.612478914795
0.57467805316
0.601765146482
0.585571185907
0.573217874988
0.590052739712
0.565445616399
0.577412791801
0.570008443854
0.563461751911
0.5700630905
0.556177780463
0.56556497782
0.553271862454
0.559780505999
0.551360551056
0.554677463475
0.54888474768
0.550602018851
0.545788610343
0.547271386507
0.542239479525
0.544278660716
0.538649286672
0.541073968717
0.535556585543
0.536896451703
0.533400221662
0.531857251504
0.531755897194
0.52782411724
0.527027522366
0.526569107566
0.52353022987
0.520648123371
0.519241307476
0.518779945925
0.519684362315
0.522891127373
0.530327641828
0.543156937469
0.562675531538
0.577663038225
0.581515367293
0.562567138519
0.560616609111
0.596610524362
0.496748292585
0.534939178522
0.498837325286
0.508770274184
0.506568760237
0.486058826519
0.510705190316
0.484862478908
0.500296636425
0.481173868507
0.493926230313
0.474842838597
0.489952247153
0.468321292865
0.485754319594
0.463889222364
0.477408144862
0.464289750946
0.464704109796
0.467157231504
0.455737369279
