0.551303484235
0.551302920198
0.551301820387
0.551300208886
0.551298105952
0.55129552832
0.551292489488
0.551288999955
0.551285067447
0.551280697105
0.55127589166
0.551270651582
0.551264975212
0.551258858874
0.551252296976
0.551245282094
0.551237805046
0.551229854946
0.551221419259
0.551212483836
0.551203032947
0.551193049301
0.55118251406
0.551171406849
0.551159705752
0.55114738731
0.551134426509
0.551120796767
0.551106469908
0.551091416143
0.551075604036
0.551059000478
0.551041570645
0.551023277963
0.551004084068
0.550983948758
0.550962829951
0.550940683637
0.550917463827
0.550893122504
0.550867609576
0.550840872818
0.550812857826
0.550783507962
0.550752764308
0.550720565615
0.550686848257
0.550651546184
0.550614590881
0.550575911334
0.550535433989
0.550493082727
0.55044877884
0.550402441012
0.55035398531
0.550303325183
0.550250371468
0.550195032406
0.550137213674
0.550076818421
0.550013747321
0.549947898647
0.549879168343
0.549807450131
0.549732635623
0.549654614455
0.54957327444
0.549488501742
0.549400181065
0.549308195869
0.549212428606
0.549112760969
0.549009074177
0.548901249262
0.548789167389
0.548672710187
0.548551760094
0.54842620072
0.548295917212
0.54816079663
0.548020728322
0.547875604288
0.547725319544
0.547569772451
0.547408865032
0.547242503237
0.547070597172
0.546893061263
0.54670981435
0.5465207797
0.54632588492
0.546125061764
0.545918245812
0.545705376013
0.545486394085
0.545261243746
0.54502986978
0.544792216924
0.544548228579
0.54429784533
0.544041003298
0.543777632319
0.54350765397
0.543230979473
0.542947507484
0.542657121834
0.542359689247
0.542055057097
0.541743051272
0.541423474206
0.541096103173
0.540760688915
0.540416954702
0.540064595911
0.539703280224
0.539332648518
0.538952316536
0.538561877403
0.53816090503
0.537748958426
0.537325586928
0.536890336285
0.536442755536
0.535982404549
0.535508862044
0.5350217339
0.534520661466
0.534005329591
0.533475474012
0.532930887784
0.53237142636
0.531797011013
0.531207630309
0.5306033394
0.529984257063
0.529350560484
0.528702477993
0.52804028011
0.527364269429
0.52667477006
0.525972117441
0.525256649415
0.524528699444
0.523788592701
0.523036645581
0.522273168784
0.521498473772
0.520712881872
0.51991673493
0.519110406036
0.518294308681
0.517468902784
0.516634696326
0.515792241902
0.514942128198
0.514084967219
0.513221378646
0.512351973116
0.511477336092
0.510598013469
0.509714499179
0.508827223977
0.507936543778
0.50704272555
0.506145929299
0.505246186015
0.504343373431
0.503437193435
0.502527156209
0.501612575895
0.500692580581
0.499766136021
0.498832078984
0.497889153972
0.496936047219
0.495971414345
0.494993901121
0.494002158249
0.492994849656
0.491970650356
0.490928227761
0.48986620286
0.488783095526
0.487677267493
0.486546880593
0.485389882501
0.484204020424
0.482986873698
0.481735896376
0.480448468035
0.479121954462
0.477753773081
0.476341449024
0.474882652216
0.473375224638
0.471817219062
0.470206956974
0.468543088272
0.466824630396
0.465050980515
0.463221898772
0.461337450021
0.459397904095
0.457403628025
0.455354999814
0.453252336196
0.451095830833
0.448885532739
0.446621384027
0.444303315985
0.441931403044
0.439506020566
0.437027904799
0.434498071502
0.431917611294
0.429287439418
0.426608130871
0.42387988795
0.421102611683
0.418275991331
0.415399485951
0.412472166227
0.409492476389
0.406458082584
0.403365888492
0.400212144758
0.396992457152
0.393701593068
0.390333206429
0.386879770378
0.383332814128
0.379683248074
0.375921604902
0.372038257594
0.368023679841
0.363868736822
0.359564721659
0.355103135553
0.350475900338
0.345676235762
0.340700138142
0.335548343149
0.330229098091
0.324763243335
0.319234221841
0.314718564391
0.332095929212
0.3913033969
0.398796845802
0.396795998833
0.358807342122
0.384978980099
0.299720582751
0.360712004076
0.347588904204
0.346361674782
0.287641654462
0.322634447764
0.34203800835
0.344212403418
0.337311599766
0.326556524783
0.309486360947
0.287973856014
0.273849720197
0.281649235764
0.296095333681
0.297938640938
0.279505776296
0.260569455628
0.256717069693
0.263018168208
0.269605291584
0.270976427657
0.266527725499
0.258017052479
0.249263033995
0.246997369873
0.252525155605
0.252873581036
0.247509167893
0.241233780529
0.241055491741
0.242817794677
0.240537921836
0.236826318399
0.233966395123
0.235688622486
0.234515780197
0.231120343097
0.229801435107
0.2304727903
0.227718906789
0.225719724059
0.225365922743
0.223560204869
0.221529442579
0.220936978666
0.219139621576
0.217104042083
0.216109357381
0.213653870416
0.212429142717
0.210663998451
0.208619393255
0.207337758495
0.20640460913
0.211325683185
0.246831524963
0.202581509448
0.267509486364
0.260995738034
0.280855969457
0.233120613255
0.247254714304
0.274250983499
0.213486264743
0.204226626531
0.247062827457
0.247332963767
0.20905470356
0.205318701688
0.215209025318
0.205301559653
0.200967634512
0.206566866508
0.211637691356
0.210738564286
0.202555080116
0.189973491702
0.182123491147
0.187586624803
0.191513888106
0.186462994676
0.185434490317
0.181337026009
0.176677308687
0.179046662601
0.182374549062
0.17952440735
0.175701090784
0.175423601835
0.174770205178
0.174342399586
0.174197212092
0.171025487349
0.171944277129
0.172491719461
0.170958062891
0.16973318475
0.168588578838
0.16886261954
0.168445444766
0.166934247264
0.166883612156
0.166251183939
0.165507404857
0.164432067125
0.164570229292
0.163555207635
0.162780524442
0.162161118698
0.161609633834
0.160659165997
0.160125364348
0.159321453298
0.158412426843
0.157795235311
0.156889622015
0.156098367307
