1.44109667106
1.44108769249
1.44107018445
1.44104452881
1.44101104589
1.44096999936
1.44092160073
1.44086601327
1.44080335544
1.44073370405
1.44065709682
1.44057353484
1.44048298454
1.44038537949
1.44028062183
1.44016858361
1.44004910776
1.43992200899
1.4397870744
1.43964406401
1.43949271105
1.43933272217
1.43916377747
1.43898553042
1.43879760765
1.43859960861
1.43839110518
1.43817164106
1.4379407312
1.43769786101
1.43744248554
1.43717402855
1.43689188149
1.43659540241
1.43628391471
1.43595670593
1.43561302632
1.43525208739
1.43487306043
1.4344750748
1.43405721627
1.43361852522
1.43315799478
1.43267456882
1.43216713997
1.43163454746
1.43107557495
1.43048894824
1.42987333294
1.42922733204
1.42854948344
1.42783825744
1.42709205409
1.42630920066
1.42548794889
1.42462647238
1.42372286385
1.42277513254
1.42178120153
1.4207389052
1.41964598669
1.41850009559
1.41729878571
1.41603951303
1.41471963397
1.41333640391
1.41188697607
1.41036840084
1.40877762567
1.40711149543
1.40536675364
1.40354004437
1.40162791513
1.39962682083
1.39753312889
1.39534312571
1.39305302469
1.39065897579
1.38815707706
1.38554338801
1.38281394522
1.37996478018
1.37699193944
1.3738915073
1.37065963089
1.36729254768
1.36378661524
1.36013834301
1.35634442566
1.35240177758
1.34830756762
1.34405925339
1.33965461368
1.33509177792
1.330369251
1.32548593173
1.32044112303
1.31523453215
1.30986625885
1.30433677019
1.29864686049
1.29279759606
1.28679024471
1.28062619127
1.27430684136
1.26783351692
1.26120734821
1.25442916796
1.24749941435
1.24041804955
1.23318450064
1.22579762876
1.21825573066
1.21055657491
1.20269747191
1.19467537405
1.18648699873
1.17812896445
1.16959792742
1.16089070559
1.15200437783
1.14293635022
1.13368438941
1.12424663611
1.11462163002
1.10480840021
1.09480669899
1.08461747722
1.0742437059
1.06369163303
1.05297251603
1.04210478403
1.03111646346
1.02004756004
1.0089519556
0.997898284701
0.986969240563
0.976258858827
0.965867573781
0.955895259141
0.946433047118
0.937555364473
0.929314063396
0.921736333491
0.91482691514
0.90857316946
0.902949782947
0.897919750051
0.893430639796
0.88940917003
0.885760186826
0.882375422804
0.879152113265
0.876014419601
0.87292679462
0.869891859523
0.866934909942
0.86408604019
0.861371307907
0.858814979139
0.856443780593
0.854282410813
0.852340024393
0.850599562887
0.849021669382
0.847560910028
0.846179239549
0.844845954606
0.843530819264
0.842205276597
0.840853019917
0.839474221187
0.838075159615
0.836658376542
0.835227840745
0.833795858507
0.832374594601
0.830966037511
0.829567156723
0.828173778104
0.826772968678
0.825346782413
0.823887464891
0.822397830533
0.820886780373
0.81937236592
0.817871083741
0.816387425298
0.814920882705
0.813465491117
0.812014468053
0.810565128551
0.809109755154
0.807639758334
0.806145085745
0.804621020324
0.803069373237
0.801494758398
0.799901999524
0.798292540477
0.796662522398
0.795002244247
0.793302351806
0.79156306348
0.789789324137
0.7879807006
0.786127621925
0.784218429919
0.782245723747
0.780206159569
0.778097533146
0.775914470895
0.773647243649
0.771287283136
0.768829424612
0.766278946227
0.763734421849
0.762213985532
0.773433716798
0.906252702705
0.901352854337
0.788745789604
0.837818955318
0.762952550991
0.804613897587
0.765901133928
0.783611343912
0.750842668481
0.762907718695
0.753016200594
0.750984794403
0.74503748948
0.730350763058
0.748142626156
0.740101638314
0.723353772611
0.732391356334
0.730784891899
0.717162059323
0.711753834764
0.710395068086
0.719629046854
0.732197226286
0.734785338229
0.735486790796
0.735534190438
0.730652198502
0.72316053904
0.719404694501
0.743351407576
0.849208085848
0.700817709199
0.758511975095
0.686273089332
0.728202082787
0.673936696774
0.721142004735
0.684794888542
0.677286500549
0.696418315431
0.664610422779
0.68624351873
0.666144850854
0.665682835427
0.667922555807
0.658298106268
0.66148628717
0.650979068754
0.657498423903
0.64697305598
0.651262541398
0.642910732872
0.645961569999
0.641523212951
0.638348487371
0.640435522035
0.63382235113
0.636907448392
0.630976147089
0.630335006994
0.630991243668
0.625445106264
0.624505016793
0.625198932551
0.621505906224
0.617191765235
0.615837898297
0.616334845124
0.616119429348
0.617356316199
0.620261739564
0.627224735601
0.632082006567
0.635394287463
0.627544049995
0.630430350564
0.637045791575
0.652535477237
0.64882697566
0.653192165636
0.644981989461
0.670129870795
0.704263807373
0.589547699523
0.681402721086
0.575054308838
0.674015489052
0.589156321766
0.631656861416
0.670353445286
0.59666882479
0.581384577028
0.634521899572
0.625510354619
0.563847208587
0.572178610152
0.610195824024
0.60146253618
0.560690330343
0.557968817103
0.582825309756
0.587129118417
0.565240804541
0.548984093216
0.556857065778
0.569535994448
0.565393646697
0.549055158283
0.54388092742
0.553709954154
0.555966604325
0.545713802944
0.541772383228
0.547715591979
0.547640715943
0.540447622547
0.539751260193
0.543918359166
0.541442291217
0.536960327125
0.538789237861
0.539517152445
0.535903235862
0.535742613178
0.536906454661
0.534175777292
0.533396264976
0.534349586608
0.532411277731
0.531573156435
0.531881795164
0.530127041942
0.529865941565
0.529480756685
0.527959502018
0.527967916717
0.526784630248
0.526117413319
0.525462052958
0.524321071473
