2.08054548857
2.08052912556
2.08049721514
2.08045044793
2.08038940002
2.08031454212
2.08022624779
2.0801248006
2.08001040038
2.07988316875
2.07974315384
2.07959033445
2.07942462347
2.07924587086
2.07905386605
2.07884833991
2.07862896621
2.07839536274
2.07814709201
2.07788366156
2.07760452398
2.07730907649
2.0769966603
2.07666655958
2.07631800013
2.07595014773
2.07556210618
2.07515291503
2.07472154691
2.07426690465
2.07378781789
2.07328303946
2.07275124128
2.07219100988
2.0716008415
2.07097913669
2.07032419439
2.06963420555
2.06890724606
2.0681412691
2.06733409675
2.06648341091
2.06558674329
2.06464146452
2.06364477227
2.06259367823
2.06148499383
2.06031531461
2.05908100309
2.05777816985
2.05640265285
2.05494999453
2.05341541655
2.05179379195
2.05007961422
2.04826696311
2.04634946656
2.0443202584
2.04217193116
2.03989648344
2.03748526092
2.03492889035
2.03221720529
2.02933916267
2.02628274857
2.02303487189
2.01958124386
2.01590624141
2.01199275183
2.0078219959
2.00337332596
1.99862399522
1.99354889344
1.98812024388
1.98230725528
1.97607572178
1.96938756267
1.96220029296
1.95446641457
1.9461327172
1.93713947764
1.9274195465
1.91689731303
1.90548754311
1.89309409276
1.87960851409
1.86490859351
1.8488569003
1.8312994836
1.8120649489
1.79096428439
1.76779201302
1.74232953499
1.71435191574
1.6836398573
1.64999911123
1.61328997658
1.5734694103
1.53064699587
1.48515259456
1.43760693938
1.38897659791
1.34058410672
1.29403950516
1.2510712886
1.21326964191
1.18180361288
1.15720707163
1.13931405981
1.1273614052
1.12020475789
1.11655997198
1.11519746413
1.11505874269
1.11530090605
1.11534090709
1.11479070644
1.11335643359
1.11085196191
1.10717510253
1.10229176327
1.09622732355
1.0890637049
1.080939996
1.07205372038
1.06265886899
1.05305596283
1.04356940785
1.03450936155
1.02612020194
1.01852519876
1.01168452835
1.00538655661
0.999285901939
0.99298602535
0.986145005282
0.978570205123
0.970268001467
0.961429681806
0.952358597203
0.943366765856
0.934680638565
0.92638961449
0.918450475564
0.910737500456
0.903112984284
0.895490397231
0.887869316629
0.880332383772
0.87300691413
0.866006293424
0.859376209767
0.853072121192
0.846981657777
0.840981460783
0.834995993478
0.829022925557
0.823110974633
0.817307964815
0.811616239478
0.805985578481
0.800346561817
0.794659494682
0.788943438161
0.783263342402
0.777684788563
0.772235819754
0.766914908647
0.761740324226
0.756784851351
0.75214715391
0.747886994206
0.744005237261
0.740494157857
0.737379292167
0.734679363746
0.732344268828
0.730281351646
0.728427313169
0.726734609824
0.725118134473
0.723495865207
0.721847263051
0.72016891724
0.718442862172
0.716687803209
0.71494510011
0.713223365157
0.7115306122
0.709881989569
0.708257381264
0.706634262842
0.704999990968
0.703324282282
0.701595122068
0.699810139423
0.697964647679
0.696076199003
0.694151932848
0.692204969873
0.690237784841
0.68824551107
0.686217848028
0.684140565842
0.682003713421
0.679804199589
0.677542229598
0.675224763871
0.67285240573
0.670426044227
0.667943749837
0.665403161266
0.662806176691
0.660155771699
0.657451093893
0.654685545662
0.651849373207
0.648934281405
0.645943201339
0.642904008333
0.639996612496
0.638629028129
0.653039624503
0.782818094988
0.870425169519
0.901800531005
0.654309923386
0.879687798313
0.839992505333
0.688033019154
0.792644125741
0.867248401724
0.858349503594
0.775349966379
0.690974459062
0.716372188605
0.776487176969
0.792360230591
0.744891399571
0.679141064803
0.669208440356
0.711754949435
0.743395050676
0.74394584964
0.713213043383
0.670210481914
0.645959573897
0.654980144742
0.677333264939
0.682132303703
0.66040752025
0.631589902006
0.622516425337
0.633669247275
0.641363467046
0.631254658348
0.612712554417
0.607020775422
0.615792630759
0.617478006774
0.605140010328
0.597167095243
0.602565883675
0.60472392161
0.596364060367
0.592540553758
0.59828552337
0.596762490335
0.590631395916
0.59329725621
0.593962702286
0.58843782759
0.588352825114
0.589166291342
0.584911924945
0.584608548103
0.584867234815
0.581696438023
0.58154041744
0.580914029863
0.578401466743
0.578572620351
0.576824189545
0.575606912908
0.575151912348
0.573134654586
0.572728799927
0.570660086983
0.56993024324
0.567992612039
0.567117043445
0.565214948893
0.564228809182
0.562304446856
0.560964967418
0.559422856857
0.557485832583
0.555975626584
0.554279896623
0.552202278427
0.550082697029
0.54806820773
0.546119940696
0.544390645919
0.544062460376
0.551560197512
0.603920717035
0.546896184653
0.539182801609
0.576015786763
0.528847487238
0.576250596439
0.523805478313
0.55850057126
0.544838785544
0.524054198469
0.54836159
0.51859586463
0.523520639079
0.533338906153
0.511358404751
0.520105441145
0.519828705245
0.506471840962
0.517852977697
0.5062810041
0.508140000503
0.508501516547
0.50101433118
0.506967539878
0.498153038785
0.502876994905
0.497142044729
0.498464393443
0.49641866172
0.494732781699
0.494159384393
0.492450053153
0.491306429875
0.490663386165
0.487861818296
0.488824108791
0.485214522731
0.485881911953
0.48378420952
0.481839943865
0.482144504426
0.479613591096
0.477775654487
0.477745386337
0.476769893183
0.474340551813
0.472096268615
0.470247524195
0.468630318523
0.467245206799
0.467036723215
0.475487634277
0.52945322823
0.549237555572
0.462107904874
0.552916382622
0.470071206936
0.510115532626
0.45644571168
0.499898771873
0.479886415972
0.460673504081
0.489681873169
0.462691712036
0.451077362086
0.473951333127
0.459223951796
0.442795625876
0.458510427842
0.457394450606
0.440598557425
0.449376262198
0.450817511935
0.437661405216
0.444834618385
0.444430473497
0.435404311461
0.442242940364
0.437556461601
0.434752897635
0.438505805697
0.432308104968
0.434857725481
0.433213352199
0.430950761291
0.432752572856
0.428797393694
0.430808687729
0.427778463887
0.428550946877
0.426910274566
0.426560155002
0.425406399818
0.425002530438
0.42362783508
0.423659851972
0.421793173792
0.422060392209
0.420154730105
0.420079251823
0.419016300445
0.417648717472
0.417468977676
0.416356298828
0.414825297621
0.414067634261
0.413642397292
0.413058085615
0.412810546266
0.413941510062
0.419806238244
0.432464068304
0.470198817422
0.405923457571
0.466647819713
0.404932401891
0.446372774054
0.412170624114
0.423691834725
0.420071443165
0.409046898534
0.420193336337
0.399161672172
0.415820820024
0.395793409521
0.405537034161
0.402166430643
0.394925845432
0.402920153508
0.391172511462
0.399671577205
0.390321762793
0.396082163723
0.389609311717
0.392835731478
0.388881535707
0.390513205456
0.387287161728
0.388879733332
0.385645331894
0.387603097044
0.383616497028
0.386104039442
0.382117033955
