1.74401845597
1.74388958542
1.74363829138
1.74327005762
1.74278948496
1.74220036291
1.74150573345
1.74070794758
1.73980871552
1.73880915091
1.73770980982
1.73651072487
1.735211435
1.73381101126
1.73230807904
1.73070083698
1.72898707295
1.7271641773
1.72522915369
1.72317862771
1.72100885345
1.7187157183
1.71629474612
1.71374109897
1.71104957757
1.7082146206
1.70523030318
1.70209033446
1.69878805471
1.69531643195
1.69166805842
1.68783514704
1.68380952809
1.67958264647
1.67514555965
1.67048893683
1.66560305954
1.66047782413
1.65510274663
1.64946697052
1.64355927786
1.6373681047
1.6308815612
1.62408745761
1.6169733367
1.60952651399
1.6017341266
1.59358319222
1.58506067923
1.57615358967
1.56684905632
1.5571344556
1.54699753769
1.53642657558
1.52541053438
1.51393926229
1.50200370416
1.48959613842
1.47671043751
1.46334235122
1.44948981157
1.43515325685
1.42033597084
1.40504443221
1.38928866687
1.37308259458
1.35644435909
1.33939662894
1.32196685463
1.3041874662
1.28609599443
1.26773509868
1.24915248553
1.23040070407
1.21153680763
1.19262187619
1.17372040058
1.15489953638
1.13622824404
1.11777633955
1.09961348744
1.08180817361
1.06442669827
1.04753222932
1.03118395206
1.01543634347
1.00033858805
0.98593413914
0.972260415916
0.959348614106
0.94722359941
0.935903848644
0.925401405354
0.915721824337
0.90686409226
0.898820527618
0.891576680101
0.885111264224
0.879396172048
0.874396612812
0.870071422242
0.866373571441
0.86325088635
0.860646966601
0.858502270843
0.856755317678
0.855343940035
0.854206527587
0.853283196597
0.852516838025
0.851854010508
0.851245662112
0.85064768113
0.850021289468
0.849333301048
0.848556271579
0.84766856486
0.846654354899
0.845503573179
0.844211797078
0.842780059896
0.841214546663
0.839526125102
0.837729651292
0.835842989334
0.833885699626
0.831877387659
0.829835769698
0.827774604084
0.825701749422
0.823617722132
0.821515197733
0.81937988009
0.817192995898
0.814935326531
0.81259219559
0.810158310647
0.807641029102
0.805060729558
0.802447670865
0.799835908696
0.79725609665
0.794729717727
0.792266980876
0.789869220196
0.787534639679
0.785264504166
0.783066264303
0.780951213859
0.778927120867
0.776989847446
0.775120008134
0.77328860611
0.771469103368
0.769647061795
0.767819202976
0.765982982061
0.764127353882
0.76223476577
0.760293004861
0.758304703119
0.756283885371
0.754242892198
0.752184991431
0.750111666845
0.748033205054
0.745965223177
0.743915210311
0.741880021187
0.739857728604
0.737852936488
0.73586691243
0.733893380265
0.731930008527
0.729981162379
0.728045001065
0.726113888446
0.724185458627
0.722256759132
0.72032117192
0.718381654879
0.716446609122
0.714524087412
0.712629518798
0.710774818284
0.708966357467
0.707208917381
0.705497767406
0.703828932888
0.702196881724
0.700598953842
0.699033921031
0.697498575139
0.695987089385
0.694489279406
0.692994003281
0.69149246636
0.689979542087
0.688454211434
0.686914358464
0.68535664696
0.683775551839
0.682164575411
0.680518503448
0.678832145088
0.67710010065
0.675317742958
0.673482041802
0.671591783511
0.669646135508
0.667659743157
0.665765121966
0.665281435774
0.679367566164
0.805817628234
0.771623309062
0.801546398667
0.824285444994
0.886311594033
0.851027016217
0.746493563375
0.837994456402
0.881276919498
0.736206868112
0.736918534728
0.791849871436
0.807296830057
0.770625537102
0.680470440157
0.714302759199
0.829296915826
0.718823861246
0.652415302604
0.70630902199
0.753294337936
0.776022570128
0.775868536817
0.754442081692
0.713772517615
0.6651522347
0.642085863764
0.672613019671
0.721466430038
0.744871844534
0.725618157523
0.682632852552
0.650164554686
0.644594462257
0.657261871003
0.672730291575
0.681576458883
0.680738841446
0.670596441226
0.65480493373
0.640614851345
0.636541395511
0.644279827584
0.653250450765
0.651674576329
0.640971004225
0.633124421443
0.63417061451
0.639417612164
0.64210393305
0.639663198128
0.634199950777
0.630861716937
0.632653600471
0.635757914992
0.634716910213
0.63072679406
0.629072491341
0.630489165924
0.631475123558
0.630041934297
0.627681469587
0.627149069198
0.6281620057
0.62785517371
0.626093195431
0.625407703908
0.625873563946
0.625550903348
0.624260600302
0.623685278466
0.623864813895
0.623203477623
0.622207019699
0.622041375372
0.621735993071
0.620821100329
0.620393699033
0.620100982299
0.619263413218
0.618825158226
0.618371146216
0.617578374459
0.61715299702
0.616463718239
0.615797033688
0.615237650267
0.614440111606
0.61386073689
0.613026864419
0.612357709462
0.611487443626
0.610733062342
0.60980122881
0.608964664565
0.607965015822
0.607006808142
0.605961800107
0.60483408609
0.603719389245
0.602496586182
0.60118262173
0.599841758458
0.598446702356
0.596962841476
0.595410835503
0.593833407389
0.592526527414
0.592769390376
0.602622780688
0.62932464171
0.638648524996
0.598923643434
0.720844678348
0.623254447994
0.671315351456
0.607320163723
0.629756937412
0.598242928352
0.608182528983
0.61926014476
0.57015519444
0.624815287951
0.566352994457
0.598355296377
0.602007047796
0.566852118125
0.580188959439
0.586489420329
0.560420319999
0.578224011764
0.574359202264
0.556583647302
0.573407415686
0.557568001759
0.560883809185
0.564400310745
0.551752327362
0.561939910284
0.550779750349
0.554875161347
0.55286816995
0.548731675332
