1.25727127346
1.25724416357
1.25719130699
1.25711387045
1.25701284053
1.25688903837
1.2567431328
1.25657565222
1.25638699513
1.25617743961
1.25594715176
1.25569619314
1.25542452754
1.25513202676
1.25481847596
1.25448357814
1.2541269583
1.25374816692
1.2533466831
1.2529219173
1.25247321366
1.25199985213
1.25150105025
1.2509759647
1.25042369275
1.24984327349
1.24923368893
1.24859386507
1.24792267285
1.24721892918
1.24648139791
1.24570879084
1.24489976886
1.24405294323
1.24316687692
1.24224008623
1.24127104263
1.24025817484
1.23919987125
1.23809448269
1.23694032564
1.23573568587
1.23447882257
1.23316797308
1.23180135824
1.23037718835
1.22889366991
1.22734901314
1.22574144032
1.22406919505
1.22233055243
1.22052383027
1.21864740132
1.21669970663
1.21467926997
1.21258471343
1.21041477413
1.20816832211
1.20584437926
1.20344213937
1.20096098906
1.19840052965
1.19576059966
1.19304129786
1.19024300652
1.18736641468
1.18441254094
1.18138275551
1.17827880088
1.17510281061
1.1718573256
1.16854530711
1.16517014575
1.16173566559
1.15824612246
1.15470619553
1.15112097114
1.14749591805
1.14383685307
1.14014989635
1.1364414157
1.13271795945
1.12898617763
1.1252527318
1.12152419405
1.11780693613
1.11410701058
1.11043002566
1.10678101711
1.1031643197
1.09958344235
1.09604095081
1.09253836195
1.08907605397
1.08565319619
1.08226770208
1.07891620821
1.075594081
1.07229545228
1.06901328351
1.06573945741
1.06246489499
1.05917969482
1.05587329087
1.05253462501
1.04915232969
1.04571491671
1.04221096798
1.03862932472
1.03495927173
1.03119071411
1.02731434377
1.02332179386
1.01920577901
1.01496021981
1.01058035037
1.00606280857
1.0014057101
0.996608710257
0.991673061104
0.986601676969
0.981399227704
0.976072285537
0.970629556396
0.96508222737
0.95944445487
0.953733998803
0.94797297249
0.942188624013
0.936413994727
0.930688225909
0.925056228631
0.919567430932
0.914273412426
0.90922445759
0.904465389894
0.900031404321
0.895944842129
0.892213782633
0.888832884332
0.885786196966
0.883050979882
0.880601250795
0.878410044813
0.876450064569
0.874693153915
0.873109416095
0.871666684757
0.870330671329
0.869065829053
0.867836957764
0.866611629408
0.865363300106
0.864074391799
0.862738029869
0.861357136517
0.859940595026
0.858497866615
0.857034612629
0.855551390957
0.854045462389
0.852513871084
0.850955873656
0.849373957773
0.847773322774
0.846159807549
0.844537454623
0.842908265248
0.841274844206
0.839642521293
0.838017545774
0.836403136481
0.834797645167
0.833196141631
0.831594639577
0.829994593484
0.828402587445
0.826825240762
0.825266309629
0.823727279047
0.822208078097
0.820707430122
0.819222481435
0.817750700036
0.816293099604
0.814851789023
0.813425063793
0.812005827206
0.810585615146
0.809157643015
0.807716203665
0.806256552104
0.804774643445
0.803264989559
0.801721199992
0.800139515137
0.798517742114
0.796851000034
0.795132766468
0.793357763213
0.791523780386
0.789631538746
0.787679460739
0.785662610584
0.78357595108
0.781414553786
0.779174775919
0.776852637757
0.774444359398
0.771949231713
0.769448741317
0.7680573825
0.78475132216
1.00787923193
1.12688933869
1.24324680792
1.23518688386
1.21598473596
1.19836142023
1.19254941691
1.19189923419
1.19744633279
1.20446854667
1.20597007146
1.19890835513
1.18312349045
1.16010661549
1.13495467796
1.11285611498
1.09885330491
1.0866247233
1.07609246787
1.06616488952
1.0374732256
1.01274887747
1.02364068272
1.00736408069
0.936780282136
0.938544322805
0.880939095982
0.887401010576
0.816898945074
0.855526772784
0.883864586594
0.850757756986
0.88108918704
0.849170572881
0.835343765253
0.826311949776
0.809343950321
0.781069904411
0.767625252755
0.782459122693
0.777665381681
0.776459102688
0.779712232881
0.813652770722
0.769010183523
0.741169154321
0.886104199619
0.879111879467
0.806602580937
0.868708702418
0.82967737952
0.806762963709
0.81524697013
0.790171419639
0.748970365369
0.780335331272
0.807556852154
0.730553552896
0.783547655905
0.770357296387
0.725594291701
0.779612378959
0.747333533318
0.706160315724
0.749489501854
0.761936828163
0.71573604705
0.711977515265
0.73552872175
0.7188084586
0.69847983544
0.723894640419
0.702697505105
0.69337890033
0.709027116211
0.697691345494
0.687790883416
0.696398658902
0.685821129284
0.690095851407
0.688031406506
0.681473180546
0.688866861487
0.680135795992
0.681302225055
0.680525010739
0.677150192584
0.677425114795
0.673907751681
0.675645623943
0.670553114865
0.673351885849
0.668959219252
0.669952782366
0.666753728063
0.667229724138
0.664144030836
0.664209421227
0.662003889193
0.660743655235
0.660067459883
0.657528357198
0.657271427617
0.655646312149
0.653428466675
0.652238065588
0.651527688048
0.650046311439
0.648643021299
0.647174334316
0.647896481587
0.653142278984
0.675714395029
0.701772311258
0.761169477321
0.667819605009
0.793139506478
0.654939977894
0.75623488588
0.767777237254
0.640564923251
0.757099996024
0.736276265507
0.633166786051
0.718051726784
0.747781445165
0.681352115366
0.621943343653
0.673446837366
0.724282557945
0.70910711088
0.654678726366
0.627589513226
0.643702861308
0.669511233464
0.681905100278
0.670780987236
0.641700181181
0.61644376949
0.617497032584
0.638372746292
0.647999272406
0.633820439091
0.614414676392
0.611013819515
0.620754638336
0.62778512122
0.624072830219
0.614134365463
0.608896671719
0.612625351477
0.617070392749
0.61409222957
0.607990904994
0.607648107122
0.611008263637
0.610510165351
0.606349249935
0.605020687247
0.607258171412
0.60723918773
0.604045487062
0.603162341898
0.604741904685
0.603985043106
0.601822908997
0.602056424475
0.602424030992
0.600955089086
0.600311785937
0.600604742702
0.599630578694
0.5987649358
0.59895709668
0.59811791852
0.597246871521
0.597259913934
0.596480197275
0.595721527088
0.595508238269
0.594646981252
0.594176585875
0.59357310719
0.592819499407
0.592356879351
0.591457804407
0.590950093241
0.590059750865
0.589420973805
0.588524682094
0.58780407763
0.586839268082
0.586046437924
0.585033766701
0.584084915928
0.583089609896
0.581962463281
0.58087400813
0.579744697545
0.578484583474
0.577176839081
0.57584428003
0.574487481072
0.573109923724
0.571898374544
0.571763592701
0.578884322754
0.62255064599
0.617522962405
0.567699625229
0.59850150007
0.588752546873
0.563655245691
0.590343059962
0.557924639273
0.5833989936
0.571102472968
0.562911012367
0.570052503554
0.555571416382
0.566274125839
0.547620879811
0.563819351994
0.544411972784
0.556445658005
0.544499544076
0.551149646626
0.541980973772
0.547217988146
0.539582496176
0.543468994339
0.537810904597
0.538411125373
0.537758939826
0.534067380817
0.535328349319
0.532604512734
0.530501340168
0.53155335286
0.528915104977
0.526916612545
0.527304067839
0.526963724752
0.524521697098
0.522472259791
0.520458646089
0.519418770304
0.518212149593
0.517966788798
0.524531712629
0.56644064752
0.545119023057
0.514409420284
0.518656988184
0.547811758091
0.513286779724
0.52631785167
0.524205083729
0.502930885684
0.514072084444
0.513211009737
0.499846904836
0.500900485633
0.508522858385
0.505249284375
0.495968621332
0.492398198168
0.494741325325
0.499723789604
0.511542246471
0.527829677909
0.538061251052
0.51553687835
0.505830972174
0.512051714697
0.545158103209
0.482842821881
0.52135720269
0.487615209355
0.496032729761
0.493199575312
0.478971153646
0.502198223103
0.479378028241
0.492524613107
0.479730548075
0.485132971183
0.475421562036
0.485258494322
0.468169209429
0.48202096453
0.464191231554
0.479563730059
0.464252069029
0.469054506627
0.467427476852
0.460347277609
0.468040645592
0.46160180631
0.458268727881
0.463377497899
0.460052924844
0.455100755917
0.454798709213
0.459145353329
0.46131489194
0.4592421593
0.454279155976
0.451760485998
0.453365681117
0.457373699588
0.474504349532
0.513093657564
0.451909619758
0.484134503028
0.450365825635
0.465730017618
0.454336377863
0.455279742599
0.453819629665
0.439855259655
0.453620366578
0.441307965477
0.441032253443
0.453275698724
0.435670560061
0.43644479659
0.441133780574
0.434991649695
0.429854582596
0.431414019916
0.434531266627
0.43059062622
0.429259541764
0.424516927848
0.422802213707
0.422833180616
