0.11105503297
0.111053965606
0.111051883573
0.111048830961
0.111044843973
0.111039951557
0.111034175947
0.111027533134
0.111020033265
0.11101168099
0.11100247574
0.110992411965
0.110981479321
0.110969662809
0.110956942882
0.110943295499
0.11092869216
0.110913099886
0.110896481175
0.110878793923
0.110859991302
0.110840021614
0.1108188281
0.110796348715
0.11077251587
0.110747256128
0.110720489858
0.110692130854
0.110662085895
0.110630254266
0.110596527218
0.11056078738
0.110522908103
0.110482752744
0.110440173885
0.110395012471
0.110347096884
0.110296241929
0.110242247748
0.110184898642
0.110123961824
0.110059186094
0.109990300442
0.109917012604
0.109839007595
0.109755946234
0.109667463736
0.109573168413
0.109472640601
0.109365431915
0.109251065022
0.109129034142
0.108998806577
0.108859825647
0.108711515521
0.108553288561
0.108384555942
0.108204742487
0.108013306796
0.10780976792
0.107593739877
0.10736497522
0.107123418494
0.106869269572
0.106603055272
0.10632570495
0.106038621666
0.105743734617
0.105443510977
0.105140896912
0.104839150745
0.104541530657
0.104250812435
0.103968648621
0.103694845829
0.103426727625
0.103158839342
0.102883282247
0.102590865105
0.102272990125
0.101923805721
0.101541851364
0.10113043593
0.100696442537
0.100247960451
0.0997917011818
0.0993312215573
0.0988665460872
0.098395160632
0.0979138808596
0.097420916526
0.0969174728926
0.0964083169817
0.0959008690098
0.0954027118788
0.0949181430803
0.0944454119415
0.0939767880181
0.0935024056608
0.0930158802649
0.0925174140808
0.0920115677277
0.0915015452351
0.0909851056659
0.0904556875922
0.0899077470159
0.0893418357543
0.0887650039774
0.0881857876653
0.0876084328546
0.0870329053843
0.0864606297509
0.0858970567587
0.0853459151209
0.0848036038828
0.0842631610728
0.083722007592
0.0831809618967
0.0826372963851
0.082087321685
0.0815355988994
0.0809911889927
0.0804577416609
0.0799363097757
0.0794280301735
0.0789286439833
0.0784330496835
0.0779381517907
0.0774356361364
0.0769176435789
0.0763758221838
0.0757961358802
0.0751735611213
0.0745201773048
0.0738651666253
0.0732230003411
0.0725864058326
0.0719173574688
0.071195750792
0.0704332762078
0.0696733898177
0.0689703636334
0.06834698215
0.0677637052246
0.0671649421087
0.0665193538376
0.0658394157089
0.0651430707872
0.0644550174725
0.0637832065315
0.0632108056232
0.0633433832009
0.0693426470571
0.0613836558281
0.0627220614786
0.0700643966288
0.0645772563639
0.0701374071672
0.0612490781664
0.064064709759
0.0710515785708
0.0676500567353
0.0583807541476
0.0601575765041
0.0656250827662
0.0599656601244
0.0557760626258
0.0587540985764
0.0618495828514
0.0623531777401
0.0599669180217
0.0561504714602
0.0538967439999
0.055132424706
0.0573394317383
0.057632983061
0.0555571804435
0.0532436883982
0.0526258443201
0.0534763150262
0.0543395713289
0.0542037630661
0.0530736257144
0.0518763166259
0.051636468019
0.0522410181779
0.0524646037819
0.0517683102864
0.050986693492
0.050927930278
0.0512395743447
0.0511793581211
0.0506474385514
0.0502475788796
0.0503416115913
0.0504163795156
0.0500606513131
0.0497014994048
0.0496934487264
0.0496763996293
0.049371613504
0.0491030502302
0.0490752692369
0.0489177387304
0.048612876647
0.0484921469416
0.0483593045561
0.0480722069176
0.0479008491084
0.0477318867742
0.0474432097842
0.0472609975506
0.0470189464814
0.0467390600371
0.0465237015842
0.046211737601
0.0459576028256
0.0456461031122
0.0453431979552
0.0450201273814
0.0446809919471
0.0443311124181
0.0439646565879
0.0435781691829
0.0431888285338
0.0427619884047
0.0423450037166
0.0418889664596
0.0414231214504
0.0409517680163
0.0404486638094
0.0399280419796
0.0394018105872
0.0388633901286
0.0383090041954
0.0377459254113
0.0371946102332
0.0367579735844
0.0369023354852
0.0402050695849
0.0353910131254
0.0348841460881
0.0377102860116
0.0332554851903
0.037422933246
0.0323002730496
0.0348604114408
0.0347525800656
0.0308140612212
0.034071248997
0.0324049431479
0.0299156533608
0.0321481452711
0.0321091426145
0.0293537871027
0.0294693874935
0.0308483238291
0.0298424579024
0.0281736842913
0.0285413251643
0.029287877823
0.0285413068944
0.0274907639847
0.0278258843089
0.02819113772
0.0274054567978
0.0269785160352
0.0273684992828
0.0272243827335
0.0266214069233
0.0266822428905
0.0268072601583
0.0263537868762
0.0262110247705
0.0263372002415
0.0260491165025
0.0258403378937
0.0259167259528
0.0256851849217
0.0255118936894
0.0255271430185
0.0253062514584
0.0251839703791
0.0251359262644
0.0249164119254
