1.15472820085
1.15470698123
1.15466560477
1.15460497675
1.15452585801
1.1544288767
1.15431453866
1.15418323679
1.15403525916
1.1538707964
1.15368994803
1.15349272813
1.15327907022
1.15304883158
1.15280179685
1.15253768121
1.15225613299
1.15195673587
1.15163901067
1.15130241667
1.15094635273
1.15057015799
1.15017311225
1.14975443617
1.14931329113
1.1488487789
1.14835994105
1.14784575819
1.14730514903
1.14673696916
1.14614000979
1.14551299624
1.14485458632
1.14416336855
1.14343786024
1.14267650549
1.14187767298
1.14103965378
1.14016065892
1.13923881698
1.13827217149
1.13725867835
1.1361962031
1.13508251818
1.13391530009
1.13269212656
1.13141047362
1.13006771273
1.12866110779
1.12718781229
1.12564486633
1.12402919375
1.1223375993
1.12056676586
1.11871325168
1.11677348778
1.11474377543
1.11262028375
1.11039904744
1.10807596469
1.10564679531
1.10310715894
1.10045253361
1.09767825449
1.09477951287
1.09175135547
1.08858868404
1.08528625523
1.08183868094
1.07824042887
1.07448582362
1.07056904813
1.06648414558
1.06222502191
1.05778544873
1.05315906701
1.04833939139
1.04331981531
1.03809361718
1.0326539675
1.02699393751
1.02110650929
1.0149845879
1.00862101585
1.00200859048
0.995140084884
0.988008273114
0.98060596068
0.972926021373
0.964961441792
0.956705375072
0.94815120561
0.939292626787
0.930123733946
0.920639135115
0.910834082148
0.900704625085
0.890247792575
0.87946180109
0.868346295378
0.856902622051
0.845134137365
0.833046549001
0.820648289996
0.807950920796
0.794969552715
0.781723282907
0.768235627358
0.754534934612
0.740654759168
0.726634170234
0.712517969288
0.698356789202
0.684207049262
0.670130744449
0.656195053856
0.642471761382
0.629036490221
0.615967758664
0.603345865551
0.591251606537
0.579764806476
0.56896263086
0.558917617332
0.54969535845
0.541351783547
0.533930044091
0.527457109006
0.52194031552
0.517364270422
0.513688613431
0.510847190506
0.508749104012
0.507281902178
0.506316874572
0.505716098178
0.505340605464
0.505058880689
0.504754855659
0.504334654345
0.503731485244
0.50290825764
0.501857678109
0.500599767788
0.499176948596
0.497647094898
0.496075228083
0.494524797072
0.493049656741
0.491687844736
0.490458021184
0.489359003183
0.488372294248
0.487467008727
0.486606233841
0.485753713533
0.484879774653
0.483965605957
0.48300529458
0.482005384035
0.480982113741
0.479956900966
0.478950981132
0.477980354039
0.477052200025
0.476163659405
0.475303307708
0.474454912424
0.473602337026
0.472734029825
0.471845610965
0.470939697906
0.470023107779
0.469102573708
0.468180694035
0.467253725656
0.466312050494
0.465342999904
0.464334696725
0.463279119434
0.462172944965
0.46101579611
0.459806869639
0.458541882205
0.457212217442
0.455806910574
0.454316243571
0.452734459053
0.451059556206
0.449290329164
0.447423242782
0.445452249972
0.443372282973
0.441183541073
0.43889234517
0.436507396702
0.434035279631
0.431479873625
0.428844612094
0.426131670677
0.423337493142
0.420453331209
0.417475031943
0.414411382429
0.411282112118
0.408113796516
0.404938570418
0.401785043973
0.398664779536
0.395573581259
0.392503689369
0.389450314561
0.386416641986
0.383414696716
0.380449973488
0.377511251237
0.374579092089
0.371636537756
0.3686808314
0.365715913489
0.362730377617
0.359696545166
0.356582060578
0.353365518769
0.350030141857
0.346551111319
0.342900070232
0.339062423838
0.335037961782
0.330825291397
0.326424194569
0.321849729048
0.317116306193
0.312220092035
0.307152837968
0.301901165334
0.296433451349
0.290728812015
0.284795921514
0.278663926543
0.272412310636
0.26623812824
0.262039093822
0.282231921848
0.297340019827
0.243323008349
0.267716720269
0.235566507764
0.254462271754
0.241659785035
0.226621002167
0.239103631526
0.217111740633
0.214916674156
0.221808588767
0.201898813235
0.208960001139
0.203856550477
0.194233125871
0.200566956268
0.187858012641
0.191872752491
0.186071548924
0.183225996463
0.182572149611
0.177271704253
0.177884097929
0.172365712702
0.172567824364
0.167897900997
0.167052255552
0.16399523537
0.160979039974
0.160274804462
0.155690043146
0.154679483744
0.152920684496
0.148960324247
0.146735139213
0.145850929503
0.144384819897
0.142239177307
0.140530958562
0.140552892397
0.144517046635
0.153903720744
0.129685880716
0.13613756499
0.125575321117
0.129846228818
0.12253111721
0.123903986548
0.120152001264
0.118309963858
0.118909768343
0.113739124304
0.116634942055
0.111481938076
0.111816495745
0.110873488607
0.107410681704
0.108261415157
0.106369668457
0.103916937775
0.103901787864
0.103023779121
0.100697651598
0.0983441293636
0.0967618531776
0.0959415655162
0.0964915032135
0.10097241088
0.0913095368597
0.0919023632135
0.0945551129807
0.0872509640623
0.0874953430821
0.0894251806359
0.083943312597
0.0826662867226
0.0848435658211
0.0824335304743
0.078737858931
0.0772546324213
0.0777893320412
0.0793912440643
0.0814217340909
0.0900502466619
0.070453529262
0.0776819751835
0.0680445256719
0.0732074090084
0.0651617475486
0.0703573975013
0.0685236064705
0.0637461788865
0.0679637445643
0.0670061905938
0.0624130078118
0.0641146176831
0.0652293230571
0.0616858639651
0.0615155942736
0.062935456081
0.0608903591857
0.0601447309168
0.0613761067702
0.0600349751863
0.0593196687709
0.0600846986073
0.0591097473952
0.0586425265615
0.0591315940339
0.058323449558
0.0581075150484
0.0582827881061
0.0576052811039
0.057640639278
0.0575812317912
0.0570984186175
0.0572254856508
0.0569128899999
0.0567105891274
0.0567187416742
0.056374555396
0.0563711092308
0.0561391685219
0.0559923272219
0.0558861833448
0.0556694110027
0.055600589066
0.0553719983087
0.0552987351795
0.0550862929626
0.0549985245628
0.0548006280872
0.0546883282873
0.0545142310308
0.0543680968844
0.0542250501403
0.0540416274061
0.0539102809495
0.0537337791578
0.0535657716617
0.0534187480463
0.0532404992205
0.0530642899661
0.052906315999
0.0527394850854
0.0525584347918
0.0523771165629
0.0522029381186
0.0520337877814
0.0518671950987
0.0517073048273
0.0515698668267
0.0515142664596
0.0517773691863
0.0533643572177
0.0644994289266
