2.17770186162
2.1776907789
2.17766916655
2.1776374936
2.17759615207
2.1775454631
2.17748568257
2.17741700585
2.17733957214
2.17725346819
2.17715873155
2.1770553534
2.17694328097
2.17682241958
2.17669263438
2.17655375172
2.1764055603
2.176247812
2.17608022247
2.17590247152
2.17571420325
2.17551502597
2.17530451196
2.17508219695
2.17484757951
2.17460012018
2.17433924047
2.17406432161
2.17377470318
2.17346968152
2.17314850795
2.17281038683
2.17245447335
2.17207987121
2.17168562998
2.17127074228
2.17083414074
2.17037469467
2.16989120647
2.16938240776
2.16884695516
2.16828342581
2.16769031246
2.16706601824
2.16640885096
2.165717017
2.16498861468
2.16422162713
2.1634139146
2.16256320608
2.16166709032
2.16072300604
2.15972823136
2.15867987236
2.15757485061
2.1564098897
2.15518150054
2.15388596541
2.15251932057
2.15107733736
2.14955550153
2.1479489907
2.14625264972
2.14446096375
2.14256802881
2.14056751939
2.13845265313
2.13621615187
2.13385019901
2.13134639251
2.12869569331
2.12588836842
2.12291392839
2.11976105819
2.11641754122
2.11287017531
2.10910468014
2.10510559516
2.10085616685
2.09633822462
2.09153204396
2.08641619589
2.08096738166
2.07516025139
2.06896720595
2.06235818116
2.05530041394
2.04775819049
2.03969257741
2.03106113784
2.02181763613
2.01191173705
2.00128870847
1.98988914073
1.97764870153
1.96449795266
1.95036226481
1.9351618791
1.9188121804
1.9012242668
1.8823059241
1.861963141
1.84010233105
1.81663345603
1.79147426818
1.76455589539
1.7358299694
1.70527742206
1.67291892147
1.63882666013
1.6031368167
1.56606148976
1.52789829088
1.48903520483
1.44994799443
1.41118764327
1.37335638044
1.33707282607
1.30292945007
1.27144807801
1.24304053984
1.21798091089
1.19639314495
1.17825425752
1.16341008091
1.1515990615
1.14247969679
1.13565829067
1.13071487383
1.12722593411
1.12478306417
1.12300700405
1.12155699839
1.12013588409
1.11849175683
1.11641733252
1.1137481941
1.11036102987
1.10617278206
1.10114136416
1.09526826064
1.08860282489
1.08124733425
1.07336074337
1.0651576228
1.05689733835
1.04885810051
1.04129277712
1.03437007927
1.02811584662
1.02238030922
1.01685935422
1.01118238544
1.00504730004
0.998349723444
0.991241664729
0.984079113662
0.977272894196
0.971113143441
0.965657118294
0.960735275689
0.95606438053
0.951403058204
0.946671219514
0.941975657321
0.937526104782
0.933482502057
0.929828805163
0.92637480961
0.922902989308
0.919344993082
0.915824296596
0.912518892656
0.90948028176
0.906593074894
0.903710503235
0.900813737123
0.898015943739
0.895402787901
0.892905611519
0.890383996651
0.887808138268
0.885265702392
0.882784715025
0.880267955143
0.877644484812
0.874966367516
0.872278942423
0.869519297336
0.866647694127
0.863729141812
0.860786664021
0.857767604118
0.854691633801
0.851606456969
0.848470908105
0.845276325044
0.842058490806
0.838775247609
0.835417628649
0.83199810285
0.8284682842
0.824836036411
0.821078525629
0.817174029485
0.813132080198
0.808930632723
0.804593332934
0.800103762212
0.795474826989
0.790678706084
0.785711441316
0.780542880097
0.775167308647
0.769566523489
0.763727006484
0.757639952679
0.751287435406
0.744662594927
0.737758215117
0.730558273316
0.723044952988
0.715198470469
0.707014060416
0.698504078327
0.689941530476
0.68347643137
0.700196687198
0.893733363249
0.656846961286
0.997533663143
0.688609173516
0.792238428455
0.640987706842
0.772264138946
0.698809054022
0.652175752327
0.727281664036
0.630758314119
0.622337692555
0.673177251345
0.593062389107
0.592307923604
0.628727909768
0.607016591345
0.564781504752
0.580667786785
0.59949711836
0.567067603382
0.555173468861
0.573841131424
0.563888255621
0.542794247814
0.555769520957
0.553790428939
0.536142656706
0.545232589914
0.541136487945
0.528482386179
0.536224521851
0.528465731648
0.523653823546
0.52716884138
0.517426393959
0.518975546668
0.515447792783
0.51092915107
0.511831546828
0.504953015529
0.506204056382
0.500144904929
0.500116122674
0.495452467581
0.494389244211
0.489812208903
0.488706369421
0.483958366043
0.482737271965
0.478342958531
0.475226157902
0.47285350813
0.468258394214
0.464641020955
0.461936220156
0.458332460317
0.453752392479
0.449139701589
0.444633523681
0.440202865659
0.436248549665
0.435926942601
0.461142151784
0.473744005335
0.425906969129
0.4128372861
0.43435001926
0.404339131353
0.406463012596
0.414488669802
0.387732415147
0.395409100991
0.39924083301
0.374637241609
0.379828489957
0.389670435832
0.367404707367
0.357755222552
0.365035337407
0.367455791036
0.360588312253
0.347238796333
0.338873226483
0.333242377415
0.329110941071
0.326956451752
0.336504128184
0.401580351208
0.399526122187
0.312267222636
0.341982617316
0.327049149088
0.30315915896
0.34186533293
0.29226221957
0.324004084575
0.312563666548
0.288126012927
0.314553937507
0.283439360855
0.283857680097
0.296963552878
0.280070561013
0.26973470034
0.28279494945
0.282855260048
0.267108534404
0.264425679695
0.27255522382
0.269852720768
0.260245216105
0.261422743329
0.265605953858
0.259762861155
0.255608067468
0.259153672048
0.258221319544
0.253343163429
0.254508866249
0.255142672155
0.251225258982
