1.3436549675
1.34228559659
1.3396177409
1.33571419448
1.33063035732
1.32441492135
1.31711054025
1.30875448109
1.29937925793
1.28901324871
1.27768129767
1.26540530605
1.25220481399
1.23809757658
1.2231001367
1.20722839697
1.19049819226
1.17292586354
1.15452883266
1.13532617634
1.11533919627
1.0945919802
1.0731119474
1.05093036941
1.02808285513
1.00460978708
0.9805566937
0.955974540914
0.930919925029
0.905455148519
0.87964816078
0.853572347539
0.827306155541
0.800932543558
0.774538256584
0.748212927324
0.722048017318
0.696135619015
0.670567149058
0.645431971409
0.620815995846
0.596800302122
0.573459842008
0.550862270183
0.52906695024
0.508124174252
0.488074623833
0.468949088245
0.450768441951
0.433543870998
0.417277325983
0.401962169795
0.387583981513
0.374121474057
0.361547482371
0.349829980801
0.338933092356
0.328818058183
0.319444142037
0.310769451373
0.302751663214
0.295348648914
0.288518997004
0.282222437393
0.276420173206
0.27107512867
0.266152122632
0.261617977829
0.257441575975
0.253593868253
0.25004785008
0.246778508056
0.243762746066
0.240979296462
0.238408621303
0.236032807737
0.233835460805
0.231801596229
0.229917535165
0.228170802366
0.226550028783
0.225044859305
0.223645866042
0.222344467352
0.221132852649
0.22000391289
0.218951176575
0.217968751011
0.217051268554
0.216193837524
0.215391997474
0.214641678495
0.213939164242
0.213281058375
0.21266425413
0.212085906747
0.211543408504
0.21103436611
0.210556580258
0.210108027116
0.20968684159
0.209291302189
0.208919817326
0.208570912945
0.208243221317
0.207935470919
0.207646477274
0.207375134679
0.207120408719
0.206881329504
0.206656985557
0.206446518293
0.206249117031
0.206064014494
0.205890482743
0.205727829515
0.205575394914
0.205432548429
0.205298686253
0.205173228857
0.20505561881
0.204945318813
0.204841809921
0.204744589944
0.204653172001
0.204567083206
0.204485863486
0.204409064498
0.20433624865
0.204266988208
0.204200864482
0.204137467078
0.204076393228
0.204017247176
0.203959639637
0.203903187315
0.203847512502
0.20379224275
0.203737010645
0.20368145368
0.203625214264
0.203567939875
0.203509283398
0.203448903667
0.203386466256
0.203321644547
0.203254121112
0.203183589447
0.203109756062
0.203032342952
0.202951090401
0.20286576007
0.20277613823
0.202682038929
0.202583306797
0.202479819025
0.202371485975
0.202258249709
0.202140079657
0.202016964674
0.201888900913
0.201755875434
0.201617846261
0.201474720857
0.201326336455
0.201172447197
0.201012723958
0.200846772247
0.200674170933
0.200494529404
0.200307553888
0.200113107286
0.199911244265
0.199702207669
0.199486384005
0.199264231721
0.199036209215
0.198802732389
0.198564179967
0.198320940976
0.198073472121
0.197822317579
0.197568054236
0.197311167316
0.197051919837
0.196790312128
0.196526185345
0.196259406151
0.195989974243
0.195717947537
0.195443274678
0.195165759099
0.194885263818
0.194601990308
0.194316550171
0.19402978224
0.193742595993
0.19345605485
0.193171455179
0.192890050156
0.192612618816
0.192339358763
0.19207002904
0.191803944643
0.19153998827
0.191276985603
0.191014007936
0.190750216189
0.1904847699
0.19021683501
0.189945216972
0.18966823406
0.189383994997
0.189090453104
0.188785834044
0.188468965289
0.18813908106
0.187795735349
0.18743834462
0.187066299534
0.186679156416
0.186277036033
0.185860571883
0.185430621655
0.18498767296
0.184531802894
0.184062990957
0.183581390806
0.183087005986
0.182579165734
0.182056663422
0.181518779297
0.180965888483
0.180398921994
0.179818992597
0.179232995889
0.178710407402
0.179119615838
0.188773312932
0.186639346481
