0.997626060161
0.997522317586
0.997320045371
0.997023701401
0.996637051271
0.99616322466
0.995604765905
0.994963679278
0.99424146946
0.993439177644
0.99255741368
0.991596384627
0.990555920056
0.989435494406
0.988234246698
0.986950997843
0.985584265809
0.984132278846
0.98259298699
0.980964072032
0.979242956123
0.977426809178
0.975512555249
0.973496878002
0.971376225439
0.969146814008
0.966804632235
0.964345443993
0.961764791563
0.959057998593
0.956220173107
0.953246210681
0.950130797941
0.946868416519
0.943453347618
0.939879677348
0.936141302996
0.93223194041
0.928145132678
0.92387426031
0.919412553113
0.914753104008
0.909888884991
0.904812765511
0.899517533507
0.893995919373
0.888240623138
0.882244345137
0.875999820469
0.869499857539
0.86273738096
0.85570547911
0.848397456613
0.84080689197
0.832927700572
0.824754203249
0.816281200471
0.807504052233
0.798418763581
0.789022075605
0.779311561629
0.769285728135
0.758944119824
0.748287427997
0.737317601219
0.726037956982
0.714453292851
0.702569995238
0.69039614374
0.677941608614
0.665218138751
0.652239437206
0.63902122117
0.625581263089
0.611939409556
0.598117574651
0.584139704488
0.570031710078
0.555821365964
0.541538172752
0.527213182389
0.512878785984
0.498568465038
0.484316508186
0.470157696784
0.456126964058
0.442259033745
0.428588045374
0.415147174306
0.401968255398
0.38908141956
0.376514752539
0.364293984899
0.352442221409
0.340979716908
0.329923704242
0.319288278086
0.309084336608
0.299319580879
0.289998570051
0.281122828494
0.272690999554
0.264699039358
0.257140443196
0.250006496546
0.24328654266
0.236968258862
0.231037934247
0.225480742217
0.220281002207
0.215422426014
0.210888345185
0.206661916959
0.20272630726
0.199064850095
0.19566118347
0.192499362566
0.189563951398
0.18684009453
0.18431357067
0.181970830086
0.17979901784
0.177785984809
0.175920288367
0.174191184521
0.172588613085
0.171103177387
0.169726119775
0.168449294059
0.16726513585
0.166166631616
0.165147287126
0.164201095836
0.163322507662
0.162506398495
0.161748040696
0.161043074804
0.160387482552
0.159777561305
0.159209899958
0.158681356304
0.158189035866
0.157730272165
0.157302608373
0.156903780298
0.156531700649
0.156184444488
0.155860235828
0.155557435292
0.155274528755
0.155010116919
0.154762905739
0.154531697641
0.154315383475
0.154112935137
0.153923398813
0.153745888789
0.153579581781
0.15342371175
0.153277565135
0.1531404765
0.153011824533
0.152891028377
0.152777544257
0.152670862384
0.152570504099
0.152476019237
0.152386983697
0.152302997185
0.152223681121
0.152148676682
0.152077642978
0.152010255334
0.151946203664
0.151885190928
0.151826931658
0.151771150532
0.151717580985
0.151665963855
0.15161604603
0.151567579094
0.151520317959
0.151474019456
0.15142844087
0.151383338412
0.15133846558
0.151293571406
0.151248398555
0.151202681223
0.15115614283
0.151108493421
0.151059426755
0.151008616988
0.150955714891
0.150900343503
0.15084209309
0.150780515305
0.150715116339
0.150645348896
0.150570602719
0.150490193366
0.150403348872
0.150309193819
0.150206730266
0.150094814854
0.149972131238
0.14983715687
0.149688122922
0.149522966001
0.149339270136
0.149134197478
0.148904406372
0.148645956134
0.148354199458
0.148023666554
0.147647951002
0.147219617406
0.146730167198
0.146170122593
0.145529317879
0.144797511272
0.143965421931
0.143026207593
0.141977188773
0.140821355954
0.139568139197
0.138233398072
0.136839272421
0.135414135231
0.133991139512
0.132603465499
0.131277309541
0.130026544258
0.128851900638
0.12774412934
0.126688727978
0.125670347652
0.124676315089
0.123699098766
0.1227362002
0.121784175315
0.120826934409
0.119831772707
0.118769112209
0.117632481687
0.116417819724
0.115096135603
0.113637451072
0.112043618387
0.11031158029
0.108410782714
0.106362951602
0.104210211874
0.101989734007
0.0997967834574
0.0976958502906
0.0957671049537
0.0940456428951
0.0925071789667
0.0911222160421
0.0898414613886
0.0886545536077
0.0875508831159
0.0865399123052
0.0856139523341
0.0847724278121
0.0839974222538
0.0832771716368
0.0825996733635
0.0819653553194
0.0813774661752
0.0808452455341
0.0803735602092
0.0799626113242
0.0796068112916
0.0792985290757
0.079030679752
0.0787962048753
0.0785907782728
0.0784103645134
0.0782529084316
0.0781159472979
0.0779970446258
0.0778936729979
0.0778030524001
0.0777230925052
0.0776518818862
0.0775880254383
0.0775306685135
0.0774790749782
0.0774327613153
0.0773912729372
0.0773540734673
0.0773206919138
0.0772906437171
0.0772634761434
0.0772388489371
0.0772164584346
0.0771960503212
0.0771774374553
0.0771604421429
0.0771449030106
0.0771306840956
0.077117646196
0.0771056588518
0.0770946113222
0.0770843988837
0.0770749308188
0.0770661357219
0.0770579499107
0.0770503188187
0.0770431984043
0.0770365469988
0.0770303260421
0.0770245020344
0.077019042381
0.077013916495
0.0770090979009
0.0770045620538
0.0770002869034
0.0769962539476
0.0769924463643
0.0769888488693
0.0769854481738
0.0769822317542
0.0769791878301
0.0769763058205
0.0769735757003
0.076970988079
0.0769685345568
0.0769662073298
0.0769639992077
0.0769619037578
0.0769599149587
0.0769580271529
0.0769562351118
0.0769545338336
0.0769529185642
0.0769513848719
0.0769499285372
0.07694854558
0.0769472322983
0.0769459851897
0.0769448009601
0.0769436765274
0.0769426089543
0.0769415954496
0.0769406333669
0.0769397201711
0.0769388534498
0.0769380309154
0.0769372503841
0.0769365097823
0.0769358071432
0.0769351405918
0.0769345083466
0.0769339087135
0.0769333400736
0.0769328008838
0.0769322896727
0.0769318050348
0.0769313456324
0.0769309101912
0.0769304974968
0.0769301063935
0.0769297357817
0.0769293846135
0.0769290518928
0.0769287366714
0.0769284380464
0.0769281551593
0.0769278871936
0.0769276333731
0.0769273929604
0.0769271652556
0.0769269495934
0.0769267453428
0.0769265519046
0.0769263687101
0.0769261952198
0.0769260309216
0.07692587533
0.0769257279843
0.0769255884477
0.0769254563062
0.0769253311673
0.0769252126592
0.0769251004295
0.0769249941443
0.0769248934874
0.0769247981592
0.076924707876
0.0769246223692
0.0769245413843
0.0769244646805
0.0769243920296
0.0769243232158
0.0769242580348
0.076924196293
0.0769241378074
