0.3317844346
0.331784247
0.331783881204
0.331783345233
0.331782645835
0.331781788595
0.331780778021
0.331779617628
0.331778310013
0.331776856917
0.331775259282
0.331773517302
0.331771630469
0.331769597607
0.33176741691
0.331765085968
0.331762601791
0.331759960832
0.331757159001
0.331754191682
0.331751053742
0.331747739539
0.331744242929
0.33174055727
0.33173667542
0.331732589743
0.331728292101
0.331723773854
0.331719025855
0.331714038443
0.331708801434
0.33170330412
0.331697535251
0.331691483031
0.331685135106
0.331678478557
0.331671499881
0.331664184989
0.331656519188
0.331648487174
0.33164007302
0.331631260165
0.331622031406
0.331612368887
0.331602254092
0.33159166784
0.331580590277
0.331569000876
0.331556878433
0.33154420107
0.331530946234
0.331517090713
0.331502610634
0.331487481487
0.331471678136
0.331455174846
0.331437945305
0.331419962662
0.331401199563
0.331381628196
0.331361220344
0.331339947444
0.331317780657
0.331294690939
0.331270649133
0.33124562606
0.331219592626
0.331192519936
0.331164379427
0.331135142997
0.331104783166
0.331073273233
0.33104058745
0.331006701214
0.330971591262
0.330935235883
0.330897615142
0.330858711113
0.330818508119
0.330776992987
0.330734155301
0.330689987673
0.330644485999
0.330597649734
0.330549482149
0.330499990593
0.330449186737
0.330397086809
0.330343711804
0.330289087681
0.330233245514
0.330176221626
0.330118057662
0.330058800633
0.329998502886
0.329937222033
0.32987502079
0.329811966763
0.329748132136
0.329683593283
0.329618430289
0.329552726368
0.329486567197
0.329420040136
0.329353233362
0.329286234899
0.329219131555
0.329152007774
0.329084944405
0.329018017405
0.328951296479
0.328884843685
0.328818712007
0.328752943927
0.328687570008
0.328622607517
0.328558059113
0.328493911618
0.328430134906
0.328366680934
0.328303482938
0.328240454826
0.328177490787
0.328114465146
0.328051232481
0.327987628018
0.327923468335
0.327858552365
0.327792662722
0.327725567351
0.327657021486
0.327586769932
0.327514549625
0.327440092468
0.327363128396
0.327283388632
0.327200609062
0.327114533676
0.327024917962
0.326931532169
0.326834164308
0.32673262275
0.326626738282
0.326516365464
0.326401383141
0.326281693966
0.326157222858
0.326027914344
0.325893728831
0.32575463796
0.325610619329
0.32546165098
0.325307706219
0.3251487494
0.324984733346
0.324815599035
0.324641277976
0.324461697374
0.324276787791
0.324086492473
0.323890777087
0.323689638301
0.323483109607
0.323271263119
0.32305420675
0.322832077116
0.322605029483
0.322373226804
0.322136830134
0.321895992249
0.321650855247
0.321401551436
0.321148205512
0.320890935271
0.320629848545
0.320365035549
0.320096558232
0.319824440428
0.319548663536
0.319269171262
0.318985883575
0.318698716025
0.318407598067
0.318112485124
0.317813363586
0.31751025314
0.317203212877
0.316892354125
0.316577855818
0.31625997286
0.315939029515
0.315615398447
0.315289474908
0.314961656336
0.314632328738
0.31430185206
0.313970538912
0.313638633868
0.313306308201
0.312973674559
0.312640808102
0.312307758277
0.311974552363
0.311641201801
0.311307708064
0.310974051899
0.310640167033
0.310305921071
0.309971111886
0.309635464864
0.309298631218
0.308960201141
0.308619715942
0.308276655476
0.307930414334
0.307580274211
0.307225358421
0.306864588991
0.306496658138
0.306119995459
0.305732752782
0.305332811079
0.304917797141
0.304485122459
0.304032020425
0.303555613281
0.303053057878
0.302521846232
0.301960351421
0.30136868795
0.300749897967
0.300111188186
0.299464394847
0.298824365562
0.29820433777
0.297609272929
0.29703111729
0.296450909212
0.295847872372
0.29520915821
0.294533484079
