1.40552461962
1.40548388564
1.40540445622
1.40528806603
1.4051361712
1.40494997191
1.40473043243
1.404478299
1.40419411563
1.40387823802
1.40353084583
1.40315195344
1.4027414193
1.402298954
1.40182412723
1.40131637365
1.40077499786
1.40019917841
1.39958797105
1.39894031129
1.39825501614
1.39753078541
1.39676620227
1.39595973335
1.39510972838
1.39421441928
1.39327191893
1.39228021947
1.39123719029
1.39014057568
1.38898799215
1.38777692556
1.38650472788
1.38516861387
1.38376565751
1.38229278825
1.38074678729
1.37912428361
1.37742175016
1.37563549995
1.37376168228
1.3717962792
1.36973510204
1.36757378847
1.36530779979
1.36293241891
1.36044274888
1.35783371233
1.35510005183
1.35223633144
1.34923693967
1.34609609407
1.34280784772
1.33936609799
1.33576459786
1.33199697021
1.32805672555
1.32393728363
1.31963199954
1.31513419477
1.31043719401
1.30553436826
1.30041918509
1.29508526675
1.28952645701
1.28373689751
1.27771111446
1.27144411656
1.26493150474
1.25816959444
1.25115555092
1.24388753765
1.23636487792
1.22858822888
1.22055976717
1.21228338421
1.20376488872
1.1950122129
1.18603561754
1.17684789027
1.16746452947
1.15790390514
1.1481873863
1.13833942327
1.12838757175
1.11836244479
1.10829757851
1.0982291974
1.08819586694
1.07823802313
1.06839737283
1.05871616383
1.0492363304
1.03999852807
1.0310410806
1.02239887153
1.01410222241
1.00617580797
0.998637665372
0.991498358072
0.98476035474
0.978417679368
0.972455879323
0.966852344419
0.961576992246
0.95659331405
0.951859752761
0.947331361691
0.942961670673
0.938704667367
0.934516786505
0.930358790234
0.926197419402
0.922006699706
0.917768799058
0.913474354151
0.909122215607
0.904718602101
0.900275702958
0.895809823031
0.891339218044
0.886881816508
0.882453058114
0.878064090384
0.873720549333
0.869422102275
0.865162852225
0.860932598402
0.856718826025
0.852509175016
0.848294030069
0.84406880532
0.839835488582
0.835603083726
0.831386757518
0.827205752875
0.82308043826
0.819029150244
0.81506565089
0.811197960262
0.807428982586
0.803758769565
0.800187629261
0.796718856485
0.793359880398
0.790121194876
0.787013399518
0.784043624608
0.781213036996
0.778516693054
0.775945812149
0.773491166416
0.771145540456
0.768903691206
0.766759814481
0.764704272914
0.762722001939
0.760793912248
0.758900388014
0.757024370467
0.755152009748
0.753271227163
0.751370629117
0.749440835516
0.747477517075
0.745483091155
0.743464932302
0.741431493757
0.739389884778
0.737346361265
0.735307326786
0.733278096802
0.731260637193
0.729253936136
0.727257306918
0.725272540612
0.723302774255
0.721351222543
0.719421907417
0.717519003091
0.715643224845
0.713790335415
0.711953730371
0.710126078414
0.708299933012
0.706470833209
0.704638193705
0.70280192481
0.700961219073
0.699114319893
0.697257805373
0.69538937032
0.693508647304
0.691615255211
0.689707940755
0.687782344658
0.685832762397
0.683855284294
0.681849215471
0.679816381427
0.677757598306
0.67567234404
0.673559522967
0.671418909774
0.669249015473
0.667046325311
0.664807408806
0.662531247835
0.660217418841
0.657863083326
0.655463864756
0.653015130317
0.650511183618
0.647945439334
0.645312912912
0.642610421493
0.639834125679
0.636981259053
0.634050657694
0.631042202553
0.627964028782
0.624890486434
0.622709930831
0.633718136981
0.796194149807
0.792535958165
0.657448312894
0.70745232674
0.632829338358
0.683826112415
0.619892609354
0.678261321405
0.625405236164
0.626782274249
0.631816065373
0.60467543837
0.634793136731
0.612599410377
0.593405589528
0.615353912374
0.586291392475
0.605198942466
0.591967610966
0.58503828775
0.588137915636
0.575576304713
0.586623221143
0.571488412481
0.578201347105
0.567569446517
0.574329222935
0.565434088808
0.569273742421
0.560451560554
0.565606879069
0.557923008438
0.561117933613
0.553547186131
0.556489211558
0.552543776404
0.548859467807
0.550452216611
0.545718880154
0.544326606702
0.54407108726
0.540403309821
0.536686079099
0.535379335864
0.535180154837
0.535105140077
0.538365748372
0.55310722957
0.584889428709
0.527613574859
0.544315827694
0.554824162775
0.518115205344
0.519498456662
0.541239671199
0.50669090011
0.531184510213
0.508196009373
0.518346356059
0.505343459735
0.510802616891
0.501784071296
0.506347977093
0.494796258158
0.502839760076
0.489977154868
0.499883079824
0.484495901135
0.494305060971
0.483333355043
0.484654049213
0.484810162497
0.477305591884
0.482780360613
0.475852500004
0.473497904168
0.477138749052
0.471691098755
0.467462199649
0.469762658279
0.469908109729
0.464178887547
0.460471069697
0.460402409662
0.462665922474
0.467018209395
0.471003607945
0.475965187751
0.472956340817
0.475397393673
0.475811170514
0.4827197414
0.480910729085
0.494390563937
0.496902201069
0.50374301909
0.480471742957
0.475870309416
0.491030850164
0.562774335063
0.436178192524
0.547126003148
0.427466951139
0.51453006518
0.440948705367
0.482513767636
0.507668319044
0.431469404893
0.440766089211
0.483421257895
0.467962035
0.4215608077
0.426772551073
0.456217257706
0.451715295469
0.4190258937
0.41265131447
0.433931199688
0.444495858023
0.429783414592
0.409270619353
0.408757096443
0.422035285362
0.42431146817
0.412367174984
0.404413676699
0.409789469268
0.415242430685
0.410021659674
0.402379742021
0.404219017482
0.409019361131
0.406032589917
0.400612776488
0.401966634894
0.404598124903
0.401811037407
0.398802903138
0.400499438848
0.401199174709
0.398318873149
0.397408219821
0.398804479346
0.397661754286
0.395917977483
0.396643999056
0.396262650043
0.394623909386
0.394902993148
0.394681195854
0.393306535769
0.393383707101
0.392937135831
0.391868256726
0.39192863546
0.391124235191
0.390445348789
0.390251551319
0.389288461104
0.389020841785
0.388225749635
0.387684602247
0.387056275206
0.386346667349
0.385719331744
0.384958790209
0.384248697438
0.383486597952
0.382627368759
0.381893126869
0.380900144419
0.380068056458
0.379116789467
0.378039879077
0.37704835165
0.376002190891
