2.23811294612
2.19769100015
2.1154931227
1.98719582951
1.80707257381
1.57168161236
1.28713958371
0.97828710304
0.689252665019
0.463484661371
0.317236824399
0.236829187178
0.197814661619
0.180643723118
0.173904569583
0.171865297843
0.171835285778
0.172589951419
0.173585425998
0.174588985712
0.175509162183
0.176317646369
0.177013347951
0.177605910619
0.178108268823
0.178533420342
0.178893155468
0.179197677266
0.17945560951
0.179674156269
0.179859304937
0.180016025616
0.180148448654
0.180260015408
0.180353603105
0.18043162686
0.180496122444
0.180548813248
0.180591164451
0.180624426876
0.180649672614
0.180667824042
0.180679677546
0.18068592302
0.180687159928
0.18068391063
0.180676411804
0.180664853995
0.180649385936
0.180630118075
0.180607125424
0.180580449796
0.180550101518
0.180516060644
0.180478277721
0.180436674131
0.180391142007
0.180341543748
0.180287711105
0.180229443836
0.180166507898
0.180098633133
0.180025510396
0.17994678807
0.17986206787
0.17977089984
0.179672776421
0.179567125422
0.179453301718
0.179330577426
0.179198130297
0.179055029951
0.178900221549
0.178732506363
0.178550518608
0.178352697754
0.178137255329
0.177902135044
0.177644964782
0.17736299871
0.177053047403
0.176711393554
0.176333690494
0.175914840619
0.175448851038
0.174928664875
0.174345969413
0.173690988347
0.172952277665
0.172116568246
0.171168742456
0.170092112151
0.168869306169
0.167484309472
0.165926551094
0.164198375868
0.162327474268
0.160384945682
0.158505397383
0.156894421241
0.155791035374
0.155346757162
0.155438785438
0.155603681512
0.155261890371
0.154091541452
0.152310474716
0.150479087045
0.149049450895
0.148113772199
0.14748091843
0.14688186408
0.146121465289
0.145143541154
0.14403991208
0.143009651934
0.142243235589
0.141753505719
0.14131321629
0.140662223584
0.139802256838
0.138971266979
0.138325527711
0.13777739221
0.137144698459
0.13637222874
0.135589758043
0.134936324912
0.134332334613
0.133602914215
0.132819541749
0.13214983298
0.131522873412
0.130822865574
0.130154804713
0.129595129594
0.12898759863
0.128360419692
0.127810037275
0.127201580489
0.126564228175
0.125957660698
0.125273377521
0.124605995643
0.123909009188
0.123179169052
0.122458863824
0.121687484121
0.120931586414
0.120137468257
0.119366513311
0.118570289291
0.117794072653
0.116995698023
0.116194128491
0.115375809025
0.114534958573
0.113690103331
0.112821250227
0.111932467507
0.111034244575
0.110118870669
0.109184402524
0.108240226276
0.107291453877
0.106338840967
0.105382444475
0.104420638728
0.103451296389
0.102486801691
0.101628825713
0.101664561196
0.108960639337
0.0988801563946
0.101785728242
0.114362444265
0.110156141586
0.1052242102
0.0946187488697
0.098437754191
0.0934403496153
0.097278067899
0.0932247701933
0.0934981537822
0.0943667775364
0.0903579323848
0.0932855583031
0.0895536973968
0.0909735957474
0.0897721230327
0.0888918694046
0.088943932266
0.0878478780676
0.0880845816106
0.0867035927761
0.0871524772789
0.0860802425497
0.0860879142526
0.0852783132008
0.0850174085479
0.0847740415655
0.0839663857692
0.0841736578838
0.0832012260037
0.0829164006996
0.0827548233419
0.0819500228307
0.0814600342929
0.0813649961235
0.0810991061218
0.0803352989068
0.0796786377013
0.0791103205627
0.0785930319753
0.0780893484211
0.0776456320078
0.0776730267747
0.0801432259038
0.0979838766361
0.0789484768802
0.136936172904
0.115493156966
0.146323423854
0.152520609626
0.150784948806
0.142115290013
0.123964442305
0.0978616964707
0.102021930885
0.144499179485
0.130902828693
0.0919812585998
0.0937938920395
0.10817072801
0.118996331478
0.125389421473
0.128702134758
0.12934413198
0.127606046398
0.123524547019
0.117120041599
0.108638318798
0.0989681110171
0.0902650660832
0.0861769554317
0.0893758083003
0.0962954274287
0.100738780243
0.100572629702
0.0957360770561
0.0889922348086
0.0835526436928
0.0810801048929
0.0813155313959
0.0829280802165
0.0845529040092
0.0853192302849
0.0849166959968
0.0834438221095
0.0813887233314
0.0794859775258
0.0784182695255
0.0784147551169
0.079009940818
0.0793472029103
0.0788863593553
0.0777964125496
0.0767745224923
0.0763684933961
0.0765491458441
0.0768777670229
0.0769406683001
0.0766155055225
0.0760650600018
0.0756064664289
0.0754393563687
0.0754442361779
0.0753216797484
0.0749390640517
0.0744905517086
0.0742376211117
0.0741923954623
0.0741453064628
0.0739470006175
0.0736799951021
0.0735214482342
0.0734712036243
0.0733531920979
0.0731232050329
0.072936141864
0.0728444152093
0.072720422465
0.0725238892652
0.0723691447511
0.072268146992
0.0721118861027
0.0719369133035
0.0718190251451
0.0716805215856
0.0715043113757
0.0713629074261
0.0712042983416
0.0710177363096
0.0708616988813
0.0706806272133
0.0704930481303
0.0703128799308
0.0700989530705
0.0698954832966
0.0696668963239
0.0694378524477
0.0691948743885
0.0689432839449
0.0686841321967
0.068419173274
0.0681494745554
0.0678811762212
0.0676093584337
0.0673454788616
0.0670713898602
0.0667953598694
0.0665070421266
0.066188923125
0.0658440097383
0.0654838279818
0.0651186390526
0.0647489615709
0.0643684110282
0.0639736574241
0.0635833350431
0.0632980809936
0.0638323092308
0.0686758177778
0.0720319852475
0.0670246346305
0.0732109674645
0.0666743355499
0.0676763225689
0.0709945129572
0.0608355957984
0.0659419886214
0.0705491488715
0.0620844218255
0.0593938967528
0.0644682211461
0.0669446596851
0.0635904125181
0.0586603463653
0.0589625437732
0.062605768796
0.06334407203
0.060117036194
0.0574573263235
0.0581208933469
0.0599917588416
0.0602450743252
0.0585780558034
0.0569336956483
0.0571980757915
0.0584129405365
0.0582752340528
0.0569236689467
0.0564388919659
0.0571059590073
0.0573953166431
0.0567177143287
0.0560824296913
0.0563472495534
0.0566750628843
0.0562478506926
0.0557987523369
0.055974013385
0.0561228323317
0.0557893180047
0.0555114617141
0.0556541419334
0.0556515572331
0.0553422004609
0.0552818332351
0.0553548657718
0.0551673953838
0.0550063233541
0.0550488110597
0.0549289421853
0.0547629203111
0.0547638080091
0.0546549274249
0.0545059522529
0.0544820458043
0.0543494706979
0.0542392489416
0.0541774147933
0.054025044967
0.053951222021
0.0538196380298
0.0537054481387
0.0535911046794
0.0534510288104
0.0533345442442
0.0531823821647
0.0530514625175
0.0528933475416
0.0527413678482
0.0525812461558
0.0524030438363
0.0522384729649
0.0520445085782
0.0518508359001
0.0516584221968
0.051443906476
0.0512160626073
0.0509841316258
0.0507463139222
0.0505047175875
0.0502813164976
0.0502116539416
0.0512553564761
0.0582028525576
0.0627661856459
0.057438467175
0.0614633611425
0.0610377430625
0.054050985781
0.063372404227
0.0532428914422
0.0516697615062
0.0586344012261
0.0506800250648
0.0496057112255
0.0545768582357
0.053534151435
0.0483942613151
0.0489061382042
0.052256517403
0.0512108832223
0.047690073832
0.0476596320764
0.0497036738974
0.0503276942902
0.0487058767861
0.046819652329
0.0469337987681
0.048253199639
0.0482438584626
0.0468136658819
0.0461924258374
0.0468832283991
0.0472373936149
0.0465163548091
0.0458179358284
0.0461004610338
0.0464422029368
0.045955277448
0.0454566751304
0.0456490242757
0.0457719458305
0.0453594929047
0.0450939621102
0.0452795884356
0.045195997882
0.0448485107811
0.0448703456822
0.044914844379
0.0446574989987
0.0445737413713
0.0446332024794
0.0444426720781
0.0443549975437
0.0443766075383
0.0442114786569
0.0441492884364
0.0441202805578
0.0439667625232
0.0439438888263
0.0438362562945
0.0437466453158
0.0436891784107
0.0435671906612
0.043516485499
0.0433900009472
0.0433277876834
0.0432006675518
0.0431240778963
0.0429936477558
0.042900647169
0.0427712571761
0.0426521447533
0.0425333847791
0.0423877053909
0.042258753397
0.0421197080881
0.0419599375954
0.0418006930529
0.0416445433092
0.0414831256603
0.0413154168566
0.0411547310782
0.0410443207458
0.0412280496447
0.0425168522633
0.048972873324
0.0411031195254
0.0422519419921
0.0470377911733
0.0412777874738
0.0478507332258
0.0424963138498
0.0436783711964
0.0447944370539
0.0395712747221
0.0445911771468
0.0390644376599
0.0410245621958
0.0440692561666
0.0413391283675
0.037948720144
0.0400886097096
0.0428579801293
0.0422409705941
0.0391215923376
0.0375201065603
0.0387191128167
0.0402405257442
0.0398769498201
0.0380933321515
0.0371965324728
0.0380733436461
0.038844774186
0.0381103809575
0.0370775964273
0.03724447123
0.0379060065266
0.0377580143409
0.0370133412075
0.0368702612956
0.0373219059012
0.0372806383984
0.0367713342273
0.0367377184817
0.0370084965295
0.0368484966575
0.0365409867415
0.0366537271449
0.0367356016508
0.0364870217847
0.0364180574208
0.0365286555457
0.0364017834874
0.0362709521193
0.0363418681708
0.0362677269221
0.0361442122538
0.0361816451075
0.0361127269246
0.0360148717411
0.0360310418953
0.0359444057563
0.035882772748
0.0358698822336
0.0357727696758
0.0357475821682
0.0356798755977
0.0356171586601
0.0355719738019
0.0354902443826
0.0354465348483
0.0353603174393
0.0353089901168
0.0352212769988
0.035159619726
0.0350724987725
0.0349956018994
0.0349129565739
0.0348175414821
0.0347346161817
0.0346341951004
0.0345305777956
0.0344324375593
0.0343244980531
0.0342059916854
0.0340838029702
0.0339597588841
0.0338330087773
0.033706791021
0.0336032468748
0.0336468524125
0.0344632387787
0.0385699144458
0.0375854298763
0.0330005042837
0.0344856212159
0.0337048054981
0.0327080576416
0.0342621116861
0.0323369222081
0.0336027758398
0.0320321082466
0.0332046480236
0.0315383996283
0.0327267553602
0.0312047872811
0.0322623778621
0.0311055476618
0.0314680931081
0.031153291411
0.0306800497041
0.0311289694995
0.0303751483299
0.0304970023772
0.030521614915
0.0299321403732
0.0301445457583
0.030043193901
0.0295576457961
0.0295677101167
0.0296491089751
0.0292886633831
0.0290113124338
0.029005163038
0.0291062485455
0.0291538394039
0.0289638930574
0.0288222022976
0.0288382206675
0.0292143876998
0.0299886166818
0.0321246189796
0.0276710909455
0.0304958849442
0.0275888578555
0.0292863827694
0.0271790508478
0.0284946432796
0.0283258681698
0.0268444653939
0.0281759471644
0.027861418074
0.0265351507719
0.0273545797453
0.0273340820247
0.0263151184506
0.0269420424686
0.0268019284618
0.0261264852546
0.0266658827893
0.0262755273683
0.0260521691658
0.0263595659572
0.0258660487231
0.026045044882
0.0259405656621
0.0257211098425
0.0258872090575
0.0255688984614
0.0257111224981
0.025505998191
0.0255119992897
0.0254418365569
0.0253407018662
0.0253311929139
0.0252093649882
0.0251932999667
0.0250938448851
0.0250357127325
0.024988068527
0.0248689316537
0.0248630735446
0.0247344280992
0.0246698894121
0.0246281022644
0.0245079905748
0.0244107615755
0.024358360694
0.0242958682134
0.0242081194221
0.0241213408376
0.0240688238021
0.0241769941153
0.0247580994786
0.0270195640993
0.0241054509501
0.0239501477753
0.0261237936257
0.023217557001
0.0257891685825
0.0232562340648
0.0247789605609
0.0249547294877
0.0227252491315
0.0247339341319
0.0242017765779
0.0224794704054
0.0238906536157
0.0243730614532
0.0227371247853
0.0224719738113
0.0235539314501
0.023468828118
0.0223275359254
0.0221954467334
0.022889865523
0.0227304608364
0.0219970258255
0.0221112659533
0.0225175582589
0.0221485642559
0.0217981100826
0.022091279384
0.022114523764
0.0217472484304
0.0217827456387
0.0219507111052
0.021721258255
0.0216140340606
0.0217600495148
0.0216438725806
0.0215130218811
0.0216123033258
0.0215305769367
0.0214289455601
0.0214941488452
0.0214071035431
0.021350063742
0.0213802465233
0.0212834738118
0.02127580762
0.0212504904219
0.0211802491133
0.021185488561
0.0211118513903
0.0210985677062
0.0210472585285
0.0210109401839
0.0209721074333
0.0209256543214
0.020886449688
0.0208389745562
0.0207914999482
0.0207481971261
0.0206887540623
0.0206481605739
0.0205838068217
0.0205307093531
0.0204768621132
0.0204077864717
0.0203444015013
0.0202843294584
0.0202160911622
0.0201404350825
0.0200619427044
0.019981820739
0.0198998387896
0.0198174217664
0.0197464870479
0.0197712524103
0.0204188265452
0.0247493237687
0.025555099767
0.0201497936201
0.01993816767
0.0241974982959
0.0190843559459
0.0222482487346
0.0188786715298
0.0213444244021
0.019205315682
0.0197561270737
0.0199342859908
0.0186158023371
0.0199085660402
0.018863085223
0.0185115502084
0.0193172842005
0.0186621037338
0.0181468797126
0.0187530259481
0.0184947653145
0.0179832163811
0.0184104769477
0.0182360270575
0.0178760830708
0.0181970909564
0.0179747187659
0.0178075545104
0.0180142619003
0.0177346949589
0.0177846916867
0.0178037847048
0.017600833336
0.0177213059809
0.0175784002553
0.0175618999461
0.0175643519098
0.0174447433698
0.0174983397083
0.0173781037605
0.0174048865828
0.0173265364271
0.0173109386845
0.0172636140587
0.0172296243634
0.0171867963397
0.0171557727284
0.0171006924024
0.0170819357642
0.0170118479767
0.0169953322587
0.0169350983522
0.01688488711
0.0168556390409
0.0167939677197
0.0167333033071
0.0166918854989
0.0166488600853
0.0165950240382
0.0165382078361
0.0164910836863
0.0164901489628
0.016707552892
0.0178452498094
0.0168884327295
0.0161069279641
0.0166613693548
0.0172190003919
0.016793472499
0.0160846390802
0.0157610619585
0.0157994336913
0.016130362852
0.0168175678873
0.0155314792962
0.0160430799081
0.0162718836635
0.0152986794837
0.015694348967
0.0159539455181
0.0151779828608
0.0151988607623
0.0156028744776
0.0152222864993
0.0148318295895
0.0149366536081
0.0151759045323
0.0151052672017
0.0148520234882
0.0146504965114
0.0145292514159
0.0144769520688
0.0145652532114
0.0151547114708
