1.22618056248
1.22617294373
1.22615808816
1.22613632148
1.22610791781
1.22607310391
1.22603206289
1.22598493754
1.22593183328
1.22587282082
1.22580793842
1.22573719399
1.22566056683
1.2255780092
1.22548944768
1.22539478433
1.22529389767
1.2251866435
1.22507285563
1.22495234637
1.22482490702
1.22469030816
1.22454829991
1.224398612
1.22424095391
1.22407501473
1.22390046316
1.22371694727
1.22352409431
1.22332151039
1.22310878019
1.22288546655
1.22265111005
1.22240522853
1.22214731662
1.22187684518
1.22159326074
1.22129598494
1.22098441388
1.22065791749
1.22031583889
1.21995749373
1.21958216945
1.21918912466
1.21877758837
1.21834675927
1.21789580505
1.21742386159
1.21693003226
1.21641338714
1.2158729622
1.21530775857
1.21471674164
1.21409884027
1.21345294584
1.21277791135
1.21207255036
1.21133563597
1.21056589954
1.20976202949
1.20892266976
1.20804641824
1.2071318249
1.20617738977
1.2051815605
1.20414272974
1.20305923202
1.2019293403
1.20075126193
1.19952313419
1.19824301919
1.19690889808
1.19551866474
1.19407011865
1.1925609571
1.19098876671
1.18935101435
1.18764503743
1.18586803387
1.18401705173
1.18208897901
1.18008053378
1.17798825519
1.17580849593
1.17353741673
1.17117098391
1.16870497075
1.16613496386
1.16345637588
1.1606644657
1.15775436775
1.15472113192
1.1515597754
1.14826534808
1.14483301257
1.14125813975
1.1375364204
1.13366399275
1.12963758502
1.12545467131
1.12111363815
1.11661395797
1.11195636496
1.10714302811
1.10217771571
1.09706594601
1.09181511963
1.08643463071
1.0809359567
1.07533272878
1.06964078835
1.06387823606
1.05806548001
1.05222528603
1.04638282507
1.04056570089
1.03480392561
1.02912979427
1.02357759723
1.01818310558
1.0129827764
1.0080126537
1.00330698739
0.998896647964
0.994807467229
0.991058669972
0.987661565916
0.984618642606
0.981923146027
0.979559174213
0.977502259201
0.975720386497
0.974175396757
0.972824716921
0.971623358547
0.970526089113
0.969489634379
0.96847472973
0.967447832375
0.966382347014
0.965259292032
0.964067406717
0.962802738009
0.961467740938
0.960069913837
0.958620022329
0.957130072543
0.955611330752
0.954072749432
0.952520065741
0.950955623382
0.949378787417
0.947786799835
0.946175994179
0.944543240224
0.942887263798
0.941209346711
0.939513151816
0.937803880785
0.936087160621
0.934367884023
0.932649209496
0.930932199004
0.929216456009
0.92750142275
0.925787634782
0.924077532326
0.92237549264
0.920686710379
0.919015353622
0.917363079722
0.915728547719
0.914108232024
0.912498393785
0.910896888582
0.909303624043
0.907719425025
0.906143721012
0.904572811688
0.90300005816
0.901417904672
0.899820407125
0.898204016704
0.896566126914
0.894902607266
0.893206856003
0.891471208348
0.889689295259
0.887856799166
0.885970139146
0.884024924197
0.882016247348
0.879940218575
0.877794403231
0.875576712462
0.873284760063
0.870916553817
0.868470888301
0.865946366639
0.86334084753
0.860652463963
0.857879519395
0.855020130192
0.852074371857
0.84908180546
0.846527350821
0.851466529061
0.95115505327
1.11643012819
1.04591784297
1.06255318621
0.903589313248
1.06665718184
1.12309979932
0.92642497675
0.935292128529
1.05225960239
0.902597163756
0.862614812456
0.966584294397
0.956903872154
0.839765836264
0.854354313404
0.932678444245
0.886206307659
0.814282046566
0.853225010401
0.907906526147
0.921112551975
0.887444832936
0.83425960603
0.811810427735
0.838320022747
0.866247902841
0.854881150092
0.820138390075
0.807253548084
0.823643074802
0.837237480161
0.828801369616
0.809468876352
0.805238473688
0.817722502739
0.821069821062
0.80881674032
0.801447286848
0.807615686496
0.811514206848
0.804832592569
0.798638382712
0.802264370247
0.80512497999
0.799952440511
0.796690580775
0.799633293298
0.799656436742
0.795420291564
0.79472257482
0.796573463612
0.794450077311
0.792313102554
0.793488248947
0.792713305968
0.790448531949
0.790861719385
0.790390784972
0.788463695487
0.788629130522
0.787933452875
0.786412405358
0.786479541462
0.785334398917
0.784381077251
0.784087292603
0.782704129858
0.782319723441
0.781198250201
0.780438923047
0.779558952155
0.778566634565
0.777704444812
0.776640640222
0.775664153325
0.774637813104
0.773460891105
0.772480722535
0.771139806846
0.77002807183
0.768788192675
0.767350377238
0.766033617071
0.764699234197
0.763200747583
0.761593170352
0.759935894443
0.758238901253
0.756530187758
0.755017143822
0.755162332135
0.766174688571
0.830999798263
0.830532963129
0.747766918118
0.793468926801
0.772863235343
0.749378438602
0.802389493714
0.738393654623
0.786282424108
0.767649501287
0.744943533753
0.772186529131
0.73169182032
0.763077069172
0.739942407685
0.73351693683
0.74976590712
0.723267774988
0.740646299265
0.728874050231
0.726688763341
0.731340259452
0.71978522304
0.729052944626
0.716699270494
0.725242971175
0.715529552555
0.721110192583
0.714558422053
0.717977553421
0.712522218576
0.715482570948
0.710539177599
0.71355357293
0.708104703944
0.711149811252
0.706323803481
0.708252264647
0.70548844147
0.704468289397
0.705053079739
0.701608438368
0.702040151627
0.70101183224
0.698547765585
0.698367411657
0.698092626042
0.696471613526
0.694464427957
0.692977159535
0.691928991272
0.691413810755
0.693204876805
0.703327228448
0.749459713636
0.690973117902
0.703020916013
0.743124650703
0.694613512944
0.756638137871
0.704496158684
0.726439113776
0.72566220358
0.694506535669
0.71570380344
0.691583875968
0.704749955304
0.683823488238
0.690331852867
0.688078978465
0.679077352757
0.693157301766
0.668179509047
0.68667573443
0.668505411224
0.67446861616
0.67743821212
0.663913785233
0.677562293247
0.67057467139
0.661463568094
0.673535740386
0.673002928237
0.65886463892
0.660331648475
0.670166527721
0.666150444747
0.659794650791
0.654292950583
0.651656127672
0.650104334997
0.648805167689
0.647598163588
0.646865066598
0.65098801703
0.696455034139
0.753270850733
0.670576637966
0.808806039084
0.676186897981
0.760051288451
0.835532061309
0.717439106882
0.651218753787
0.776220773506
0.747391728911
0.636236983797
0.690355643005
0.764516664067
0.774201383319
0.717132440959
0.644901404431
0.641641383648
0.697187260962
0.728556514348
0.716056461312
0.672112153696
0.635162721461
0.632365326335
0.653905784546
0.672653217905
0.672341213629
0.653851124613
0.632933171188
0.628023262772
0.640172894186
0.650536852783
0.645402626536
0.631601692388
0.625872559036
0.631881530218
0.638255541397
0.636077602971
0.628152127093
0.624577717995
0.628599539977
0.63182265115
0.628478227129
0.623878647791
0.624528717956
0.62743156515
0.626797178912
0.623413508183
0.622623643365
0.624562030581
0.624350697488
0.621974214456
0.621716372961
0.62286301383
0.622049315645
0.620562750104
0.620983394386
0.621229711215
0.619990721372
0.619609482908
0.619989327018
0.619254147792
0.618583352329
0.618793531955
0.618268597176
0.617628184712
0.617677447821
0.617155396518
0.616631235143
0.616551143793
0.615933385415
0.615613457973
0.615283765081
0.614705816151
0.614453475914
0.613848919085
0.613507921812
0.612938028432
0.612504027695
0.611926796604
0.61143821293
0.610810641121
0.610285987363
0.609594905228
0.609005301204
0.60829753747
0.60756977909
0.606868874455
0.606059741561
0.605215930412
0.604382102095
0.603508273774
0.602573549554
0.601593492051
0.600612398533
0.599774677644
0.599925586873
0.604587795344
0.632036816946
0.605373949128
0.594016157606
0.608303515674
0.616196956059
0.612702093494
0.596851472854
0.589419153256
0.586166178895
0.584868485521
0.584851912583
0.591764214024
0.641465567703
0.603581469402
0.579077969874
0.584883692316
0.607506981006
0.636996445823
0.578809223945
0.658422099548
0.574957835153
0.633348843182
0.624324834798
0.574061894118
0.630868578397
0.582349896767
0.581489498108
0.608045163749
0.581833720394
0.565144950533
0.591400042301
0.590904363272
0.563909348627
0.568349781238
0.583363568607
0.572328071723
0.558995309816
0.570394047009
0.571612079558
0.558450200191
0.56239078691
0.567708922745
0.559186555295
0.557607880233
0.56328552019
0.557554257272
0.555949454514
0.55978030443
0.555457935893
0.554909843743
0.557003186469
0.553118507987
0.554455265534
0.554188679345
0.551821868667
0.553500261302
0.551270630137
