0.42138068113
0.421371014306
0.421352163189
0.421324537089
0.421288478199
0.421244267019
0.421192127153
0.421132229551
0.42106469623
0.420989603556
0.420906985082
0.420816834027
0.420719105398
0.42061371779
0.420500554903
0.420379466789
0.420250270847
0.42011275259
0.419966666201
0.419811734887
0.419647651037
0.419474076219
0.419290640986
0.419096944535
0.418892554199
0.418677004797
0.418449797821
0.418210400488
0.417958244646
0.417692725524
0.417413200352
0.417118986829
0.416809361438
0.416483557618
0.416140763785
0.415780121186
0.415400721605
0.415001604894
0.414581756341
0.414140103862
0.413675515016
0.413186793833
0.41267267746
0.41213183261
0.411562851826
0.410964249545
0.410334457969
0.409671822748
0.408974598479
0.408240944033
0.40746891772
0.406656472322
0.40580145002
0.404901577253
0.403954459567
0.402957576513
0.401908276685
0.400803773009
0.399641138405
0.398417302014
0.397129046171
0.395773004409
0.394345660791
0.392843350969
0.391262265438
0.389598455565
0.387847843069
0.386006233815
0.384069336898
0.38203279022
0.379892193988
0.377643153794
0.375281335236
0.372802532368
0.370202752577
0.36747832086
0.364626006793
0.361643177813
0.358527982592
0.355279568395
0.351898336036
0.348386235484
0.344747103977
0.340987046487
0.337114855358
0.333142461403
0.329085402553
0.324963287821
0.320800223744
0.316625157666
0.312472077573
0.308379993037
0.304392608123
0.300557588416
0.296925325294
0.293547117169
0.29047272614
0.287747334616
0.285408022125
0.283480003417
0.281973001625
0.280878250466
0.280166693449
0.279788938157
0.279677398044
0.279750799753
0.279924135831
0.280116600934
0.280259851597
0.280303769535
0.280219229333
0.279990253588
0.279620063061
0.279128942636
0.278550147045
0.277924376135
0.277293599249
0.276695129893
0.276156812118
0.275693982389
0.275308556824
0.27499023216
0.274719454624
0.274471563558
0.274221386078
0.273947544269
0.273635816467
0.27328104383
0.272887277199
0.272466114309
0.272033484606
0.271605480602
0.271194151453
0.270804353836
0.270432656788
0.270068821151
0.269699559037
0.269313367058
0.268904627331
0.26847527445
0.268033253755
0.267588423028
0.267147795485
0.266712398327
0.266277251632
0.265834395024
0.265377296995
0.264904210951
0.264418562291
0.263926118819
0.263430714816
0.262931435918
0.262423391787
0.261901613506
0.26136496894
0.260816714201
0.260261163831
0.259699648598
0.259129750309
0.258548541022
0.257956286597
0.257356429332
0.256751841446
0.256141967628
0.255524606318
0.254899885338
0.254270639415
0.253638613895
0.253002520138
0.252361039791
0.251715445761
0.25106714247
0.25041491875
0.249757436836
0.249095842182
0.248431025471
0.247761893591
0.24708854824
0.246412462355
0.245733388129
0.245051177391
0.244367333197
0.243682004117
0.242995199775
0.242308094447
0.241620477639
0.240932759472
0.240245723268
0.239559134752
0.238873720698
0.238189173948
0.237505647891
0.236822914392
0.236140576289
0.235458215259
0.234775295157
0.234091517965
0.233406650324
0.232720510908
0.232033374424
0.231345435445
0.230657339995
0.229969840247
0.229283944305
0.228600928721
0.227922179061
0.227249102415
0.226583026178
0.225925371808
0.225277375518
0.224640437457
0.224016073486
0.223409318901
0.222851377399
0.222639084593
0.226143518976
0.264602008923
0.351465695788
0.380228057982
0.272338722616
0.348656339855
0.321825559888
0.27123769611
0.362735767846
0.368588295573
0.296624177662
0.223504062113
0.344672540427
0.298676152827
0.223848740315
0.286220350903
0.32560572935
0.328780534235
0.298420253289
0.245370435149
0.218159578701
0.26288430847
0.303921123076
0.291059614258
0.242675116889
0.216916035796
0.228467551128
0.252768954502
0.274111515167
0.288914884508
0.297897873283
0.30106032623
0.298831891524
0.291590328041
0.279955394088
0.264966834238
0.248338604051
0.232630389873
0.221015203665
0.216274452426
0.219116784658
0.22700768804
0.235119522206
0.239014078679
0.237010515776
0.230439195659
0.222781996961
0.217462037119
0.216012931799
0.217750047463
0.220769188755
0.223222673537
0.224026929723
0.223001843734
0.22064144599
0.217974956193
0.216155820482
0.215887160567
0.216952505028
0.218318055219
0.218896532864
0.218321609184
0.217053715839
0.21598073878
0.215703050983
0.216147257367
0.216762448383
0.217017893513
0.216746799757
0.216159722655
0.21568232416
0.215620539285
0.215902617091
0.216163175158
0.216119398242
0.215813628903
0.215541410161
0.215519820086
0.215675904943
0.21577414145
0.215688945087
0.21550330504
0.215402251718
0.215452167964
0.215529608255
0.21549934031
0.215381746338
0.215309285038
0.215333192069
0.215366099773
0.215326465812
0.215245204535
0.215209455026
0.215225321726
0.215217581773
0.215159946541
0.215113307321
0.215109099992
0.21509702096
0.215048638124
0.215008931448
0.214996979062
0.214968651507
0.214920881976
0.214892872779
0.214868135847
0.214822353924
0.214784873431
0.214754694468
0.214707496017
0.214666149665
0.214627650746
0.214576205812
0.214532282275
0.214482883831
0.214428520444
0.214378232318
0.21431820026
0.214261921347
0.214198233931
0.214134772236
0.214066387564
0.213996116492
0.213921440202
0.213844566772
0.213762341188
0.213678468192
0.213588108122
0.213495730288
0.213397744931
0.213294806423
0.213188374058
0.213075918359
0.212957610527
0.212834440745
0.212705850126
0.212571091595
0.212430103025
0.212283815701
0.212136879258
0.212016153821
0.212091917753
0.213401121508
0.220818413835
0.266663159036
0.211587513236
0.300271722524
0.269544346404
0.287886694167
0.212448194334
0.308765222654
0.227987551971
0.247391225679
0.304296826639
0.309630505625
0.265192870833
0.211749473759
0.251510249738
0.305372170711
0.27829817783
0.219197476291
0.21545716221
0.244819411981
0.268308209197
0.278347488572
0.273632368698
0.255973386934
0.231368193035
0.211967929656
0.211451996146
0.2281620963
0.245131985143
0.251795413236
0.244652709293
0.228979389513
0.214662659641
0.208669130375
0.211145707233
0.217614944332
0.223309018513
0.225446177615
0.223455534059
0.218351854077
0.212513988673
0.208815372943
