0.773102712552
0.773102311108
0.773101528288
0.77310038114
0.773098883953
0.77309704847
0.773094884094
0.773092398061
0.773089595596
0.773086480048
0.773083053011
0.773079314427
0.773075262679
0.773070894664
0.77306620586
0.773061190382
0.773055841027
0.773050149308
0.773044105481
0.773037698564
0.773030916354
0.773023745424
0.773016171128
0.773008177588
0.772999747687
0.772990863042
0.772981503987
0.772971649535
0.772961277351
0.772950363706
0.772938883433
0.772926809876
0.772914114839
0.77290076852
0.772886739446
0.772871994405
0.772856498369
0.772840214411
0.772823103617
0.772805124995
0.772786235374
0.772766389301
0.772745538922
0.772723633873
0.772700621143
0.772676444949
0.772651046589
0.772624364291
0.772596333057
0.772566884494
0.772535946634
0.772503443744
0.772469296132
0.772433419928
0.772395726863
0.772356124035
0.772314513653
0.772270792771
0.772224853011
0.772176580258
0.772125854347
0.772072548725
0.772016530097
0.771957658044
0.771895784624
0.771830753946
0.771762401715
0.771690554751
0.771615030477
0.771535636377
0.77145216941
0.7713644154
0.771272148373
0.77117512986
0.771073108148
0.770965817484
0.770852977224
0.770734290923
0.770609445371
0.770478109547
0.770339933519
0.770194547249
0.770041559331
0.769880555625
0.769711097801
0.769532721781
0.769344936058
0.769147219904
0.76893902144
0.768719755567
0.768488801742
0.768245501594
0.767989156357
0.767719024117
0.767434316853
0.767134197255
0.766817775316
0.76648410466
0.766132178609
0.765760925964
0.765369206485
0.764955806047
0.764519431471
0.764058705
0.763572158427
0.76305822685
0.76251524208
0.761941425677
0.761334881667
0.760693588958
0.760015393503
0.759298000316
0.758538965426
0.757735687956
0.756885402516
0.755985172226
0.755031882721
0.754022237657
0.752952756355
0.751819774425
0.750619448431
0.749347765971
0.748000562908
0.74657354993
0.745062351188
0.743462558404
0.741769804675
0.739979863073
0.738088776243
0.736093024284
0.733989739385
0.731776976642
0.729454051139
0.727021951134
0.724483835557
0.721845619976
0.719116647359
0.716310426591
0.713445400593
0.710545674617
0.707641592095
0.704769990266
0.70197390481
0.699301433686
0.696803438325
0.694529793273
0.692524044006
0.69081664906
0.689417491885
0.688309002178
0.68744185569
0.686735514933
0.686085446609
0.685377434518
0.684507110714
0.683400337143
0.682028536182
0.68041359533
0.678619880585
0.676735261286
0.674846984159
0.673019889977
0.671283155812
0.669628322486
0.668017583423
0.666398692195
0.664721929684
0.662954941884
0.661092139868
0.659156261983
0.657190801285
0.655244008704
0.653348658006
0.651505883089
0.649683037977
0.64783056772
0.645910900111
0.643920983538
0.641891143762
0.639859721712
0.637842616957
0.635821274596
0.633757580267
0.631622931289
0.629418013479
0.627166649924
0.624888054531
0.622573735526
0.620195884921
0.617741265989
0.615229166407
0.612687834779
0.61012134151
0.607514500901
0.60486703092
0.602201646373
0.599530454083
0.596837916747
0.594115265973
0.591379356811
0.588635849528
0.585868100275
0.58307537805
0.58026782443
0.577432126704
0.574558723226
0.571655192034
0.568708616223
0.565706921239
0.562649023832
0.55951456975
0.556294618792
0.552979518795
0.549550565183
0.546000999866
0.542310360285
0.538470083318
0.534462726416
0.530278057645
0.525901919278
0.521329336821
0.516553544508
0.511576659152
0.50639774798
0.50102327411
0.495459042006
0.489710828414
0.483788317208
0.477699951144
0.471454221947
0.465062890855
0.458540235444
0.451902718789
0.445167511464
0.438351590682
0.431469331485
0.424530502061
0.41756475384
0.410861539779
0.407787485181
0.446709117397
0.563855970538
0.606511528405
0.516536334658
0.423336538993
0.573626238308
0.390728428182
0.430057900445
0.503740258136
0.507134207588
0.445006802692
0.393468232066
0.468925480726
0.474750368843
0.373176733192
0.35792321101
0.386872872759
0.405073913796
0.408494225419
0.401204392881
0.390316323625
0.383506166974
0.385261576301
0.392412364155
0.395066339268
0.385899865694
0.367456217633
0.350402716575
0.342079682762
0.340770952422
0.340473528852
0.337396501976
0.333262794433
0.333268690066
0.337567925099
0.338056065516
0.332132984787
0.327032843448
0.325899696947
0.32422365673
0.319939926293
0.316946677292
0.317706690724
0.318012608525
0.315568918382
0.313703325283
0.313164753272
0.311207472225
0.308224943001
0.307201698416
0.306633898343
0.304748373213
0.304197673166
0.30340242998
0.301334932123
0.300292576595
0.298556663453
0.297046593359
0.296154061884
0.294550358223
0.293537528577
0.291654563841
0.290243491451
0.288431012182
0.287100392733
0.285320846659
0.283805759127
0.281795944016
0.280076608616
0.278200872983
0.276214653064
0.274300192202
0.27213730745
0.269901758402
0.267708548319
0.265427138235
0.263048363616
0.260642181241
0.258244764312
0.256639942078
0.258819903437
0.283725615617
0.24790317644
0.259981840281
0.253070198318
0.245780814278
0.25594049423
0.237626644802
0.245801054265
0.237283593318
0.237422738247
0.227736797355
0.233010822889
0.223704324022
0.230098185066
0.215816175622
0.22254605344
0.212006535588
0.216467856422
0.213053482388
0.20709974485
0.213051048383
0.2064859747
0.200915755588
0.207436773472
0.206403163611
0.194076724679
0.197600318133
0.207731100415
0.190231924133
0.210378869005
0.185205233812
0.198359273432
0.197968888499
0.179206660414
0.196297266979
0.185310314752
0.176763099354
0.187530895939
0.184078853711
0.171834038628
0.176275213828
0.179418657141
0.169271803046
0.170853289671
0.174248496547
0.168064703241
0.166274834165
0.169815873851
0.164953675244
0.164263203791
0.166018617347
0.162332413456
0.162327547949
0.16267358973
0.159772875275
0.160802307481
0.159422215237
0.158103041416
0.158568796937
0.156522192691
0.156792176092
0.155582301964
0.154824908238
0.154400612829
0.153183781159
0.152936146404
0.151628524193
0.151325916098
0.150093551412
0.149563859315
0.148496902115
0.147642788881
0.146852616639
0.14563411276
0.144912793743
0.143806468869
0.142563414766
0.141645046877
0.140605447227
0.139262815108
0.137887422934
0.136561853122
0.13526970343
0.134059581818
0.133308432775
0.135591003058
0.149423656921
0.152459148722
0.126615396268
0.150864249891
0.134271245289
0.134423287961
0.135975940619
0.119905832418
0.13079799166
0.120440358664
0.124912939552
0.117361170363
0.120659411492
0.11626844117
0.117312211477
0.112580140043
0.115071661472
0.11024582688
0.113323173673
0.106990802232
0.110194110781
0.104849554302
0.107109014429
0.103753868323
0.102151085249
0.10266092662
0.0980711621849
0.0971813827217
0.0970026030134
0.0943822799076
0.0910041595542
0.0896308019029
0.0899263301236
0.090610777942
0.0923218272464
0.0906709517867
0.0920418741791
0.090282710851
0.0944849782396
0.0799688789156
0.0922556196835
0.0784317825207
0.0864822971031
0.0782350608407
0.0802419983452
0.0795091976828
0.0757136924573
0.0790375160944
0.0745674324908
0.0742573134633
0.0757655149453
0.0720655610893
0.0734485276697
0.0728431264756
0.070778973313
0.0722255139679
0.0702195047817
0.0703512771684
0.0702766698731
0.0688576079125
0.0695959147836
0.0681965206715
0.0684893871425
0.0678395456509
0.0674297403793
0.0673115203347
0.0666444267346
0.0666516295479
0.0659486324821
0.0659683485005
0.0653177839295
0.0652776621902
0.0647150066973
0.0645729104298
0.0641507570958
0.0638274705252
0.0635919573017
0.0631017360717
0.0629099966309
0.0625203581733
0.0621017771979
0.0618535203282
0.0614971651198
0.0610525666032
0.0606750429794
0.0603596437613
0.0600441221999
0.0597171554353
0.0594562993535
0.0594353481636
0.0605551367663
0.0649627539368
0.0609478472802
