1.23463709661
1.23461541163
1.23457312971
1.23451117963
1.23443034413
1.23433127184
1.23421448783
1.23408040312
1.23392932311
1.23376145507
1.23357691479
1.23337573246
1.2331578578
1.23292316465
1.23267145488
1.23240246183
1.23211585329
1.231811234
1.23148814777
1.23114607934
1.23078445578
1.23040264771
1.22999997022
1.22957568359
1.22912899376
1.2286590527
1.22816495853
1.2276457556
1.22710043438
1.22652793131
1.22592712858
1.22529685384
1.2246358799
1.22394292442
1.22321664963
1.2224556621
1.22165851256
1.22082369583
1.21994965087
1.21903476104
1.21807735444
1.21707570463
1.21602803146
1.21493250233
1.21378723377
1.2125902934
1.21133970238
1.21003343836
1.20866943904
1.20724560632
1.20575981124
1.20420989964
1.20259369876
1.20090902473
1.19915369119
1.19732551896
1.19542234704
1.19344204484
1.19138252596
1.18924176338
1.18701780637
1.18470879906
1.18231300084
1.1798288086
1.17725478086
1.17458966391
1.17183241984
1.16898225649
1.1660386592
1.16300142428
1.15987069392
1.15664699231
1.1533312625
1.1499249037
1.14642980813
1.14284839691
1.13918365392
1.13543915662
1.13161910254
1.12772832991
1.12377233096
1.1197572558
1.11568990518
1.11157770967
1.10742869346
1.10325142029
1.09905491958
1.0948485911
1.09064208656
1.08644516771
1.08226754083
1.0781186691
1.07400756533
1.06994256938
1.06593111622
1.06197950268
1.0580926627
1.05427396274
1.05052503057
1.0468456315
1.04323360645
1.03968488553
1.03619358909
1.03275222501
1.02935198692
1.02598315227
1.02263557236
1.01929923886
1.01596490269
1.01262471243
1.00927283126
1.00590598405
1.0025238813
0.999129465491
0.995728929263
0.992331465529
0.988948729007
0.985594016237
0.982281206969
0.979023550194
0.975832417741
0.972716179391
0.969679366777
0.966722280555
0.963841151015
0.961028887045
0.958276350023
0.955573983881
0.952913542177
0.950289601843
0.947700561655
0.945148901732
0.942640622332
0.940183960799
0.937787662126
0.935459200331
0.933203369577
0.931021564307
0.928911862113
0.926869767461
0.92488925329
0.922963638644
0.92108592139
0.919248442271
0.917442108245
0.915655701191
0.913875876465
0.912088214928
0.91027918399
0.908438320801
0.906559700611
0.904642020193
0.90268733486
0.900699230662
0.898681479044
0.89663777395
0.89457227903
0.892490087292
0.890396870565
0.888297886969
0.886197331859
0.884098871452
0.882007019011
0.879927901946
0.877868273618
0.875833336551
0.873825282401
0.871843740833
0.869887310065
0.867954605956
0.866044707714
0.86415800947
0.862297145308
0.860466163179
0.858667914213
0.856902416347
0.855167694917
0.853461113118
0.851779590897
0.850119809882
0.848478532215
0.846851585676
0.845232924286
0.843615890552
0.841994445049
0.840362651722
0.838714528554
0.837044318951
0.83534674892
0.833618427495
0.831857817443
0.830063440599
0.828233486635
0.826366025839
0.824459894462
0.82251442583
0.82052813492
0.818498925591
0.81642396996
0.814299263913
0.81211853255
0.809874294447
0.807558792787
0.805164184626
0.802682470985
0.800105960107
0.797426894827
0.794637565251
0.791731282756
0.788701425554
0.7855404538
0.782240054786
0.778790146956
0.77517882569
0.771392378678
0.767415082855
0.763228905594
0.758818333304
0.754203042845
0.749849027222
0.75215879113
0.836774509356
1.01409662259
0.999348336829
0.810711613173
1.00902312235
0.754940157812
0.883125510165
0.926470992946
0.822261545424
0.785796336793
0.849832164119
0.777403306593
0.728062583295
0.787837834078
0.829772096305
0.83294306879
0.800657999562
0.752957243621
0.730337887098
0.747532658852
0.75715049864
0.732236959705
0.706905252578
0.710819097411
0.7202395071
0.707268476312
0.682680027399
0.68098402784
0.697236474889
0.695721943521
0.680769074708
0.677639701523
0.679359109708
0.67111823877
0.66424957152
0.670363874094
0.669598900446
0.659444762533
0.659615216057
0.660867940614
0.655721654112
0.655126776843
0.654104873172
0.6481965372
0.64897760742
0.647193168325
0.643016022991
0.643286529567
0.640377103608
0.639186178386
0.637011002543
0.633640790658
0.633292134857
0.630144343023
0.628884384645
0.6257686105
0.624434339696
0.620945681958
0.619324593673
0.616672912895
0.613985953748
0.611595087931
0.608422903654
0.605823621869
0.603161911575
0.599576390689
0.596272306701
0.593154092882
0.590086888424
0.587286634224
0.585621361575
0.591271949762
0.618314271216
0.596220584449
0.567116524321
0.591394211202
0.566057872355
0.566685345143
0.569251338469
0.548890031164
0.559479812309
0.547231765785
0.541082368557
0.547442459644
0.53663054284
0.530348036055
0.533863329971
0.531582635441
0.525106495196
0.518325962158
0.51408152428
0.511556282377
0.511710104705
0.52162049266
0.555497592227
0.522498959739
0.496363248835
0.53438821736
0.492117741607
0.507002806368
0.49654491774
0.481243927877
0.497166680855
0.476294267788
0.476946350961
0.484400099267
0.466562708918
0.467960805172
0.475131412238
0.461125735898
0.455097795082
0.460671813858
0.461922639281
0.455801804327
0.446670873858
0.441101825119
0.437942729079
0.436286515305
0.43978510634
0.46488798976
0.455102851993
0.424593593372
0.430695020068
0.457156263524
0.41473441393
0.4515662047
0.409921236182
0.43687639509
0.423374157584
0.408839867537
0.425448303716
0.40143795873
0.405380124768
0.411770140239
0.393568191402
0.401334044093
0.398994958901
0.389088049456
0.397376804719
