1.29007879938
1.28996790211
1.28975168489
1.28943492224
1.28902165273
1.28851523899
1.28791842177
1.28723336846
1.28646171649
1.28560461231
1.28466274607
1.28363638271
1.28252538958
1.28132926105
1.28004714043
1.27867783941
1.27721985537
1.27567138677
1.27403034686
1.27229437594
1.27046085239
1.26852690266
1.26648941042
1.26434502503
1.26209016965
1.25972104894
1.25723365684
1.25462378433
1.25188702758
1.24901879665
1.24601432486
1.24286867916
1.23957677177
1.23613337318
1.23253312699
1.2287705667
1.22484013489
1.22073620504
1.21645310637
1.21198515204
1.20732667114
1.20247204483
1.19741574706
1.19215239031
1.18667677675
1.18098395528
1.17506928479
1.16892850414
1.16255780903
1.15595393617
1.14911425487
1.14203686601
1.13472070853
1.12716567282
1.11937272079
1.11134401158
1.10308303187
1.09459472921
1.08588564638
1.07696405431
1.06784008048
1.0585258294
1.04903549069
1.03938543038
1.02959425985
1.01968287705
1.00967447366
0.99959450244
0.989470598581
0.979332449677
0.969211609629
0.959141253015
0.949155868158
0.939290889193
0.929582269906
0.920066004931
0.91077760684
0.901751550683
0.893020700314
0.884615733267
0.87656458266
0.86889191553
0.86161866685
0.854761647238
0.848333240005
0.842341199765
0.836788560642
0.83167365728
0.826990256917
0.822727795908
0.818871709787
0.815403842385
0.812302917052
0.809545051613
0.807104298493
0.804953192241
0.803063288425
0.801405680251
0.799951482062
0.798672271872
0.797540488005
0.796529777586
0.795615296906
0.794773965474
0.793984676746
0.793228469154
0.792488661079
0.791750952839
0.791003497728
0.790236942567
0.789444436362
0.788621603507
0.787766475801
0.786879375571
0.785962740827
0.785020882978
0.784059668896
0.783086122439
0.782107946616
0.781132976595
0.780168585605
0.779221079715
0.778295131596
0.777393315119
0.776515808116
0.775660326079
0.774822331486
0.773995530477
0.773172622977
0.772346220444
0.771509798212
0.770658520423
0.769789777494
0.768903316404
0.76800092079
0.767085697245
0.766161122899
0.765230079499
0.764294117013
0.763353143542
0.762405633494
0.761449305205
0.760482077648
0.759503013513
0.758512929313
0.757514426008
0.756511266934
0.755507269476
0.754505105821
0.753505515874
0.752507321101
0.751508274859
0.750506326099
0.749500576186
0.748491327229
0.747479177331
0.746463795012
0.745443300893
0.744414796642
0.743375713083
0.742324948569
0.741262863157
0.740190133532
0.739106526544
0.73801078137
0.736901676822
0.735779030129
0.734643398593
0.73349483469
0.732332323557
0.731154717133
0.729961956387
0.72875493446
0.727534338288
0.726300371638
0.725053763693
0.723796154548
0.72252898967
0.721252850371
0.719968323537
0.718676431669
0.717377644481
0.716071638034
0.714758190348
0.713436872375
0.712106292921
0.710764935391
0.709411568535
0.708044609472
0.706662710131
0.705264879432
0.703849632703
0.702415466358
0.70096065977
0.699483023344
0.697980442743
0.696450221507
0.694889387675
0.693294508669
0.691661868019
0.689987705591
0.688268164207
0.686499486367
0.684677865674
0.682799507925
0.680860522359
0.678856715861
0.676783599547
0.674636368382
0.67241013616
0.670099840581
0.667700257555
0.665206119662
0.66261196547
0.659912092693
0.657100654007
0.654172164346
0.651121905604
0.647946421141
0.64464395234
0.641217405923
0.637709722395
0.634825884769
0.646860178703
0.837153386874
0.779954217728
1.00219821097
0.802712432791
0.918899565908
0.927568223079
0.877730710275
0.799149754586
0.837571262971
0.886498452551
0.856930688969
0.70694477118
0.689449118217
0.740083100057
0.746386294017
0.725367504374
0.736477261167
0.730161576122
0.654691833843
0.64564588371
0.655522562599
0.66071089198
0.674237303344
0.66449403059
0.644405031325
0.639080057375
0.6288738554
0.62804140381
0.630307959357
0.615943802299
0.614887089697
0.605902535609
0.610824815784
0.606870000191
0.602909026269
0.595226415794
0.592730387457
0.590892740636
0.593766043526
0.586081335899
0.586281842702
0.581091961456
0.581514611971
0.580756609247
0.573485415107
0.570767713715
0.572117143197
0.571066039103
0.567057302954
0.563676019266
0.560360009291
0.558852612802
0.562090455189
0.578326034036
0.668224177428
0.59202474296
0.818041103541
0.563988499518
0.668445460414
0.629954457143
0.552421116377
0.644782410185
0.539441944379
0.589535843132
0.622551555507
0.596557738538
0.541194492858
0.554791934457
0.593047120034
0.565238199323
0.52931457726
0.544052970848
0.563392240718
0.554064230495
0.529083949407
0.529950670474
0.548613778171
0.537096094718
0.521779845167
0.531165868944
0.535980971457
0.524150341399
0.518334214274
0.527346251896
0.522682177134
0.515355126777
0.520919266186
0.51994476451
0.512976465197
0.516250608777
0.515398564022
0.510353848495
0.513362950481
0.510988659588
0.508359981725
0.510434134552
0.50658941311
0.507225049423
0.506267231743
0.504068486279
0.504873579217
0.50210472825
0.502643398134
0.50050940332
0.500267785358
0.498636406157
0.498064664746
0.496527601291
0.495920974813
0.494082157723
0.493556784874
0.491702203057
0.49073765731
0.48956046724
0.487681263176
0.486526125104
0.485370993886
0.483565463372
0.481663475694
0.479873323612
0.478173355268
0.476612491845
0.475833045345
0.48070106172
0.509426761263
0.524475424252
0.468643972829
0.558359211192
0.506524214606
0.512961014398
0.503722771559
0.458547661378
0.485395792547
0.457548566618
0.484383711761
0.460368160957
0.46635864153
0.470066548688
0.449231510049
0.468969666818
0.449971519527
0.45196475952
0.458515989795
0.443071466547
0.451694383654
0.44623528753
0.442429586706
0.447447622405
0.437846896447
0.444274223422
0.43710887286
0.439538917802
0.437345372439
0.435562845521
0.435521960747
0.433719960527
0.433137870784
0.432140678692
0.429943882614
0.430954013117
0.427487532216
0.429130379797
0.426209503479
0.425410649452
0.425692183442
0.422775138718
0.422182527438
0.422213242636
0.420061456146
0.418176418625
0.417973750352
0.418270466692
0.416927814854
0.415761054901
0.414692380297
0.416740151134
0.422691926123
0.45185245741
0.406945118134
0.457671654768
0.41434132063
0.432349712346
0.401724541744
0.428554953583
0.411923905879
0.405001312874
0.419698904036
0.398705429742
0.409063321242
0.403482752759
0.398435722814
0.405501778969
0.392338872653
0.402907833466
0.39117602481
0.39778570196
0.39158758521
0.394018381635
0.389940607407
0.391508429429
0.388813298131
0.389525948081
0.386181669452
0.388143977083
0.384208094621
0.387021324789
0.382177610358
0.384313440027
0.381163819507
0.381187995147
0.380901090871
0.378342181859
0.379488103035
0.37788798907
0.375887598357
0.376673303845
0.375890103878
0.373362572345
0.372570553231
0.373108716279
0.372832931334
0.372739298055
0.372596978406
0.377451827356
0.385964320162
0.424170071116
