1.0, 0.594878143207
-1.0, 0.504143767999
-1.0, -0.58932003524
1.0, 0.630845548833
-1.0, -0.32205638558
1.0, 0.988451745638
1.0, 0.986466502402
1.0, 0.999382794919
1.0, 0.837336206576
1.0, 0.920018965934
1.0, 0.761699666397
1.0, 0.843524271476
1.0, 0.529865728443
1.0, 0.671643974849
-1.0, 0.48092324089
1.0, 0.937709856926
1.0, 0.780326604981
1.0, 0.646368113403
1.0, 0.961431483879
-1.0, 0.810805457149
1.0, 0.870617571641
1.0, 0.811955287508
1.0, 0.885708467682
1.0, 0.258781398987
1.0, 0.959775848269
1.0, 0.953460054321
-1.0, 0.948043291395
-1.0, 0.16728490584
1.0, 0.771756426712
1.0, 0.993566580533
1.0, 0.907960408672
1.0, 0.965616897124
-1.0, 0.998897027192
1.0, 0.521579845191
-1.0, 0.526524637506
1.0, 0.946374531611
1.0, 0.627365364162
1.0, 0.453964988449
-1.0, 0.358627448774
1.0, 0.767874656417
1.0, 0.781056158562
1.0, 0.882793778787
1.0, 0.977870713692
1.0, 0.852192025916
1.0, 0.768514542952
1.0, 0.990662374371
1.0, 0.992539393755
1.0, 0.934938842654
1.0, 0.989296363367
1.0, 0.829563289213
1.0, 0.978885092931
1.0, 0.992458798813
-1.0, -0.174631715738
-1.0, -0.322288855127
1.0, 0.990663007276
-1.0, -0.72491489177
1.0, 0.91384517735
-1.0, 0.46349350887
-1.0, -0.536164679283
1.0, 0.981686308821
1.0, 0.966597939663
1.0, 0.941135163565
1.0, 0.874328381265
1.0, 0.860082641261
1.0, 0.68462458976
1.0, 0.866525189392
1.0, 0.806987302277
1.0, 0.718173724727
1.0, 0.635367278379
-1.0, 0.466384488075
-1.0, -0.588004037945
-1.0, 0.0599616465823
-1.0, -0.0792804309616
1.0, 0.996303988662
1.0, 0.924968709349
-1.0, -0.326661765244
1.0, 0.53796564158
1.0, 0.861074186069
1.0, 0.975120529325
1.0, 0.518581596159
1.0, 0.951740763301
-1.0, 0.65156570106
-1.0, 0.408010957095
1.0, 0.511643536452
1.0, 0.87255781512
1.0, 0.492855659888
-1.0, -0.0968616648257
1.0, 0.719861347265
1.0, 0.901090420065
1.0, 0.952155691364
-1.0, 0.825626150975
1.0, 0.71792545407
1.0, 0.562190066299
1.0, 0.794330947594
1.0, 0.75277975432
-1.0, 0.805949293287
-1.0, 0.391805213649
-1.0, 0.00769901596224
1.0, 0.878929341465
1.0, 0.876351668039
-1.0, -0.429145222513
1.0, 0.851111855343
-1.0, 0.111356592578
1.0, 0.892417266914
-1.0, 0.308504151686
1.0, 0.666609728407
-1.0, -0.313090103919
-1.0, -0.395944303831
-1.0, -0.541169707556
-1.0, 0.110137216045
1.0, 0.802869800595
-1.0, 0.300091964286
1.0, 0.971055600617
-1.0, 0.720819783588
1.0, 0.292016162292
1.0, 0.551950166284
-1.0, -0.258308280316
1.0, 0.354513869194
1.0, 0.603546001619
1.0, 0.993272076064
1.0, 0.989169274248
-1.0, -0.510061735279
1.0, 0.841149000695
-1.0, -0.996381057221
1.0, 0.891696785246
1.0, 0.499800016917
1.0, 0.979455568008
-1.0, -0.103262885485
1.0, 0.905204599275
-1.0, -0.203876463858
1.0, 0.996128065316
1.0, 0.843874062247
1.0, 0.800844784944
1.0, 0.689403973324
1.0, 0.860156480078
1.0, 0.75639802165
-1.0, 0.832270280461
1.0, 0.824595630465
1.0, 0.699935531986
1.0, 0.989725185964
1.0, 0.45567757456
1.0, 0.983329465939
1.0, 0.997252789483
1.0, 0.99071417148
1.0, 0.996062341215
1.0, 0.998690609845
1.0, 0.985368098868
1.0, 0.965989455601
1.0, 0.997290002895
-1.0, 0.213458083921
1.0, 0.797025409399
-1.0, 0.653866176869
1.0, 0.900799727961
1.0, 0.925983361988
1.0, 0.942316060497
-1.0, 0.527474837347
1.0, 0.986021901552
1.0, 0.439927739889
1.0, 0.958811688814
1.0, 0.959698187021
1.0, 0.820472630996
1.0, 0.872774422653
1.0, 0.989928110867
1.0, 0.971698158743
1.0, 0.918225830624
1.0, 0.908602728114
1.0, 0.906577801368
1.0, 0.964689930187
1.0, 0.864189999276
1.0, 0.944028869102
-1.0, 0.868070062504
-1.0, 0.215146433889
1.0, 0.709125968203
1.0, 0.808541914156
1.0, 0.9355099195
1.0, 0.918476263863
1.0, 0.691407094094
1.0, 0.684166625133
-1.0, 0.692111098564
-1.0, 0.0618122873478
-1.0, -0.828227566188
1.0, 0.827811133781
-1.0, -0.636967730391
1.0, 0.9523430985
1.0, 0.651711000495
-1.0, 0.245981588758
-1.0, 0.500727383756
-1.0, 0.673467996622
1.0, 0.872054391641
1.0, 0.715657705018
1.0, 0.911190391737
1.0, 0.727980289326
-1.0, 0.0900721482118
1.0, 0.686545301885
1.0, 0.842753556119
1.0, 0.96223898628
1.0, 0.486875653588
1.0, 0.845141223682
1.0, 0.885248862576
1.0, 0.867673274324
1.0, 0.772778339392
1.0, 0.987286860241
-1.0, 0.995276274987
1.0, 0.60635358207
1.0, 0.943121036712
1.0, 0.699039434555
1.0, 0.820145168373
1.0, 0.852095638753
1.0, 0.787068319188
1.0, 0.802597535726
1.0, 0.838804372837
-1.0, 0.83764823372
-1.0, 0.468221100034
-1.0, -0.0072155116571
1.0, 0.622645861762
1.0, 0.958611304184
1.0, 0.652227310614
1.0, 0.594801610027
-1.0, 0.80015121313
1.0, 0.486690630104
1.0, 0.999480723706
1.0, 0.999190378809
1.0, 0.995286284625
1.0, 0.896730648607
1.0, 0.815537161336
1.0, 0.921254550917
1.0, 0.81296908534
1.0, 0.875849228438
1.0, 0.906179251126
1.0, 0.962611512011
-1.0, -0.490692116925
-1.0, -0.455933507243
1.0, 0.786385466221
1.0, 0.990295983047
-1.0, -0.332967223872
1.0, 0.796582783971
1.0, -0.0403907190418
1.0, 0.64153939061
-1.0, 0.39645772088
1.0, 0.873196109995
1.0, 0.74782449769
1.0, 0.944153181094
-1.0, -0.520209591357
-1.0, -0.0953610922016
-1.0, -0.581132764337
-1.0, -0.315529684198
1.0, 0.997508135413
1.0, 0.911046813851
-1.0, 0.118130064141
1.0, 0.950359352628
1.0, 0.612801869786
1.0, 0.818154399794
1.0, 0.501819048018
-1.0, -0.143699863058
1.0, 0.848397473548
1.0, 0.936479781487
1.0, 0.978626611923
1.0, 0.955784150885
1.0, 0.993992814791
1.0, 0.995595063005
1.0, 0.978584482199
1.0, 0.980638700876
1.0, 0.998163381016
1.0, 0.998250211052
1.0, 0.866128454383
1.0, 0.921225016229
1.0, 0.547259062309
1.0, 0.875320441459
1.0, 0.941419459825
1.0, 0.922313882868
1.0, 0.854449398841
1.0, 0.29215826802
1.0, 0.877127106038
1.0, 0.904625603559
1.0, 0.784006366965
1.0, 0.869514389028
1.0, 0.751333154396
-1.0, 0.287827669178
1.0, 0.689660741833
1.0, 0.993688188035
1.0, 0.995939518331
-1.0, -0.591274549977
1.0, 0.796003175216
1.0, 0.999767948987
1.0, 0.82530155345
-1.0, 0.411970451131
-1.0, 0.799084961027
1.0, 0.921034791101
-1.0, -0.0770119232575
1.0, 0.975103141652
1.0, 0.836235806426
1.0, 0.955429691477
1.0, 0.799872019049
-1.0, 0.109005789707
-1.0, 0.993738106311
1.0, -0.153376572648
1.0, 0.932690851369
-1.0, -0.929405919825
1.0, 0.904386298922
1.0, 0.901665797794
1.0, 0.978609996308
1.0, 0.769174672739
1.0, 0.949717783919
1.0, 0.718931291415
1.0, 0.942026667278
-1.0, -0.54888729569
1.0, 0.631073020146
1.0, 0.680666929371
1.0, 0.729161759956
-1.0, -0.266862558041
1.0, 0.853922478054
-1.0, 0.32130728344
1.0, 0.990085968609
1.0, 0.980059617092
1.0, 0.999008193723
-1.0, 0.556436972326
1.0, 0.621439400541
1.0, 0.918668407125
1.0, 0.999195159652
1.0, 0.746122650283
1.0, 0.96779670434
1.0, 0.677144251045
1.0, 0.96735786703
1.0, 0.32727344115
1.0, 0.930638217702
1.0, 0.939126570205
1.0, 0.726251545074
-1.0, 0.863880069065
1.0, 0.716300552363
1.0, 0.764821972133
1.0, 0.971101255587
1.0, 0.767816784586
1.0, 0.962709544869
1.0, 0.925429883626
1.0, 0.965071941771
1.0, 0.85701787161
-1.0, 0.684145246388
1.0, 0.622889348377
1.0, 0.998620280116
1.0, 0.998900342953
1.0, 0.92469004054
-1.0, -0.80849101853
1.0, 0.984153791566
-1.0, -0.158800766008
-1.0, 0.0216877259543
1.0, 0.936628332854
1.0, 0.935253809681
1.0, 0.979076942818
1.0, 0.603184803627
-1.0, 0.296809441444
1.0, 0.474462477848
1.0, 0.756459873774
1.0, 0.985722016607
-1.0, 0.41127566577
1.0, 0.495250183126
1.0, 0.985779274858
1.0, 0.999828985175
1.0, 0.847742453524
1.0, 0.996000883621
1.0, 0.997592642593
1.0, 0.912737622639
-1.0, 0.650076118852
-1.0, 0.859926071606
1.0, 0.91138334646
1.0, 0.442576936241
1.0, 0.786199806154
-1.0, 0.630217771883
1.0, 0.918444310429
-1.0, 0.7507875811
1.0, 0.825466255165
1.0, 0.908938202171
1.0, 0.709445071858
-1.0, 0.277817942623
-1.0, -0.417916678227
-1.0, -0.390850211045
1.0, 0.981557883506
-1.0, -0.896222988399
1.0, 0.932442569346
1.0, 0.895730366846
-1.0, -0.27931714098
-1.0, -0.265751415908
1.0, 0.658320638981
-1.0, -0.167679569259
1.0, 0.623476220864
1.0, 0.828347312231
1.0, 0.849857884043
-1.0, -0.34308019885
1.0, 0.746003274634
-1.0, -0.447102908797
1.0, 0.93359076907
-1.0, -0.495288251631
-1.0, -0.103568201478
1.0, 0.968090205992
1.0, 0.941738873097
-1.0, -0.119875349555
1.0, 0.838166474191
1.0, 0.810552344133
-1.0, -0.450968814467
-1.0, -0.059901732534
-1.0, 0.993182208383
1.0, 0.974608134201
1.0, 0.976856719432
1.0, 0.999447874665
1.0, 0.972573244568
-1.0, -0.0193319480434
1.0, 0.959466129981
1.0, 0.753216675884
1.0, 0.848012077521
-1.0, 0.1687598157
1.0, 0.860893010687
1.0, 0.888080761039
1.0, 0.994363208771
1.0, 0.852037169587
1.0, 0.936877078927
1.0, 0.78662876357
-1.0, 0.54574706032
-1.0, 0.0300466311056
1.0, 0.533521048678
1.0, 0.826798854649
1.0, 0.834732511449
1.0, 0.804896692355
1.0, 0.919040364332
-1.0, 0.353392135777
1.0, 0.960982568321
1.0, 0.963648277212
1.0, 0.974240671275
-1.0, 0.817201790306
1.0, 0.959512790308
-1.0, -0.948591067784
1.0, 0.893169954584
1.0, 0.709655094597
1.0, 0.975890046301
1.0, 0.857448742176
1.0, 0.960323040973
1.0, 0.692452357608
1.0, 0.701318014663
1.0, 0.727574487147
1.0, 0.50436157327
1.0, 0.624567561265
1.0, 0.713843016095
1.0, 0.745058114432
-1.0, 0.0294386880075
1.0, 0.916135751849
-1.0, -0.27117836527
1.0, 0.992919993788
1.0, 0.867502398806
1.0, 0.765087726939
1.0, 0.826500999881
1.0, 0.785917804651
1.0, 0.693275542914
-1.0, 0.223433525035
-1.0, 0.0748458470843
1.0, 0.671946214393
1.0, 0.255021360237
-1.0, -0.081849287635
-1.0, 0.0853734348195
-1.0, -0.0866681431749
1.0, 0.976648514133
1.0, 0.696340820491
1.0, 0.969560059418
1.0, 0.912384920367
1.0, 0.956564912729
1.0, 0.971667847411
1.0, 0.999460223744
1.0, 0.988788101976
1.0, 0.994758608346
1.0, 0.99148552153
1.0, 0.579727850618
-1.0, 0.534549142125
1.0, 0.965653986627
-1.0, -0.594755841181
1.0, 0.985547673259
-1.0, -0.0913292108229
1.0, 0.897280219132
1.0, 0.824725785219
-1.0, 0.936641961743
1.0, 0.956670324534
-1.0, 0.0844171332355
1.0, 0.747851225595
1.0, 0.731065227416
1.0, 0.755726752267
1.0, 0.809852275017
1.0, 0.994908320598
