1.53614785554
1.53612759594
1.5360880914
1.53603020607
1.5359546662
1.53586207125
1.5357529039
1.53562753891
1.53548625093
1.53532922149
1.5351565451
1.53496823462
1.53476422593
1.53454438203
1.53430849648
1.53405629641
1.53378744503
1.53350154368
1.53319813351
1.53287669678
1.53253665786
1.53217738385
1.53179818498
1.53139831467
1.53097696945
1.53053328854
1.53006635323
1.52957518612
1.52905875009
1.52851594712
1.52794561693
1.52734653546
1.52671741312
1.52605689301
1.52536354884
1.52463588284
1.52387232338
1.52307122255
1.52223085355
1.52134940792
1.52042499263
1.51945562702
1.51843923954
1.51737366434
1.51625663768
1.51508579409
1.5138586624
1.51257266137
1.51122509522
1.50981314867
1.50833388176
1.50678422416
1.50516096903
1.50346076629
1.50168011529
1.49981535657
1.49786266283
1.4958180287
1.49367725929
1.49143595715
1.48908950745
1.48663306097
1.48406151459
1.48136948874
1.47855130134
1.47560093756
1.47251201467
1.4692777412
1.46589086945
1.46234364018
1.45862771835
1.45473411858
1.45065311867
1.44637415979
1.44188573136
1.4371752391
1.4322288543
1.42703134301
1.4215658736
1.41581380247
1.40975443822
1.40336478648
1.39661928009
1.38948950295
1.38194392121
1.37394764279
1.36546223713
1.35644566073
1.34685235378
1.33663359782
1.32573825567
1.31411405216
1.30170959413
1.28847736448
1.27437794325
1.25938568414
1.24349596931
1.22673392665
1.20916406583
1.19089963935
1.17210970642
1.15302106324
1.13391180588
1.11509387828
1.09688402034
1.07956603841
1.06335130387
1.04834702378
1.03454134476
1.02181029376
1.00994541125
0.998695315352
0.987811477617
0.977088721027
0.966393462554
0.955676137846
0.944967527057
0.934361376413
0.92398766929
0.913982118921
0.904457852753
0.895484715842
0.887080084669
0.879212689156
0.871818079569
0.86482164726
0.858163166016
0.851816171328
0.845796387503
0.840155858648
0.834963256986
0.830275525656
0.826110379803
0.822431148353
0.819152606315
0.816167996689
0.813386195503
0.810760405636
0.80829233169
0.806009358383
0.803929377115
0.802036666226
0.80028511076
0.79862577128
0.797037717961
0.795537741937
0.794159968477
0.792920680864
0.79179773145
0.790743015605
0.789716373578
0.788707605802
0.787724927105
0.78676474118
0.785799596743
0.784800339779
0.783765541151
0.782719110937
0.781677352439
0.780630968856
0.779567944279
0.778498742493
0.777440037135
0.776387030934
0.775327006188
0.774266728392
0.773217146839
0.772167407342
0.771103445898
0.770027193615
0.768935093845
0.76781608131
0.766676935413
0.765527354005
0.76436377479
0.763191350026
0.762013753129
0.760825364159
0.759633138842
0.758438650026
0.757242408679
0.756050441714
0.754860469564
0.753677745006
0.752499420103
0.751324560227
0.750148905325
0.748972602225
0.747797439338
0.746627494769
0.745463641008
0.744308350462
0.74316049904
0.742020637654
0.740887434104
0.739759626412
0.738636397596
0.737513720262
0.736387042143
0.735253918181
0.734110995328
0.732953625011
0.731776368685
0.730574346941
0.729344601316
0.728084884724
0.726791848669
0.725465952072
0.724159408553
0.72363509379
0.736568589692
0.924066804741
0.859317041194
0.761737879832
0.820732049975
0.747830128403
0.808098663496
0.740263896715
0.802893716755
0.768161018201
0.751289404705
0.773883978142
0.731157769888
0.770453417657
0.725070970136
0.732727905669
0.743616887954
0.713743837436
0.744311872621
0.726891001639
0.711143247227
0.731897019337
0.71431519263
0.711479887345
0.722354715946
0.705113773613
0.713375892044
0.710019612897
0.704723692897
0.71102175969
0.700538588612
0.708356577605
0.700576175892
0.704808196243
0.700969783814
0.700722664094
0.699526921262
0.699315360632
0.697622752469
0.698872324588
0.695374219728
0.69781390131
0.693820492601
0.695742868138
0.693663082576
0.692686074085
0.693588266621
0.690884093766
0.690909971874
0.690980461534
0.688786336912
0.688467883342
0.688760460112
0.687367871196
0.685740139387
0.685070986266
0.685243626834
0.685814669184
0.686605099117
0.686888751874
0.686566651585
0.687087167185
0.690126438357
0.695222479255
0.705857557626
0.711642374884
0.711686397055
0.695331441877
0.68517583618
0.684962570569
0.712036724757
0.817157862863
0.709208072573
0.733099136092
0.73617774932
0.67555080873
0.756126734336
0.675177058434
0.725646878156
0.670761449825
0.714804509491
0.713169652985
0.675156688752
0.703458596591
0.688341969824
0.666395842941
0.700826977883
0.691041557856
0.662126166463
0.678234359705
0.680679527016
0.66335797356
0.66995693195
0.677798087599
0.662794041207
0.658913946664
0.667856716817
0.658314057861
0.661080010533
0.664034863979
0.653993946039
0.658911281212
0.658308950552
0.654141248024
0.657994046192
0.65310353054
0.653709163688
0.65492166743
0.651438083557
0.653722447153
0.65028535763
0.651958594713
0.650706565281
0.649953093149
0.649873112604
0.648835089813
0.649111723199
0.647836376283
0.647802267158
0.64719923667
0.646677151908
0.64645413147
0.64535016266
0.645646290263
0.644501144339
0.644047346295
0.643997170877
0.642946835361
0.642258587337
0.642101043675
0.641812175259
0.641328744564
0.640778319605
0.640748781572
0.643048483629
0.652915151522
0.686265573259
0.64356965498
0.651379419958
0.674866454021
0.643693783087
0.636739147598
0.659667906178
0.664530053533
0.644110517845
0.631145469721
0.636558288813
0.657687925683
0.686530911913
0.633048969715
0.675183497005
0.62881799685
0.668843279691
0.643210109875
0.646419206579
0.652029689286
0.628773070966
0.652927699997
0.624759623817
0.644783516825
0.625080836504
0.640296988821
0.624276627068
0.635315896578
0.623948757998
0.632770938577
0.621486192301
0.6312675264
0.619227106431
0.629352537074
0.618642911382
0.624453066136
0.620433957378
0.618441687445
0.623194200326
0.616344114095
0.618030032125
0.619445925119
0.614519955927
0.616510116085
0.617517716103
0.613324206019
0.613180300711
0.615512088345
0.614274014139
0.611635144244
0.610185044598
0.609923129866
0.611061549694
0.614741837012
0.624750060483
0.64716878657
0.682356668012
0.61192773108
0.673874760795
0.608952067686
0.665535527977
0.634227386411
0.629731701941
0.642224794447
0.610714706399
0.641704697813
0.611339308125
0.615877731648
0.626434800624
0.601312489527
0.622667071635
0.605322441119
0.609840655473
0.612487607428
0.600674578475
0.61222237095
0.598652043241
0.6082864017
0.599651477342
0.604253848012
0.600099475974
0.601439130271
0.599906169009
0.599516785967
0.598086512694
0.599417095787
0.595967586596
0.599074974568
0.594482320313
0.597987019154
0.593964916645
0.595420686499
0.594837173063
0.592571471938
0.594426694658
0.592619677773
0.591442048926
0.59273037011
0.591793586589
0.590037514195
0.589833041981
0.590601662593
0.591001121466
0.590223457369
0.589305391678
0.588878671254
0.590014950728
0.595081438824
0.61114675526
0.647697541477
0.589369324749
0.617845821407
0.586875004199
0.607175778045
0.592177258277
0.590832963119
0.600437872916
0.581875934647
0.599181118899
0.585979307152
0.582403258851
0.594390763077
0.583732975069
0.5794001752
0.590031956162
0.590897354156
0.580011112752
0.576546892442
0.581727647296
0.589505226753
0.591849449936
0.587066220743
0.580497932497
0.576047675471
0.576100433626
0.579858249787
0.596559886088
0.636678604245
0.575304077838
0.598379035176
0.576819583882
0.584858064199
0.581684267668
0.571476586968
0.586643580934
0.567024771128
0.578262004298
0.577406227523
0.564903132481
0.573919897374
0.573672210962
0.564152009369
0.565676374526
0.572377429837
