1.16354117709
1.16350670128
1.16343948178
1.16334099958
1.1632125054
1.16305503846
1.16286944329
1.16265638473
1.16241636145
1.16214971789
1.16185665496
1.16153723949
1.16119141264
1.16081899729
1.16041970459
1.15999313967
1.15953880663
1.15905611294
1.15854437322
1.15800281247
1.15743056891
1.1568266964
1.15619016649
1.15551987018
1.1548146194
1.15407314836
1.15329411463
1.15247610014
1.15161761216
1.15071708412
1.14977287656
1.14878327803
1.1477465062
1.14666070897
1.14552396593
1.14433429
1.14308962933
1.14178786968
1.14042683715
1.13900430144
1.13751797973
1.1359655411
1.13434461184
1.13265278148
1.13088760984
1.12904663497
1.12712738242
1.12512737559
1.12304414757
1.12087525442
1.11861829004
1.11627090291
1.11383081459
1.11129584029
1.1086639116
1.10593310142
1.10310165127
1.10016800113
1.09713082163
1.093989049
1.0907419224
1.08738902387
1.08393032064
1.08036620965
1.07669756408
1.07292578147
1.06905283296
1.06508131317
1.06101448974
1.05685635198
1.05261165722
1.04828597387
1.04388571964
1.03941819339
1.03489159882
1.03031505802
1.02569861297
1.02105321284
1.01639068497
1.01172368751
1.00706564203
1.00243064432
0.997833352569
0.993288852042
0.988812496726
0.98441972869
0.980125877182
0.975945940344
0.971894353535
0.967984749232
0.964229714433
0.960640552241
0.957227054847
0.953997295359
0.95095744582
0.948111628259
0.945461804772
0.943007711422
0.940746839214
0.938674463768
0.936783723451
0.935065744005
0.933509806049
0.932103550446
0.93083321543
0.929683898719
0.928639837482
0.927684699091
0.926801875968
0.925974778413
0.92518712007
0.924423191469
0.923668117784
0.922908097503
0.922130618993
0.921324651894
0.920480809875
0.919591480572
0.918650917441
0.917655287125
0.91660266474
0.915492968775
0.914327827263
0.913110368256
0.911844930731
0.910536697612
0.909191260684
0.907814137877
0.906410275833
0.904983583214
0.903536550314
0.902070014651
0.900583126706
0.899073551676
0.89753791114
0.895972425251
0.894373668522
0.892739311525
0.891068700442
0.889363138282
0.887625781504
0.885861148415
0.884074333824
0.882270110634
0.880452143966
0.87862252552
0.876781750914
0.874929128731
0.873063464898
0.871183759065
0.869289627179
0.867381253298
0.865458864185
0.863521953935
0.861568659864
0.859595690553
0.857598973847
0.85557479676
0.853520866753
0.851436695604
0.849323100582
0.847181228681
0.845011888303
0.84281574885
0.840594217333
0.838350101433
0.836087196307
0.833808822458
0.831516370023
0.829208984363
0.826884372489
0.824539509628
0.822170357296
0.819771373765
0.817336359591
0.814860642386
0.812342683304
0.809783819083
0.807187330708
0.804558399319
0.801904074822
0.799231792973
0.796547816052
0.793857532625
0.791166064793
0.788477308641
0.785793224672
0.783114298271
0.780439060613
0.777763807398
0.775084557688
0.772398386438
0.769703468306
0.766999409309
0.764285919369
0.761561729582
0.758825033194
0.756072903801
0.753301380797
0.750504878944
0.747676162218
0.744807350123
0.741890012457
0.738915065369
0.735872119509
0.732750521663
0.729539960365
0.726230232332
0.722810385296
0.719269130754
0.71559598615
0.711781764789
0.707819021371
0.703701999973
0.699425744581
0.694985079435
0.690374512857
0.685589080917
0.680624527733
0.675478994758
0.670151648281
0.664642797692
0.658957406596
0.653171254558
0.648137657381
0.655625768587
0.796659880616
1.0002572277
1.13932828607
1.16839728295
1.17358107382
1.16693939071
1.1440225639
1.10718627589
1.09782054525
1.10035356567
1.10370358766
1.10895514079
1.11456478983
1.11899544514
1.12111943599
1.12015393876
1.11615412427
1.11042995681
1.10489726449
1.10069050966
1.09722489243
1.09318291807
1.08753690199
1.07962450731
1.07092559008
1.06724669671
1.06833038614
1.06575643106
1.0584041353
1.05301919185
1.05004663958
1.04270335325
1.02697982943
1.00331115388
0.975234357166
0.942319027282
0.884633090353
0.821472181661
0.733794426397
0.674784199171
0.828566235046
0.856444151845
0.848275254358
0.877469676984
0.751708273802
0.701655277879
0.749055096276
0.649501487822
0.700310714242
0.708658435955
0.726552370399
0.72606998341
0.692475733043
0.672224923692
0.642986023435
0.625481033026
0.590951329945
0.581647369446
0.582979035927
0.58294004387
0.579235944413
0.564090336737
0.539522388251
0.527981255842
0.536567627066
0.550271738552
0.595638984174
0.524322320008
0.628783493682
0.50912854842
0.554919296613
0.500562076627
0.556462117526
0.525447621959
0.496793920004
0.526413268925
0.498187038129
0.469307508555
0.497968661937
0.490356405039
0.456116506319
0.467875382562
0.475567703823
0.453986790499
0.451879084957
0.466028101254
0.44563138258
0.44038320324
0.445476789282
0.431962566987
0.43206828159
0.435791889777
0.4243465178
0.428881140545
0.426337505198
0.419282528594
0.422777371668
0.414950420997
0.415532350573
0.413018210764
0.408818908942
0.40993758806
0.404698533683
0.405584719913
0.401041242289
0.401077319617
0.396969270447
0.396193002841
0.393037690941
0.392461386819
0.388863440596
0.387936061837
0.384540166451
0.382805481541
0.380812697262
0.377596118808
0.375894757087
0.373821136733
0.370477096685
0.367506716975
0.365139761064
0.363170958824
0.36209896871
0.364091808211
