1.58649125939
1.5864035096
1.58623239004
1.58598161595
1.58565429328
1.58525296789
1.58477966918
1.58423594857
1.58362291341
1.58294125669
1.58219128296
1.58137293084
1.58048579231
1.5795291292
1.57850188702
1.57740270636
1.57622993208
1.57498162044
1.57365554431
1.57224919657
1.57075979193
1.56918426702
1.56751927919
1.56576120375
1.56390612993
1.56194985554
1.55988788044
1.55771539871
1.55542728979
1.55301810843
1.55048207354
1.54781305603
1.5450045656
1.54204973654
1.53894131262
1.53567163101
1.53223260542
1.52861570847
1.52481195334
1.52081187487
1.51660551029
1.51218237959
1.50753146599
1.50264119649
1.49749942312
1.49209340509
1.48640979243
1.48043461164
1.4741532542
1.46755046872
1.46061035778
1.45331638079
1.44565136432
1.43759752167
1.42913648386
1.4202493444
1.41091672082
1.40111883633
1.39083562533
1.38004686738
1.36873235452
1.35687209755
1.34444657748
1.33143704872
1.31782590114
1.30359708816
1.28873662779
1.27323318306
1.25707872661
1.24026929249
1.22280581412
1.20469504335
1.18595053844
1.16659370095
1.14665483093
1.12617415797
1.10520279203
1.08380352402
1.06205139302
1.04003392658
1.01785095589
0.995613910481
0.973444512196
0.951472815559
0.929834584266
0.908668048624
0.888110153022
0.868292468522
0.849337004027
0.831352189731
0.814429319349
0.798639717118
0.784032841455
0.770635455203
0.758451894024
0.747465364259
0.737640114074
0.728924258649
0.721253008019
0.714552045279
0.708740828836
0.703735636839
0.699452225884
0.69580803077
0.692723881072
0.690125249455
0.687943074502
0.686114217575
0.68458162056
0.683294231438
0.682206759653
0.681279315458
0.680476978267
0.679769329793
0.679129979238
0.678536100304
0.677967993615
0.677408683223
0.676843552098
0.676260018717
0.675647254932
0.674995943933
0.674298076276
0.673546781365
0.672736191389
0.671861334426
0.670918053004
0.669902943972
0.668813314831
0.667647150739
0.666403085263
0.665080366613
0.663678809711
0.662198723448
0.660640802135
0.659005971384
0.657295182139
0.655509153293
0.65364807403
0.65171129165
0.649697028165
0.647602186317
0.645422317802
0.643151826716
0.64078446264
0.638314116627
0.635735872276
0.633047195089
0.630249087109
0.627347013869
0.6243514426
0.621277910995
0.618146646589
0.61498183301
0.611810628542
0.608661971883
0.605565095588
0.602547593233
0.599632951659
0.596837720207
0.594168886375
0.591622360668
0.589183468756
0.586829841378
0.584536216236
0.582279870476
0.580045191201
0.577826438033
0.575628704404
0.573467764877
0.571369373807
0.569367699444
0.567501659328
0.565808044983
0.564312157361
0.563019475599
0.561913127508
0.560959107046
0.560115480168
0.559339043687
0.558587202
0.557819535825
0.557003574468
0.556121884378
0.555172682544
0.554161621347
0.553092614841
0.551966768357
0.55078736964
0.549561494848
0.548297353221
0.54700546831
0.545702762251
0.544407853317
0.543128294665
0.541856404396
0.540575315112
0.539261729355
0.537892209774
0.536458504232
0.534968912988
0.533436029475
0.5318717139
0.530280447859
0.528657315759
0.52699901489
0.52530397019
0.523570202976
0.521792575492
0.519959535063
0.518062879257
0.516098758982
0.514065980574
0.511956319412
0.509758221859
0.507462920628
0.505066087588
0.502556183905
0.499914307473
0.497127017078
0.494192451319
0.491109830538
0.487870086037
0.484461779608
0.480875170307
0.477101590928
0.473137577341
0.46897507358
0.464606971878
0.460126445393
0.456828569828
0.47043715915
0.616428499166
0.63071156192
0.498303307359
0.846986915264
0.550523858366
0.679069573869
0.715387100065
0.726181507129
0.72611452696
0.716804406134
0.695454390307
0.670124621111
0.662859677724
0.662553726238
0.661826357805
0.660589484689
0.65663024951
0.638709980477
0.599774752625
0.580893764631
0.593237723833
0.577519589527
0.549989578705
0.546448092032
0.522756356056
0.475089277325
0.476835851317
0.458971152351
0.471084348698
0.455680249952
0.430308242063
0.466712093647
0.42064739794
0.441247822316
0.420341787331
0.403984135622
0.4107372949
0.392848635383
0.396979757365
0.391530863551
0.384501974981
0.377636521571
0.361821803383
0.376548474228
0.3573878226
0.361446351436
0.346594078797
0.353383449341
0.338919400768
0.345645088851
0.329656782984
0.33284350518
0.322274007305
0.31948988609
0.320529092445
0.30919364711
0.310204856354
0.309619455569
0.302803553716
0.297599028988
0.296819048841
0.298352010884
0.29237715966
0.289798392006
0.287885384654
0.298278063168
0.318116258089
0.289440837563
0.273542544359
0.304041592711
0.260970435928
0.280678736764
0.254252446343
0.27142372581
0.260009816998
0.250457027248
0.260979185462
0.247546786171
0.2420626064
0.251181723039
0.237622113686
0.237733804923
0.240487064698
0.230864261768
0.234204698193
0.231972046472
0.226487356226
0.230115277161
0.224263475035
0.224953526629
0.22389538526
0.220463075329
0.221677228413
0.217347923152
0.218802467338
0.215425996458
0.215594173639
0.213426045957
0.212748616341
0.211090967679
0.210337692691
0.208497823159
0.2079500249
0.205752318827
0.20543530068
0.203336403466
0.202226338228
0.201270521327
0.199230423506
0.197928253966
0.196990028504
0.195375817326
0.193460490162
0.191637646202
0.189962583078
0.188369225815
0.18704782097
0.187200303738
0.193465240222
0.227675619952
0.185775890395
0.186932857191
0.213845724734
0.179035448372
0.216960304374
0.182309523662
0.19640862546
0.217793495514
0.182065991541
0.171444786609
0.199387683397
0.191314546723
0.164201248526
0.172665796349
0.1925042862
0.196763121391
0.18167045563
0.163115108631
0.160704956661
0.172564330363
0.181980153064
0.181995046234
0.173078117602
0.162058774965
0.156385150772
0.15815516263
0.163493478016
0.166910077028
