0.502282636907
0.502206395502
0.502057762185
0.501840048058
0.501556070517
0.501208193823
0.500798365856
0.500328151409
0.499798762296
0.499211084585
0.498565703218
0.497862924283
0.497102795175
0.496285122894
0.495409490672
0.494475273154
0.493481650321
0.492427620344
0.491312011535
0.490133493593
0.488890588284
0.487581679742
0.486205024533
0.484758761667
0.483240922698
0.481649442094
0.479982168032
0.478236873804
0.476411269995
0.474503017634
0.4725097425
0.47042905078
0.468258546298
0.465995849511
0.463638618513
0.461184572257
0.458631516243
0.455977370885
0.453220202814
0.450358259314
0.447390006121
0.444314168762
0.441129777595
0.437836216664
0.43443327642
0.430921210285
0.427300794931
0.423573394045
0.41974102516
0.415806428997
0.411773140508
0.407645560581
0.403429027066
0.39912988346
0.394755543228
0.390314547342
0.385816612225
0.381272664873
0.376694861547
0.372096586076
0.367492423582
0.362898105271
0.358330420031
0.353807088799
0.349346598258
0.344967991293
0.340690612897
0.336533811887
0.332516600813
0.328657278859
0.324973025163
0.321479472798
0.318190276383
0.315116688758
0.312267164138
0.30964700635
0.307258080963
0.3050986092
0.303163059335
0.301442147924
0.299922958783
0.298589182476
0.297421473438
0.296397916293
0.295494587706
0.294686195648
0.293946774488
0.293250411881
0.29257198202
0.291887859196
0.291176585557
0.290419467131
0.289601072438
0.288709608236
0.287737147471
0.286679685667
0.285537004895
0.284312330028
0.283011771663
0.281643564862
0.280217133403
0.278742034811
0.277226870004
0.275678268484
0.274100079384
0.272492902526
0.270854074307
0.269178175288
0.267458049874
0.265686230975
0.263856561073
0.261965720668
0.260014344619
0.258007451112
0.255954037064
0.253865892969
0.251755915129
0.249636374658
0.247517665231
0.24540794218
0.243313783688
0.241241619569
0.239199316655
0.237197141923
0.235247473514
0.233363120259
0.231554801593
0.229828916598
0.228186804267
0.226626038606
0.225143117349
0.223735903053
0.222404207129
0.221148232638
0.219966384718
0.218854703694
0.217808950205
0.216827947263
0.215915310438
0.215077842851
0.214321917706
0.213651117069
0.213066807015
0.212569625596
0.212158621895
0.211828119562
0.211566094436
0.211356439737
0.211182509325
0.211028150082
0.210877094996
0.210714509742
0.210530291686
0.210319683783
0.21008093766
0.209814568675
0.209524329744
0.209215581824
0.208892519306
0.20855883781
0.208218847364
0.207875969103
0.207533117315
0.207194106434
0.20686168004
0.206536712889
0.206218765222
0.205904549566
0.205589322319
0.205268685988
0.20493911361
0.20460006607
0.204252971847
0.203900781128
0.203546560784
0.203192609155
0.202840672177
0.202491815453
0.202146760464
0.201805287909
0.201466087853
0.20112718756
0.200787036823
0.200445896365
0.200105435056
0.199767689074
0.199434058484
0.1991049784
0.198780371306
0.198459903681
0.198142794193
0.197828463582
0.197517332639
0.197210847178
0.196910187083
0.196616107146
0.196332437657
0.196105084576
0.196490983625
0.203937142767
0.283847920546
0.206885271476
0.196468038895
0.228198376393
0.198180007953
0.202925803804
0.225657544061
0.20433834613
0.233420943772
0.206365674215
0.21791891222
0.244913955671
0.219647694751
0.193800125598
0.22643796745
0.232019076473
0.197670503165
0.200853759346
0.220542140311
0.223103740879
0.206731589364
0.192891071312
0.201758529202
0.217481278271
0.220990066487
0.209296278507
0.195722337936
0.193100253809
0.199871899385
0.206265540528
0.205995377512
0.199599753918
0.193320677052
0.193366420052
0.198240539049
0.200390508425
0.196973528972
0.192859992218
0.192962585683
0.195733425471
0.196861338928
0.195020288253
0.192618845912
0.192644271845
0.194421922628
0.194791101159
0.193235113147
0.192195999135
0.192900882606
0.193747332458
0.193308263855
0.192310297434
0.192297805232
0.192979062808
0.192894923587
0.192212406009
0.19220163213
0.192628627362
0.192492546241
0.192068608231
0.192188646485
0.192416755137
0.192163799432
0.191994425768
0.19218976623
0.192166984362
0.191949469916
0.192022825649
0.192085335107
0.191918747813
0.191918089292
0.19198278715
0.191867565967
0.191848280963
0.191890243342
0.191797470032
0.191793046235
0.191800666107
0.191725583446
0.191737653103
0.19171025487
0.191662222543
0.191670825291
0.191617744541
0.191606123261
0.191579655466
0.191543656664
0.191530605421
0.191486419335
0.191473114234
0.191428636196
0.191410670022
0.191367195638
0.191343427539
0.191302394971
0.191269235541
0.191234019584
0.19118960136
0.191155603535
0.19111175617
