1.14844846805
1.14794184514
1.14696233129
1.14554725345
1.14373695863
1.14157431587
1.13910423848
1.13637317819
1.13342855159
1.13031806892
1.12708894714
1.12378700258
1.12045563499
1.11713473186
1.11385954047
1.11065957217
1.10755761705
1.10456895575
1.10170085544
1.09895242825
1.09631491155
1.09377240118
1.09130303283
1.08888056634
1.08647628646
1.08406109537
1.08160764095
1.07909230435
1.07649686291
1.07380965418
1.07102609442
1.06814845456
1.06518486668
1.06214762388
1.05905093878
1.0559084281
1.05273067502
1.04952326474
1.04628567028
1.04301127098
1.03968861463
1.036303804
1.03284363688
1.0292989088
1.0256671601
1.02195416879
1.01817369752
1.01434539335
1.01049125871
1.00663162747
1.00278190355
0.998951244511
0.995143786164
0.991361992487
0.987610639141
0.983899355976
0.980242068362
0.976653166848
0.973142189311
0.969710047073
0.966349285027
0.963048447576
0.959797697807
0.956591615605
0.953426990144
0.950297467572
0.94718988135
0.944085916381
0.940967828548
0.937822795163
0.934641842157
0.93141549285
0.928132541558
0.924784903863
0.921373561046
0.91790834286
0.914401898681
0.910865980603
0.907314107206
0.903763954627
0.900233180056
0.896734509937
0.893277876073
0.889873768619
0.886529312628
0.883244139348
0.880014303198
0.876835468432
0.873700324995
0.870600812046
0.867533190633
0.864495239623
0.861484543243
0.858501406565
0.855545515092
0.852614423146
0.849705348687
0.846811386087
0.843923078387
0.841030342916
0.838122641388
0.835192978391
0.832236007773
0.829248821553
0.826228480221
0.823171020945
0.820070339064
0.816918714226
0.813708433329
0.81043387878
0.807091625817
0.803680079219
0.800196659662
0.796636728337
0.792993387858
0.789258327551
0.785423001122
0.781479259679
0.777417745251
0.77322709984
0.768895348779
0.76440936584
0.759759357981
0.75493594308
0.749946222598
0.744870206694
0.740693964213
0.748629240724
0.878105466407
0.919346943775
0.796861945033
0.960984829886
0.946127413209
0.769611315539
0.917418348772
0.735998588087
0.812901518822
0.926879674488
0.813866589397
0.691039640147
0.791282401721
0.874867492057
0.85824203888
0.76399828088
0.692259351864
0.719327417325
0.77922747451
0.802867852659
0.770409394442
0.709233441863
0.675602379525
0.695173470384
0.729345561938
0.744138392068
0.728509459847
0.695002783668
0.670671871013
0.67274352655
0.690663004925
0.701152095364
0.693145793834
0.674108880597
0.661749045348
0.665084961495
0.675009759442
0.677278530004
0.668647327361
0.657952366815
0.655589213397
0.660578542343
0.662977336085
0.658037047316
0.651309381754
0.650328561886
0.653321794264
0.652968146875
0.648160507339
0.645118999539
0.64633450108
0.646749832567
0.643684446333
0.64097394705
0.641261116755
0.641159065393
0.638537795536
0.636688435464
0.636827588705
0.63571686821
0.633372095236
0.632603437811
0.631971480665
0.629921041848
0.628753895025
0.627954039175
0.625994444738
0.624802644059
0.62359654471
0.621688602947
0.620542440888
0.618736016616
0.617117006868
0.615524048656
0.613556941002
0.611914490981
0.609776817353
0.60796107312
0.605680295717
0.603630180122
0.601223440555
0.598882156422
0.596377300097
0.593678680717
0.591035705368
0.588115707219
0.585070297988
0.582003602624
0.578766006084
0.575317651339
0.571701576605
0.567944445531
0.564042208265
0.560031090642
0.55618933621
0.554680573379
0.574624465675
0.745132185597
0.656084680801
0.543172952516
0.559987327159
0.682208031495
0.524894983627
0.600988565569
0.518126469176
0.576305066529
0.519062112577
0.536866544772
0.534865600833
0.506796013623
0.528598032616
0.492795372381
0.506047356334
0.505998218517
0.482510772206
0.500199833972
0.480287162546
0.486251724225
0.482289009666
0.472862047205
0.479622118325
0.466269041801
