1.62688950365
1.62687730704
1.62685352322
1.62681866974
1.62677317997
1.62671740987
1.62665164406
1.62657610114
1.62649093842
1.62639625605
1.62629210063
1.62617846838
1.62605530785
1.62592252223
1.62577997134
1.62562747322
1.62546480553
1.6252917065
1.62510787581
1.62491297506
1.6247066281
1.62448842113
1.62425790261
1.62401458291
1.62375793384
1.62348738802
1.62320233795
1.62290213508
1.62258608856
1.62225346392
1.62190348155
1.62153531499
1.6211480891
1.62074087803
1.62031270298
1.61986252985
1.61938926665
1.61889176074
1.61836879585
1.6178190889
1.61724128661
1.61663396186
1.61599560977
1.61532464366
1.61461939051
1.61387808637
1.61309887126
1.6122797839
1.61141875596
1.61051360603
1.60956203314
1.60856160988
1.60750977501
1.60640382567
1.60524090899
1.60401801314
1.60273195779
1.60137938393
1.59995674294
1.59846028494
1.59688604632
1.59522983632
1.59348722276
1.59165351665
1.58972375572
1.58769268676
1.58555474661
1.5833040418
1.58093432658
1.57843897936
1.57581097738
1.57304286936
1.57012674617
1.56705420916
1.5638163361
1.56040364454
1.55680605237
1.55301283534
1.5490125815
1.54479314229
1.54034158016
1.53564411254
1.53068605231
1.52545174464
1.5199245004
1.5140865267
1.507918855
1.501401268
1.49451222678
1.48722880055
1.47952660224
1.47137973448
1.46276075235
1.45364065147
1.44398889315
1.43377348205
1.42296111712
1.41151744244
1.39940743257
1.38659595571
1.37304856803
1.35873260239
1.34361862312
1.32768232166
1.31090692113
1.29328613349
1.27482766031
1.25555713604
1.235522271
1.21479675937
1.19348329482
1.17171483814
1.1496532074
1.12748424736
1.10540940801
1.08363453957
1.06235789407
1.04176024203
1.02200004741
1.00321535769
0.985531584209
0.969071530677
0.953962190354
0.940333119605
0.928303926071
0.917962761754
0.909341919896
0.902398719712
0.897008665337
0.892973821713
0.890044351695
0.887947424322
0.886416497853
0.88521514526
0.884152057678
0.883086495507
0.881925551217
0.880615892991
0.879133180704
0.877472174514
0.875639803818
0.873652276999
0.871535891219
0.86932981137
0.867088070139
0.864877821434
0.86277187987
0.860835929292
0.859113857962
0.857616867241
0.856321368886
0.855176648467
0.854118029466
0.853078933255
0.851998223932
0.850825030946
0.849525690802
0.848092987747
0.846550761956
0.844946154568
0.84333059134
0.841740800012
0.840190969431
0.838676196268
0.837178651989
0.835671516521
0.834124721143
0.832516308438
0.830843118087
0.829120340162
0.827370153993
0.825610906886
0.823852790197
0.822094640351
0.820322044643
0.818516471048
0.816670976644
0.814794072782
0.812901919209
0.811011622186
0.809132811407
0.807260408662
0.805382984016
0.803495095621
0.801599357997
0.799705806395
0.797823363943
0.79594954164
0.794075514365
0.792193192588
0.79030247033
0.788409243165
0.786514459766
0.784612512686
0.782694615245
0.780758130123
0.778803848829
0.776830023843
0.774828121482
0.772790703877
0.77071606057
0.768604978522
0.766454282967
0.764260006589
0.76202384936
0.759749432071
0.757436992456
0.755087362714
0.752705034275
0.75029275599
0.747849861465
0.745376995911
0.742874297507
0.740337303908
0.737767516646
0.735199319402
0.732984946539
0.73490295983
0.777478172438
0.804259337993
0.779485899705
0.730140225364
0.731653882429
0.789754651155
0.721672950961
0.739146044453
0.7602786415
0.713159526748
0.754134377838
0.704421556824
0.737574028158
0.705907365031
0.72777262625
0.704044039055
0.713718851673
0.704812097252
0.70507701194
0.702880323857
0.697902505448
0.694557007621
0.69946951346
0.685279794879
0.696466207054
0.680698460433
0.690624011138
0.681461454127
0.679123563349
0.684965501115
0.674163368362
0.673366179537
0.677938586436
0.671341120994
0.665662807177
0.669132646509
0.673479111667
0.668491946368
0.66284983748
0.657766027696
0.654212688977
0.652175772431
0.649648845983
0.647440735007
0.64509400439
0.642519884692
0.640626718017
0.646248369585
0.757731446943
0.919262821219
0.81245696596
0.802047196611
0.82939149926
0.722553401662
0.808881879253
0.661051667354
0.815097046221
0.743646257627
0.669363690318
0.763286490456
0.726161475133
0.669867072104
0.713707027004
0.743348983465
0.690061197888
0.623923855879
0.660469750528
0.722093187261
0.734712209331
0.689448819509
0.635129501458
0.632029682551
0.661889133425
0.67735666463
0.66097680334
0.631077864381
0.617404951408
0.627468564688
0.64389034919
0.647906441883
0.634831874465
0.614513179423
0.604451859446
0.610991731978
0.619206274212
0.614662201906
0.603943354495
0.602897957766
0.609522802028
0.609690887554
0.601455334011
0.595827210467
0.598758180034
0.602063320112
0.599192007235
0.595036684695
0.595382104741
0.596701088849
0.594260824533
0.591061694658
0.591978155445
0.593344528019
0.59109081025
0.58920134604
0.589929421153
0.589473945208
0.587707828869
0.587817188946
0.588053830078
0.586438011153
0.585626593488
0.585842279193
0.584881371448
0.584167279323
0.584125707531
0.583007763775
0.582430218863
0.582186759885
0.581206938491
0.580815616879
0.580006668232
0.57929635864
0.578782661186
0.577841953552
0.577255114129
0.576293296735
0.575676886731
0.574657062622
0.573891099691
0.572871326193
0.571978765584
0.570939989716
0.569844906399
0.568835276521
0.567615456109
0.566400002152
0.56521127284
0.563891950031
0.562478247836
0.561000519605
0.559475826368
0.557905019509
0.556285692346
0.554808989906
0.55465213934
0.566222332944
0.653976972034
0.671333960093
0.562135005054
0.69666366092
0.555174238789
0.633425830689
0.5474744638
0.615735881327
0.585223714548
0.555883800788
0.60253610668
0.570990288607
0.538101267265
0.580203121633
0.569721789777
0.530460393649
0.557986854944
0.577556580181
0.547844385691
0.52598536961
0.549460314371
0.565415381989
0.544633234012
0.524157948971
0.534058098194
0.546668820602
0.536671785102
0.520406326918
0.526207238606
0.536026891651
0.526118695039
0.517902785596
0.525283520231
0.526762641707
0.518213233388
0.517459726539
0.52263944442
0.51852613782
0.514508437432
0.51811199476
0.517021450674
0.513043153502
0.515423131251
0.514688675819
0.511624234741
0.513459071136
0.51222395261
0.510415820479
0.511674211473
0.509620693108
0.509362122697
0.509336172301
0.507634125114
0.508128690711
0.506520578998
0.50651604166
0.505514306629
0.504944605608
0.504206990266
0.503497340105
0.50270814877
0.502047565442
0.50100268032
0.500509841307
0.499271777953
0.498641877603
0.497677345022
0.496477924715
0.4956747967
0.494710005739
0.493415157303
0.492135190788
0.490969807717
0.489882096349
0.489069189319
0.489566691844
0.495688348627
0.518415472398
0.498819304726
0.482432888842
0.504843204609
0.481299915826
0.489727110129
0.485960705965
0.475326799165
0.485310737674
0.474722487425
0.472683467245
0.48009237976
0.473173713144
0.466860862031
0.468151336437
0.471183212211
0.470778902932
0.466505420503
0.463742254865
0.462103295564
0.464011259159
0.473276713445
0.511140782822
0.456352665734
0.483867967085
0.458433023426
0.466942242495
0.4623168359
0.4495590687
0.464158440139
0.445126027073
0.456823160835
0.453465340293
0.44105283757
0.45398795421
0.454386415307
0.437672046257
0.446325273642
0.454843817398
0.437448118862
0.433596229393
0.44406498451
0.447769416931
0.442866734244
0.432037142692
0.426832894473
0.424653844028
0.423273811645
0.423412004454
0.42946084487
0.468110758598
0.434180656377
0.41676433053
0.431140090894
0.445635825605
0.447979488413
0.419754424935
0.411089067423
0.422221033964
