1.54676381116
1.54672027858
1.54663539236
1.54651100703
1.54634867973
1.54614969432
1.54591508281
1.54564564447
1.54534196268
1.54500441987
1.54463321061
1.54422835316
1.54378969945
1.54331694376
1.5428096302
1.54226715902
1.54168879194
1.54107365652
1.54042074969
1.5397289405
1.53899697214
1.53822346331
1.53740690896
1.5365456805
1.53563802547
1.53468206674
1.53367580127
1.53261709848
1.53150369824
1.53033320848
1.52910310262
1.52781071659
1.5264532457
1.52502774124
1.52353110704
1.52196009571
1.52031130498
1.51858117391
1.51676597912
1.51486183116
1.5128646709
1.51077026632
1.50857420944
1.50627191377
1.50385861222
1.5013293557
1.49867901247
1.49590226854
1.49299362912
1.4899474215
1.4867577996
1.48341875027
1.47992410196
1.47626753583
1.47244259992
1.46844272663
1.46426125415
1.45989145235
1.45532655362
1.4505597895
1.44558443372
1.44039385236
1.43498156207
1.42934129715
1.42346708636
1.41735334044
1.41099495108
1.40438740237
1.39752689533
1.39041048609
1.38303623825
1.37540338929
1.36751253075
1.35936580134
1.35096709128
1.34232225556
1.33343933276
1.32432876474
1.31500361155
1.30547975407
1.29577607573
1.28591461289
1.27592066224
1.26582283212
1.25565302425
1.24544633187
1.23524084102
1.22507732349
1.21499881247
1.20505005639
1.19527685171
1.18572526193
1.17644073761
1.16746716005
1.15884583872
1.15061449929
1.14280630377
1.13544894692
1.12856387209
1.12216564639
1.11626152745
1.11085124496
1.1059270082
1.10147373841
1.09746951281
1.0938861958
1.09069022476
1.08784351173
1.08530441999
1.08302877521
1.0809708743
1.07908446072
1.07732364218
1.07564373442
1.07400202241
1.07235843692
1.07067614997
1.06892209578
1.06706742513
1.06508789947
1.06296422682
1.06068233474
1.05823356602
1.05561477123
1.0528282603
1.04988156405
1.04678695021
1.04356064106
1.04022169579
1.03679055718
1.0332873207
1.02972986481
1.02613207319
1.02250246314
1.01884357577
1.01515244557
1.01142231584
1.00764549717
1.0038169152
0.9999375564
0.996016831777
0.992072970516
0.988130994125
0.984218535782
0.980360540432
0.976574399376
0.972867072722
0.969235154067
0.965667809835
0.962151458789
0.958674376508
0.955229432729
0.951813978331
0.948427268616
0.945067189718
0.941728672417
0.938405388001
0.935094185572
0.931799415276
0.928533628112
0.925313229736
0.922151383279
0.919052792133
0.916013527708
0.913024656528
0.910075100798
0.907150578442
0.904230709694
0.901289715845
0.898302701443
0.89525240932
0.892129999965
0.888930941618
0.885653310669
0.882300783457
0.878883604739
0.875413120287
0.871896711912
0.868340527842
0.864754251087
0.86114930205
0.85753562341
0.853923691307
0.850323934538
0.846740067621
0.843168746604
0.839605850238
0.836047532122
0.832491770681
0.82894210198
0.825401860161
0.821869671249
0.818342203132
0.814814781374
0.811287279305
0.807765829468
0.804256470415
0.800762040687
0.797277440702
0.793792931585
0.790296169919
0.786773901301
0.783212402423
0.779598939838
0.775922610131
0.772172797415
0.768336589113
0.764399698547
0.760347622764
0.756165931426
0.751839762145
0.747358113879
0.742716481773
0.737911686206
0.732940080423
0.727800672017
0.722493529812
0.717021292428
0.711389422739
0.70560528897
0.699671073482
0.693587318794
0.68736132132
0.681171121012
0.677057835477
0.702581929709
0.970158775004
0.877659812252
0.971216718625
0.706062572086
0.817402202535
0.848315685713
0.678436340587
0.870075826803
0.749974994315
0.697014089558
0.813449524097
0.803971595792
0.70164437594
0.67348114303
0.750226679836
0.674190785977
0.627368322535
0.68934900521
0.725230977621
0.716194673125
0.669762616989
0.625540271887
0.631846102097
0.655191734983
0.63329267713
0.601279348993
0.609266939322
0.629231180907
0.628593561337
0.606866717006
0.590310127111
0.597170537808
0.599940427306
0.586417456746
0.584330916232
0.591505376751
0.585452975038
0.572258859414
0.573893850265
0.577356055202
0.569660586822
0.568354679386
0.568940331611
0.561309799895
0.55872628402
0.561556279022
0.556296906526
0.554480416387
0.55307631562
0.548195263834
0.549128513233
0.545971009348
0.543232904038
0.541823638113
0.538410353756
0.537856425589
0.533790256958
0.53274013092
0.529345146479
0.527841796583
0.524213583071
0.522318471511
0.519520854052
0.516101691673
0.513879735391
0.510551496112
0.506998049905
0.504163271243
0.500924565565
0.497175085057
0.493303233081
0.489344002143
0.486075418223
0.48676658963
0.504288578731
0.608496478711
0.473858375453
0.705047530429
0.489326771605
0.577323245645
0.466187982186
0.553506514551
0.531789933801
0.460061566369
0.540502998845
0.512695057603
0.432668462805
0.496620698985
0.52333384204
0.458151981692
0.424068400969
0.459749281032
0.492252418301
0.496495115556
0.471531839953
0.434004884052
0.413692976803
0.426837717667
0.449458471033
0.456809798155
0.442044642694
0.418823822213
0.406858764558
0.411623717957
0.4224422439
0.426968893306
0.421102911059
0.409437539087
0.401801347071
0.403976697674
0.410466743455
0.411445458895
0.405210523964
0.398778439901
0.398335292085
0.401660590454
0.402670585905
0.399416204559
0.395346383615
0.394723871609
0.396567454568
0.396399189965
0.393465214666
0.391571982051
0.392201944931
0.392489583739
0.390725235049
0.388842158309
0.388759603428
0.388778952036
0.387279977426
0.385898189211
0.38574636908
0.385148909657
0.38364626525
0.382861577307
0.382412724131
0.381084373995
0.380066954611
0.379427673452
0.378104949794
0.377050926459
0.376139813685
0.374716295845
0.373686363029
0.372366365957
0.370991101892
0.369729234035
0.368141346651
0.366766200106
0.365054121512
0.363512269145
0.361669185382
0.359943068893
0.35795589685
0.356024033417
0.353912477064
0.351714859593
0.349492246466
0.347073284255
0.34459115043
0.342060872237
0.33939072248
0.336582734471
0.333672038412
0.330664980022
0.327553549079
0.324330240955
0.320989848091
0.31752874468
0.313946222286
0.310280402114
0.307078963831
0.312788616875
0.433698004986
0.387575906606
0.427211713314
0.337927217371
0.550530751463
0.298111141976
0.464692022749
0.506580578584
0.35199678696
0.317659412246
0.441790155592
0.33852672369
0.282053165321
0.362270384947
0.392863182289
0.361684465933
0.29598247893
0.268853233046
0.311375004244
0.351956698989
0.351554072307
0.310746251111
0.268436656868
0.260331614702
0.280309913105
0.304193309808
0.320040471675
0.326258518824
0.322083612516
0.308762597675
0.289725541624
0.270201496701
0.25603691871
0.25134224894
0.255920652505
0.26491979525
0.27186605913
0.272532542052
0.266828250606
0.257875329887
0.250242700615
0.247151384429
0.248718409259
0.252431817972
0.2552176421
0.255237306893
0.252530682294
0.248546205912
0.245387455259
0.244491996117
