2.58641466115
2.58630465573
2.58609010047
2.58577558596
2.58536491021
2.58486114196
2.58426667622
2.58358328246
2.58281214644
2.58195390606
2.581008682
2.57997610326
2.57885532838
2.57764506235
2.57634356964
2.57494868366
2.57345781255
2.57186794185
2.57017563379
2.56837702355
2.56646781231
2.56444325735
2.56229815889
2.56002684386
2.55762314635
2.55508038464
2.55239133473
2.54954820002
2.546542577
2.54336541661
2.5400069809
2.53645679467
2.53270359143
2.52873525345
2.52453874491
2.52010003779
2.5154040294
2.51043445089
2.50517376546
2.49960305529
2.49370189557
2.48744821442
2.48081813665
2.47378580947
2.46632320796
2.45839991761
2.44998289112
2.44103617603
2.43152060978
2.42139347769
2.41060812961
2.39911354995
2.38685387578
2.37376785694
2.35978825222
2.3448411554
2.32884524561
2.31171095739
2.29333956794
2.27362220298
2.25243876819
2.22965682291
2.20513042702
2.17869901318
2.15018636837
2.11939985385
2.08613005745
2.05015116175
2.01122243384
1.96909140181
1.9234994838
1.87419106746
1.82092727444
1.76350581925
1.7017883603
1.63573633453
1.56545517087
1.4912446541
1.41364984099
1.33350253001
1.25193894698
1.17037730807
1.09044232966
1.01383481666
0.942161976653
0.876761750209
0.818562711903
0.76801333889
0.725092737297
0.689389792959
0.660221041215
0.636754795776
0.618117440538
0.603470296178
0.592056145925
0.583220756732
0.576416843748
0.571197417354
0.5672038247
0.564152028086
0.561819204664
0.560031720595
0.558654880151
0.557584478012
0.556739996128
0.556059211839
0.555493971524
0.555006902584
0.554568867656
0.554156998756
0.553753180594
0.553342879657
0.552914238298
0.552457371314
0.55196381691
0.551426105245
0.550837416505
0.550191307274
0.549481489313
0.548701649147
0.54784530035
0.546905663513
0.545875571785
0.544747402785
0.543513040977
0.542163878464
0.540690866791
0.539084638141
0.537335721203
0.535434884864
0.533373651013
0.531145024124
0.528744486134
0.526171293575
0.523430078738
0.520532682145
0.517500011496
0.5143635208
0.511165646919
0.507958304578
0.504798499037
0.5017405443
0.498825542199
0.496070653588
0.493462562535
0.490959915596
0.488506935793
0.486054990142
0.483583416668
0.481109535572
0.478682505874
0.476364014219
0.474205235451
0.472230176792
0.470430939039
0.468774332484
0.467215184468
0.465710696912
0.464231417935
0.462766310822
0.461321177036
0.459911272785
0.45855064823
0.457242450828
0.455975164834
0.454727873985
0.45348252479
0.452235366503
0.450998531036
0.449789270449
0.448614580595
0.447463570932
0.446313934752
0.445147018239
0.443958339529
0.442753882401
0.441535985752
0.440295255534
0.439020399658
0.43771480696
0.436396248194
0.435078745568
0.433762924856
0.432447678449
0.431141452827
0.429852876271
0.428578232062
0.427311574445
0.426058974895
0.42482743693
0.423612917185
0.422413219234
0.421232620251
0.420066332442
0.418906167196
0.417753277929
0.416605125333
0.415457385628
0.414313414768
0.413170927364
0.412027915668
0.410886372445
0.409742246668
0.408595859699
0.407445032581
0.406287598484
0.405122743561
0.403946715721
0.402759212236
0.401558404204
0.400346256033
0.399121697595
0.397883811167
0.396629962541
0.395359378423
0.394073383102
0.392773019901
0.39145944023
0.39013101957
0.388784997667
0.387420225529
0.386036509199
0.384633386865
0.383209510126
0.381763563202
0.380295043428
0.378812419281
0.37738176983
0.376694088714
0.384320208035
0.464371993946
0.409581695335
0.583977052438
0.41281721154
0.487944922013
0.503044497352
0.484435607382
0.466462003349
0.472758826463
0.486559768896
0.486282388442
0.463074710428
0.437392255226
0.432578665819
0.419566106539
0.384254001686
0.415599243596
0.395508659514
0.413826421241
0.441274356051
0.444106291927
0.431809075014
0.427268004331
0.427454264516
0.400971584813
0.381709062593
0.374920505285
0.374618584308
0.380692329748
0.386006007407
0.387716538371
0.387980313576
0.387121179101
0.383132660586
0.376447153229
0.37050041619
0.364977934622
0.360887827249
0.362323440705
0.364496891834
0.365462029375
0.360882311633
0.356051218655
0.353244538466
0.354228297435
0.354804238279
0.354547238218
0.351785396577
0.349353730843
0.347960622294
0.348593466197
0.348124704727
0.345603602663
0.344437356827
0.344474587415
0.343560511238
0.341521743016
0.340404178058
0.339956227632
0.338428654131
0.33776737825
0.3390290014
0.344803554361
0.380649360768
0.334655739288
0.414429156607
0.362778184675
0.389365832371
0.351961858932
0.368710179498
0.392438846174
0.355822819938
0.335454078067
0.359364782216
0.367683673476
0.345154690916
0.329902028082
0.357587844892
0.3605713361
0.330981952451
0.327702860264
0.340648579435
0.341953247327
0.331682440387
0.326304134298
0.33341630545
0.336729363645
0.328309342171
0.322766570799
0.326411798625
0.326983186428
0.321291940978
0.321049367209
0.325459614583
0.321123083622
0.318973604151
