1.3848304156
1.38468278995
1.38439496723
1.38397331114
1.38342320926
1.38274915305
1.38195480998
1.38104308845
1.38001619612
1.37887569226
1.37762253489
1.37625712288
1.37477933395
1.3731885586
1.37148373085
1.36966335576
1.36772553453
1.36566798724
1.36348807376
1.36118281313
1.35874890173
1.35618273063
1.35348040235
1.35063774747
1.34765034143
1.34451352175
1.34122240619
1.33777191215
1.3341567777
1.33037158471
1.32641078449
1.32226872644
1.31793969021
1.31341792182
1.30869767441
1.30377325413
1.29863907177
1.29328970071
1.28771994178
1.28192489577
1.27590004383
1.26964133658
1.26314529205
1.25640910295
1.24943075309
1.24220914309
1.23474422465
1.22703714284
1.21909038487
1.21090793379
1.20249542449
1.19386029905
1.18501195745
1.17596189887
1.16672384815
1.15731386087
1.14775039994
1.13805437597
1.12824914334
1.1183604438
1.1084162901
1.09844678278
1.08848385537
1.078560945
1.06871258885
1.05897395015
1.04938028173
1.03996633903
1.03076575907
1.02181042535
1.01312984148
1.00475053829
0.996695538989
0.98898390557
0.981630386442
0.974645180297
0.968033825458
0.961797217206
0.955931748903
0.950429566477
0.945278920619
0.940464597262
0.935968404688
0.931769695103
0.927845899449
0.924173056416
0.920726319627
0.917480430472
0.91441014765
0.911490627865
0.908697755106
0.90600841828
0.903400738815
0.900854250928
0.898350037921
0.89587082799
0.893401052856
0.89092687211
0.888436165657
0.885918496138
0.883365042805
0.880768508125
0.878122998411
0.875423880142
0.872667614256
0.869851571679
0.866973834529
0.864032988834
0.861027916027
0.857957591866
0.854820902549
0.851616488599
0.848342627338
0.84499716446
0.841577504205
0.838080665975
0.834503412866
0.830842454672
0.827094724331
0.823257722688
0.81932992179
0.815311211714
0.811203370252
0.807010528828
0.802739602246
0.798400645016
0.794007094193
0.789575859166
0.785127224101
0.780684539651
0.77627369708
0.771922398899
0.767659262306
0.763512811018
0.759510422706
0.755677299619
0.752035518554
0.748603196552
0.745393788426
0.742415521167
0.739670975826
0.737156849659
0.734863958818
0.732777554914
0.730878007811
0.729141847474
0.727543079339
0.726054628448
0.724649760329
0.723303370267
0.721993086371
0.720700145953
0.719409970276
0.718112333513
0.716801070868
0.715473408151
0.714129127623
0.71276978814
0.711398073342
0.710017192082
0.708630267095
0.707239802108
0.705847397085
0.704453742122
0.703058724629
0.701661510037
0.700260665753
0.69885443898
0.697441082454
0.696019055608
0.694587200424
0.693145101606
0.691693525503
0.69023470971
0.688772557621
0.687312702424
0.685862057067
0.684427811307
0.683016238246
0.681631475458
0.680274716791
0.678944402706
0.677637214238
0.676349531624
0.675078801622
0.673823926798
0.672584703346
0.671360600515
0.670149715127
0.668948623987
0.667753113292
0.666559389213
0.665364859843
0.664168117702
0.662968105837
0.661763211687
0.660550961148
0.659328387889
0.658092540797
0.656840688592
0.655570354057
0.654279268883
0.652965040306
0.651624455036
0.650253380651
0.648847671201
0.647403687873
0.645917987965
0.644386299984
0.64280634063
0.641197056116
0.639856448407
0.64312515851
0.707930235529
0.726082581812
0.714079109141
0.668085498457
0.708324603386
0.641342042509
0.696737879825
0.654175010203
0.703846248076
0.627196968108
0.663294106715
0.671895317531
0.668671700398
0.67512218674
0.662248585565
0.633279764712
0.631264629851
0.635313991035
0.652016809174
0.628304084834
0.621390599155
0.622635018375
0.633226347579
0.63050326534
0.622237383534
0.614718677281
0.617585911272
0.619704117481
0.617348058173
0.609034704847
0.615001293819
0.612169665027
0.611993997399
0.607757434392
0.60785969199
0.609199733828
0.604421378281
0.604681546054
0.605463242548
0.601355978986
0.602014552053
0.603074353659
0.599255242199
0.597585171521
0.59852601848
0.597237452031
0.595174512344
0.594047624433
0.59241671183
0.591521775756
0.590518618598
0.589067769878
0.58821354526
0.587033863689
0.589565889894
0.623735043458
0.685375379258
0.614473949674
0.692902914885
0.661014451172
0.626754684285
0.675658081398
0.59687386516
0.637289640595
0.674928133593
0.596830056188
0.592238719293
0.637388087647
0.641057389075
0.601682909311
0.579570196474
0.605562112434
0.629992955871
0.62332100225
0.591622815545
0.572109111612
0.582321183703
0.600164912484
0.601385317638
0.585471416923
0.571383827439
0.575888666708
0.587393992449
0.585141787461
0.573121532944
0.569669553821
0.576085543858
0.579418594869
0.574341084435
0.568427185079
0.570065603965
0.574041116976
0.571593333554
0.56719574894
0.568597006758
0.571131611374
0.569021272632
0.56624301456
0.567614304599
0.568648578403
0.566499905448
0.565684544698
0.566995882168
0.566501633503
0.564902150477
0.565385126163
0.56569258634
0.56442403412
0.56441220769
0.564741958195
0.563790747624
0.56360332852
0.563790823323
0.563029347072
0.562923875985
0.562853979749
0.562213203993
0.562249821093
0.561868776598
0.561494689128
0.561395072061
0.560868898216
0.560768117107
0.560293279967
0.560073455844
0.559651984876
0.559368147586
0.558936629474
0.55862677748
0.558148749083
0.557825496191
0.55731302651
0.556909692133
0.556452033028
0.555907694497
0.555437780838
0.554924971205
0.554327924071
0.553721082626
0.553126051351
0.552530052598
0.551960018239
0.551598143447
0.552353984874
0.558632861004
0.58265938611
0.571375774279
0.550856977175
0.576268306917
0.551456284551
0.558156965686
0.561458372989
0.544547050957
0.555561692057
0.546116263806
0.544773070744
0.554278315688
0.544702301044
0.540268354896
0.544607059775
0.543636219157
0.540559660345
0.538188799742
0.536546203188
0.535984187978
0.534921994284
0.534444197051
0.534105888482
0.538569902949
0.572273550216
0.596007410727
0.563503879125
0.597336926772
0.591008282427
0.560410709077
0.594168797728
0.531481345052
0.580344727724
0.578325114773
0.528653331498
0.569693591761
0.584881531044
0.549480641684
0.534248068343
0.560592504673
0.5661444713
0.533125399704
