1.03679050074
1.03678797208
1.03678304133
1.03677581619
1.03676638709
1.03675482856
1.03674120052
1.03672554933
1.03670790882
1.03668830114
1.03666673748
1.03664321882
1.03661773641
1.03659027236
1.0365608
1.03652928429
1.0364956821
1.03645994246
1.03642200676
1.03638180892
1.03633927545
1.03629432557
1.03624687121
1.03619681701
1.03614406029
1.03608849098
1.03602999152
1.03596843673
1.03590369368
1.03583562149
1.03576407116
1.03568888532
1.035609898
1.03552693439
1.03543981049
1.03534833288
1.03525229834
1.03515149353
1.03504569463
1.03493466694
1.03481816452
1.03469592973
1.03456769284
1.03443317153
1.0342920705
1.03414408093
1.03398888001
1.03382613045
1.03365547994
1.03347656065
1.03328898865
1.03309236342
1.03288626726
1.03267026473
1.03244390212
1.03220670685
1.03195818696
1.03169783051
1.03142510506
1.03113945714
1.03084031169
1.03052707163
1.03019911734
1.0298558062
1.02949647224
1.02912042573
1.0287269529
1.02831531564
1.02788475136
1.02743447283
1.02696366821
1.02647150106
1.02595711059
1.0254196119
1.02485809649
1.02427163283
1.02365926713
1.02302002436
1.02235290939
1.02165690846
1.02093099085
1.02017411088
1.01938521023
1.01856322064
1.01770706696
1.01681567069
1.01588795403
1.01492284437
1.01391927952
1.01287621348
1.01179262297
1.01066751484
1.00949993422
1.00828897373
1.0070337837
1.00573358352
1.00438767425
1.00299545247
1.00155642561
1.00007022864
0.998536642326
0.996955613018
0.995327273863
0.993651967525
0.991930270143
0.990163016386
0.98835132523
0.986496626047
0.984600684412
0.9826656269
0.980693963974
0.9786886099
0.976652898455
0.974590593056
0.972505889788
0.97040341178
0.968288193339
0.966165652317
0.964041549387
0.961921933133
0.959813070255
0.957721360672
0.955653237827
0.953615055181
0.951612960476
0.949652760062
0.947739776221
0.945878701046
0.944073451029
0.942327027088
0.940641385298
0.93901732408
0.937454394029
0.935950836773
0.934503559234
0.933108149125
0.931758936458
0.930449104092
0.929170848031
0.927915585321
0.926674204495
0.925437350619
0.924195734616
0.922940454569
0.92166331511
0.920357129423
0.919015986643
0.917635465581
0.916212774625
0.914746798477
0.913238036854
0.911688429159
0.910101072058
0.908479851683
0.906829025426
0.905152797091
0.903454932391
0.901738460364
0.900005501436
0.898257253265
0.896494147103
0.894716157247
0.892923208432
0.891115593929
0.889294305758
0.887461193379
0.885618900945
0.883770575006
0.88191938201
0.880067928374
0.878217720501
0.876368808132
0.874519707646
0.872667623604
0.870808908375
0.868939630461
0.867056071889
0.865154985136
0.863233535651
0.86128898825
0.859318297294
0.857317809479
0.855283253742
0.853210044859
0.85109375226
0.848930504542
0.846717124709
0.844450927483
0.842129324435
0.839749495288
0.837308323412
0.834802609502
0.832229345628
0.829585781337
0.826869191421
0.824076524465
0.821204262622
0.818248631086
0.815205936043
0.812072608507
0.808844804065
0.805517904802
0.802086424936
0.798544319717
0.794885133353
0.791101600275
0.787185094346
0.783125556966
0.778911755458
0.774531111527
0.769969151166
0.765209444475
0.760233887781
0.755022622812
0.749553934921
0.743804931975
0.737752363866
0.731372744943
0.724643439658
0.717543520715
0.710070695862
0.702492432856
0.700990672531
0.83760981517
1.05482900616
0.725726012993
0.759392039773
0.701627335428
0.689854137098
0.726822499717
0.717904279773
0.685457350164
0.678713906501
0.674964464299
0.655528703473
0.673060102332
0.624919696811
0.659670380651
0.635678264932
0.643489072976
0.620638210856
0.624213933723
0.611270092152
0.616659058106
0.596961274525
0.603779158395
0.580717653106
0.609971133045
0.582211732699
0.583334411944
0.583113894482
0.566369736405
0.577528615188
0.553568292801
0.564629106681
0.54765933979
0.553801430182
0.542585984994
0.540051382128
0.541619380851
0.528777536209
0.53510807074
0.521975649465
0.525701119971
0.521435991596
0.511728265356
0.516049708203
0.510839821675
0.501326312722
0.502285142834
0.503253898155
0.494639422549
0.487483139063
0.484553173117
0.486005451057
0.492549740454
0.499370678978
0.516346875959
0.506877690219
0.520640396213
0.517298076147
0.580648488858
0.451017074558
0.596771366749
0.44506998138
0.534760208556
0.452078506251
0.496284138761
0.519128910826
0.432250862706
0.450988746356
0.51007760196
0.517260155723
0.46718911021
0.41749552842
0.429644406147
0.468278366599
0.475325997748
0.441677370622
0.407889580092
0.409695399272
0.431883618282
0.447174331263
0.441949621938
0.420531185483
0.401202642701
0.400131947112
0.41281264955
0.419711610717
0.411600939969
0.398137411772
0.394170141518
0.40037806018
0.405358357322
0.401960376508
0.394043640474
0.390903669763
0.394478560958
0.396800543235
0.393131426158
0.388542527311
0.388864806586
0.391272343313
0.390347600655
0.38679406213
0.385607984446
0.387022036498
0.386573919877
0.38400709102
0.383236327667
0.383954694795
0.382966491625
0.381080625164
0.38089918055
0.380800105603
0.379216034105
0.378441015912
0.378293325784
0.376956227998
0.376050988235
0.375650232665
0.374316579046
0.373555151831
0.372741701185
0.371441004458
0.370730019333
0.369437460113
0.368445452054
0.367266263444
0.366024694859
