2.19003955576
2.18991118573
2.18966076256
2.1892935497
2.1888138454
2.18822505913
2.18752977745
2.1867298203
2.18582628886
2.18481960555
2.18370954698
2.18249527042
2.18117533413
2.17974771206
2.17820980312
2.17655843537
2.17478986511
2.17289977115
2.17088324421
2.1687347714
2.16644821576
2.16401679076
2.16143302942
2.15868874798
2.15577500361
2.15268204604
2.14939926231
2.14591511445
2.14221706925
2.13829151962
2.13412369656
2.12969757108
2.124995745
2.11999932948
2.1146878104
2.109038899
2.10302836664
2.09662986222
2.08981471078
2.08255169177
2.07480679565
2.06654295752
2.05771976681
2.04829315246
2.03821504391
2.02743300901
2.01588987194
2.0035233159
1.99026547908
1.97604255613
1.96077442347
1.9443743148
1.92674858316
1.90779660026
1.88741086125
1.86547738601
1.84187653643
1.81648440328
1.78917495609
1.75982319222
1.72830956347
1.69452598951
1.65838377444
1.61982370009
1.5788284475
1.53543725336
1.48976230215
1.44200575868
1.39247557858
1.3415973932
1.28991906592
1.23810429366
1.18691226727
1.13716218187
1.0896842359
1.04526209722
1.00457460889
0.968145637821
0.93630979169
0.909198490029
0.886746660107
0.868716545148
0.854732822001
0.844322739607
0.83695592172
0.832080110479
0.829150808608
0.827654128655
0.827123073061
0.827148005373
0.827401100469
0.827626054896
0.827635343781
0.827303783421
0.826532334042
0.825266413551
0.823491508827
0.821228866014
0.818531058097
0.815477144856
0.812167110537
0.808715306077
0.805242750951
0.801868371267
0.798699554163
0.795822745799
0.79329514326
0.791138737038
0.789337952166
0.787841838191
0.786571154137
0.785429849917
0.784319512442
0.783154537104
0.781875330835
0.780456931496
0.7789111155
0.77728129508
0.775631059077
0.774028740223
0.772531490571
0.771172655747
0.769955571583
0.768855346479
0.767828104563
0.766825100981
0.765807656798
0.764758437899
0.763685438668
0.76261708938
0.761589837531
0.760632595359
0.75975439987
0.758941173707
0.758163932935
0.757395069
0.75662421218
0.755864195619
0.755142676746
0.754484050541
0.753893615689
0.753355443935
0.752845838438
0.752351813993
0.75187883151
0.751440235245
0.751037714835
0.750652587909
0.750258453501
0.749842359167
0.74940998574
0.748968725109
0.748511449836
0.748023643245
0.747503557774
0.746965071895
0.746418570564
0.745860279562
0.745286751498
0.744707237904
0.7441307747
0.743553422479
0.74297065917
0.742388369281
0.741809468882
0.741227042338
0.740639348112
0.740049960514
0.739454243967
0.738848380467
0.738236439674
0.737617424773
0.736990807265
0.736361896074
0.735729414052
0.73509347351
0.734455076328
0.733810156698
0.733159677015
0.732501309776
0.731835140489
0.731160958392
0.730478125631
0.729787548839
0.729089097968
0.728383972013
0.727671946694
0.726952648788
0.726225614892
0.725490035624
0.724746976407
0.723996626625
0.723239488332
0.72247609286
0.721706149196
0.720929103117
0.72014453668
0.719352172272
0.718551969196
0.717743670374
0.716926693039
0.716101208314
0.715273442083
0.714503914616
0.714410736612
0.722162911438
0.810160854485
0.756017309052
0.72740063071
0.714619041617
0.728361005738
0.78423514315
0.710358186269
0.778550170405
0.72022413134
0.748625382511
0.717528405761
0.738186662739
0.720225481579
0.717862511139
0.740022546008
0.70889323718
0.711092364844
0.721935298742
0.704128638878
0.708348993443
0.712329475037
0.700985250687
0.699940920691
0.709375176746
0.715282006511
0.700896142788
0.696902604215
0.704124416572
0.711269981008
0.720616290447
0.708159386393
0.702266542491
0.696433963693
0.693082509531
0.693250544755
0.702300836792
0.744857067002
0.745474216231
0.697582667738
0.760653261772
0.69045051839
0.739072304745
0.705079092739
0.720504457423
0.705519129561
0.707598304127
0.709289990951
0.69252627534
0.709210795178
0.686859474582
0.700906712024
0.683269783497
0.694349581691
0.691078279119
0.682406925022
0.695257899656
0.679065616965
0.687857703543
0.681131097685
0.677597913131
0.685575521885
0.677784212019
0.675453453701
0.68071222303
0.677492197949
0.673121517896
0.673575358781
0.676980627803
0.680622367379
0.678591816814
0.676552595806
0.673301958133
0.672656669506
0.677073579656
0.701120785888
0.754631601774
0.693958052616
0.697901234937
0.715443399189
0.669898854083
0.692810492382
0.713730463372
0.699753085427
0.670596591893
0.6834371797
0.706076196455
0.692362460328
0.694515369023
0.68456889218
0.684113039781
0.678132348691
0.686360574905
0.720708305975
0.68779388937
0.662984225501
0.700630844965
0.658484506401
0.685268081535
0.656309214717
0.68419616482
0.664465138937
0.664995076275
0.673925724338
0.654355307813
0.671628024619
0.655771833565
0.661608218858
0.660087826999
0.655448839833
0.659325187549
0.652454065471
0.657458981384
0.65105709734
0.655963921418
0.649606813581
0.653431771424
0.649370591732
0.651271865143
0.649359043969
0.648715418566
0.649954735948
0.64681055999
0.648916617737
0.64659497586
0.646413357386
0.647333178829
0.645109718541
0.645319193877
0.645699913406
0.643872722142
0.643572234255
0.644340110886
0.643814662174
0.642568434499
0.641485920119
0.641005123258
0.640986047633
0.642225910379
0.648537675566
0.667844436584
0.729932199086
0.642680754058
0.72261136089
0.641347719769
0.701494755202
0.663102785184
0.667220858673
0.674152826103
0.646887439562
0.674354540715
0.643063736396
0.650907864798
0.658739941159
0.634338129383
0.655537900778
0.639095683306
0.64408905953
0.643716043095
0.636056504279
0.644512848869
0.632348662842
0.642484252423
0.631237845656
0.639553095412
0.631355964442
0.637605049365
0.630371776888
0.635630863959
0.62987087537
0.634412437464
0.628858682351
0.632637557822
0.628947222685
0.629979906593
0.629638489722
0.627695690686
0.629636434183
0.627158511162
0.627085493779
0.628280933518
0.626295513775
0.625463566603
0.626526313809
0.626287792719
0.624769690153
0.623691267066
0.623308987973
0.62353326635
0.624716844479
0.627700702538
0.636014483974
0.648131628681
0.672320519636
0.66167971577
