3.0847957264
3.08465693974
3.08438620284
3.08398921925
3.08347065458
3.08283421869
3.08208273659
3.08121820929
3.0802418655
3.07915420498
3.07795503444
3.07664349635
3.07521809135
3.07367669454
3.07201656599
3.07023435577
3.06832610358
3.06628723311
3.06411254126
3.06179618196
3.05933164477
3.0567117278
3.05392850503
3.05097328742
3.04783657761
3.04450801772
3.04097632959
3.03722924692
3.03325343842
3.02903442119
3.02455646314
3.01980247343
3.01475387939
3.00939048848
3.0036903334
2.99762949836
2.99118192415
2.98431918931
2.97701026453
2.96922123665
2.96091499851
2.95205090037
2.94258435778
2.93246641069
2.92164322752
2.91005554774
2.89763805561
2.88431867742
2.87001779426
2.85464736233
2.83810993323
2.82029756776
2.80109063939
2.78035652704
2.75794820324
2.73370273354
2.70743971686
2.67895971786
2.64804277186
2.61444708495
2.5779081096
2.53813825476
2.49482759238
2.4476460561
2.39624779171
2.34027851199
2.2793869138
2.2132414004
2.14155345169
2.06410888847
1.98080781897
1.89171301232
1.79710457136
1.69753591019
1.59388228906
1.48736919077
1.37956514672
1.27232454766
1.16767287482
1.06764041001
0.974067996848
0.888422924251
0.811666276824
0.744201012411
0.685906563718
0.636241468026
0.59438089994
0.559355159698
0.530164871701
0.505861991735
0.485596875572
0.468638079828
0.454373556957
0.442301086229
0.432013787058
0.423184475263
0.415550951392
0.408903167859
0.403072534156
0.397923256765
0.393345452274
0.389249729599
0.385562952276
0.3822249307
0.379185838894
0.376404192247
0.373845258517
0.37147980349
0.369283095644
0.367234111928
0.365314900379
0.36351006565
0.36180635136
0.360192299189
0.358657969111
0.357194708677
0.355794961852
0.354452109969
0.353160338913
0.351914527879
0.350710155952
0.349543223543
0.348410186245
0.347307899147
0.346233569986
0.345184719798
0.344159149929
0.343154914448
0.342170297103
0.341203792073
0.340254087822
0.339320053418
0.338400726705
0.33749530375
0.336603129027
0.335723685823
0.334856586402
0.334001561567
0.333158449303
0.332327182387
0.331507774934
0.330700308104
0.329904915345
0.329121767786
0.328351060563
0.327593001004
0.326847799683
0.326115665305
0.325396804267
0.324691425439
0.323999750332
0.323322028257
0.322658555493
0.322009696774
0.321375906761
0.32075774854
0.320155905772
0.319571184906
0.319004504097
0.318456866047
0.317929313192
0.317422865271
0.316938441362
0.316476770647
0.316038298093
0.315623092538
0.315230764872
0.314860402957
0.314510527524
0.314179069944
0.313863368941
0.313560179611
0.313265685045
0.312975498688
0.312684644081
0.312387497508
0.312077677435
0.311747861598
0.311389506899
0.310992437323
0.310544248739
0.310029453304
0.309428245993
0.308714716258
0.30785424915
0.306799789599
0.305486722322
0.30382691584
0.301706103785
0.299002650468
0.295692821446
0.292227415817
