1.33053012042
1.33046721316
1.33034455342
1.33016483258
1.32993031722
1.32964288362
1.32930404864
1.32891499722
1.32847660689
1.32798946954
1.32745391066
1.32687000633
1.32623759822
1.32555630667
1.32482554209
1.32404451489
1.323212244
1.32232756415
1.32138913199
1.32039543133
1.31934477727
1.31823531972
1.31706504609
1.31583178334
1.31453319956
1.31316680497
1.31172995261
1.3102198387
1.30863350267
1.30696782714
1.30521953776
1.30338520301
1.30146123417
1.29944388539
1.29732925409
1.29511328175
1.29279175517
1.29036030838
1.28781442541
1.28514944385
1.2823605597
1.27944283336
1.27639119727
1.27320046525
1.2698653438
1.2663804458
1.26274030669
1.25893940372
1.25497217833
1.25083306242
1.24651650861
1.24201702508
1.23732921557
1.2324478248
1.22736779005
1.2220842993
1.21659285646
1.21088935424
1.20497015507
1.19883218045
1.1924730091
1.18589098401
1.17908532838
1.17205627027
1.16480517535
1.15733468699
1.14964887217
1.14175337162
1.13365555163
1.12536465441
1.11689194337
1.10825083842
1.09945703614
1.09052860833
1.08148607211
1.07235242389
1.06315312916
1.05391606018
1.04467137337
1.03545131985
1.02628998308
1.01722294025
1.00828684645
0.999518944111
0.990956504223
0.982636209945
0.974593497865
0.96686187624
0.95947224323
0.952452230733
0.945825600719
0.939611720532
0.933825141433
0.928475300658
0.923566361604
0.919097199963
0.915061536076
0.91144820622
0.908241558517
0.905421953358
0.902966343971
0.900848910405
0.899041719779
0.897515386968
0.896239712769
0.895184280503
0.894318996608
0.893614565553
0.893042893976
0.892577423046
0.892193391422
0.8918680337
0.891580720936
0.89131305063
0.891048893676
0.89077440514
0.89047800465
0.890150330626
0.889784170749
0.889374369101
0.888917708484
0.888412764612
0.887859727639
0.887260185847
0.886616866829
0.885933333417
0.885213635211
0.884461922187
0.883682034231
0.882877089232
0.882049101422
0.881198669211
0.8803247756
0.879424741731
0.878494363007
0.877528236352
0.876520257825
0.875464235615
0.874354531713
0.87318662482
0.871957486471
0.870665687338
0.869311200954
0.867894939256
0.866418123026
0.864881641169
0.863285568721
0.861628984989
0.859910162619
0.85812710039
0.856278271082
0.854363379205
0.852383898306
0.850343202656
0.848246226555
0.846098754763
0.843906616214
0.841675139207
0.839409150407
0.837113540384
0.834794066074
0.832457818203
0.830112859146
0.827766975527
0.825426055315
0.823092884943
0.820766897198
0.818444727074
0.816120877251
0.813787876919
0.811436052434
0.809053757332
0.806628782049
0.804150576451
0.80161196173
0.799009457006
0.796342879414
0.793615502252
0.790834690811
0.788011447154
0.785158280516
0.782287247754
0.77940981523
0.776537175016
0.77367927983
0.770844177056
0.768039157728
0.76527135878
0.762546670198
0.759869733366
0.757244666217
0.754674030491
0.752158687631
0.749699188654
0.747295228214
0.744944868883
0.742643531964
0.740381352662
0.738143288926
0.735910911515
0.733665539683
0.731391567145
0.729076027825
0.726706830128
0.724270007941
0.721750975264
0.719138010308
0.716426354614
0.713617532954
0.710715345406
0.707721545901
0.704635800706
0.701458280337
0.698190536816
0.694833866725
0.691387109386
0.687845109185
0.684198816281
0.680437661204
0.676553244177
0.672539533187
0.668389313026
0.66409566087
0.659698277754
0.65561976918
0.657524168832
0.723984967736
0.870191533706
0.96703286761
0.985428467037
0.973629890811
0.936368203928
0.875843835525
0.824905352957
0.850492462499
0.777282346473
0.662079417261
0.695419225222
0.761232666881
0.828826522198
0.791617869856
0.798492410811
0.827499754361
0.818578106138
0.774911644371
0.755874021111
0.756551517926
0.697790271568
0.672023944999
0.653755565131
0.630350767421
0.652938964433
0.658302648601
0.650892289438
0.661029942375
0.654438058302
0.628512121128
0.623795399168
0.614043174293
0.603113400622
0.612616441268
0.603279518396
0.607066799142
0.589642243806
0.589220882253
0.584158256188
0.591327145183
0.582666234376
0.580604931355
0.57504560581
0.575492253335
0.575145656841
0.5672551512
0.566124829447
0.564767304688
0.559283537039
0.556623020019
0.557246385082
0.555319553988
0.553040263962
0.5494422319
0.554412401604
0.560361309909
0.599561744134
0.537702845108
0.664982855667
0.548310126912
0.596829334605
0.529245179594
0.577620615226
0.568701707487
0.521032749119
0.571371805272
0.55969145039
0.506999956986
0.539408151162
0.567267197275
0.526230684001
0.497710077859
0.518872290703
0.543200405058
0.550185132338
0.536459699983
0.510588229195
0.491679597809
0.4957469035
0.512960754686
0.517230584982
0.5027122246
0.488136665769
0.488457431929
0.497213044108
0.501187520564
0.495743956404
0.486372548078
0.483105708585
0.487951860685
0.491014738098
0.486414797041
0.480903952382
0.48145272117
0.484527688875
0.483986992505
0.479991657017
0.478064839698
0.479877031216
0.480236671689
0.477452099094
0.475936990899
0.4769167642
0.476830079563
0.474777803532
0.473853362121
0.47441947772
0.473542094741
0.471976617733
0.47190279397
0.471595558473
0.470189332984
0.469678042403
0.469350959336
0.468068191589
0.467524213258
0.466883856575
0.465688795477
0.465157333642
0.464095660915
0.463155902406
0.462317803915
0.461105255004
0.460249104737
0.45894468857
0.457950508437
0.456579705443
0.45544012197
0.453970102806
0.452671703844
0.451112002162
0.449593577954
0.447990581849
0.44620719767
0.444466165398
0.442590703282
0.440542931846
0.438442893838
0.436288061914
0.434036606379
0.431726538853
0.429543212549
0.428647684816
0.435115423565
0.4874569642
0.421478052973
0.439908234922
0.437415112484
0.416917368592
0.451960251173
0.405480630998
0.434391244758
0.426289991108
0.401058156536
0.427077383318
0.396968833905
0.402546502148
0.410530597315
0.388482520832
0.399055168873
0.394330029229
0.384903917821
0.394368514236
0.380850496312
0.386758228157
0.381344208408
0.379200428442
0.38069300457
0.373584197903
0.377986605415
0.370599136356
0.374133942325
0.367972629264
0.370893377094
0.365371515472
0.367354042916
0.362758147934
0.364261808861
0.360274804086
0.360593875728
0.357901062057
0.356779270285
0.355967129477
0.353088736192
0.352899697802
0.351317649397
0.348520422811
0.347515648487
0.34700623458
0.345359266061
0.343582611588
0.341899948007
0.342127040908
0.345292695113
0.362230790838
0.332710324845
0.346626907336
0.333285245418
0.335125464224
0.332237721292
0.324116036762
0.330936848898
0.319709519517
