-1.0, -0.63278457233
-1.0, -0.735518637422
1.0, -0.929414104498
-1.0, -0.636018462245
-1.0, -0.207094548712
-1.0, -0.817420353365
-1.0, -0.417749523445
1.0, 0.330890203413
-1.0, -0.926647092596
1.0, 0.0325790287556
-1.0, -0.730247703662
1.0, 0.283381124441
-1.0, -0.704265457302
-1.0, -0.863987708237
-1.0, -0.504811422283
-1.0, -0.947829830404
-1.0, -0.940892607124
-1.0, -0.865903573168
-1.0, -0.323745385445
-1.0, -0.892172393863
-1.0, -0.927494113453
-1.0, -0.648880081811
-1.0, -0.83580424545
1.0, 0.514778957772
1.0, 0.270979781876
-1.0, -0.963815749897
-1.0, -0.675849836198
-1.0, -0.798203586622
-1.0, -0.890318800782
-1.0, -0.9441537477
-1.0, -0.311245989305
-1.0, -0.907572717997
-1.0, -0.977562528301
-1.0, -0.953627165707
1.0, 0.939885793945
-1.0, -0.626937425662
-1.0, -0.827945456533
1.0, 0.586084518913
-1.0, -0.857275783313
-1.0, -0.870824449238
1.0, -0.874499968987
-1.0, -0.871957355178
-1.0, -0.560603946458
-1.0, -0.941063147343
-1.0, -0.630823753847
-1.0, -0.639785533636
-1.0, -0.970281288794
-1.0, -0.892950391614
-1.0, -0.424730092441
-1.0, -0.997736040994
-1.0, -0.984480635508
1.0, 0.846058666212
1.0, 0.481077774445
1.0, 0.975732100976
-1.0, -0.638755278743
1.0, 0.5538811839
-1.0, -0.883453849652
-1.0, -0.894497185541
-1.0, -0.899697611357
-1.0, -0.676948597765
1.0, -0.134816779389
-1.0, -0.85757224532
-1.0, -0.322279829625
-1.0, -0.564442865114
1.0, 0.538964683461
-1.0, -0.460221208279
1.0, 0.385903098425
-1.0, -0.81609599736
1.0, 0.0554960724185
-1.0, -0.502084105159
-1.0, -0.93845963874
1.0, 0.383187636896
-1.0, -0.491516984908
1.0, 0.378483528275
1.0, 0.699161436041
-1.0, -0.960659850816
-1.0, -0.919989453153
-1.0, -0.47692318613
1.0, 0.19818214054
-1.0, -0.925986845019
-1.0, -0.806622477812
-1.0, -0.767027858826
-1.0, -0.891983639416
-1.0, -0.867107957412
-1.0, -0.752378095899
-1.0, -0.840907058608
-1.0, -0.985733659814
-1.0, -0.887614490427
-1.0, -0.472270772627
1.0, -0.952409941284
-1.0, -0.820258306971
1.0, -0.161008274945
-1.0, -0.451994567639
-1.0, -0.57006912916
1.0, -0.874730587164
-1.0, -0.894000933863
-1.0, -0.497747559486
1.0, 0.348380270334
-1.0, -0.83448663649
-1.0, -0.783616777628
-1.0, -0.405654431713
1.0, 0.409421389913
-1.0, -0.660853619782
1.0, 0.788653574394
1.0, 0.560941992853
-1.0, -0.344054889649
-1.0, -0.723149944004
-1.0, -0.652394415744
1.0, 0.516119715329
1.0, -0.816323358447
-1.0, -0.308352030578
-1.0, -0.20673230948
1.0, 0.668611654629
-1.0, -0.806951892145
-1.0, -0.981718288735
-1.0, -0.43792719882
1.0, 0.0377484882051
-1.0, -0.879956566588
-1.0, -0.978699576133
1.0, -0.697012729138
-1.0, -0.709463400163
-1.0, -0.744438698711
1.0, 0.148147327636
1.0, 0.318737063663
1.0, 0.1547602055
-1.0, -0.778676099402
-1.0, -0.595165561272
1.0, 0.525433795222
1.0, 0.385376012675
-1.0, -0.929594972263
1.0, 0.563193672659
1.0, 0.679103629383
-1.0, -0.895071270001
1.0, 0.737386827853
-1.0, -0.686410359534
1.0, 0.414947224542
1.0, 0.600256459152
-1.0, -0.982726603159
1.0, 0.971765871296
-1.0, -0.628224041254
-1.0, 0.00777223298869
-1.0, -0.81288159258
-1.0, -0.474734689064
1.0, -0.01530551682
-1.0, -0.671388142646
-1.0, -0.269748297105
-1.0, -0.942440019297
-1.0, -0.0378647947517
-1.0, -0.711336848347
1.0, -0.725754387397
-1.0, -0.511244801889
-1.0, -0.648114793922
1.0, -0.229033149404
-1.0, -0.699786322636
1.0, 0.273165726005
-1.0, -0.2504915526
-1.0, -0.633074070093
-1.0, -0.319221843792
-1.0, -0.676033063458
-1.0, -0.997422805782
-1.0, -0.994114277116
-1.0, -0.965180352215
-1.0, -0.830362584897
-1.0, -0.649108801005
-1.0, -0.307814102513
-1.0, 0.388913287491
1.0, -0.952912479222
-1.0, -0.806501544739
-1.0, -0.763835616741
-1.0, -0.719308172511
1.0, 0.964716667326
-1.0, -0.96520631595
-1.0, -0.786477061829
-1.0, -0.840068711641
-1.0, -0.680939918549
-1.0, -0.637899752447
1.0, -0.200676878028
-1.0, -0.887425604943
1.0, 0.349105391822
1.0, 0.500939486309
1.0, 0.323073106135
1.0, 0.803856748374
-1.0, -0.893314301194
-1.0, -0.928317085114
-1.0, -0.570480589812
-1.0, -0.777845063006
-1.0, -0.880987529111
-1.0, -0.637076208817
1.0, -0.314059838726
-1.0, -0.634246589516
-1.0, 0.0359614213088
-1.0, -0.911973143637
-1.0, -0.632178714751
1.0, 0.490063872768
-1.0, -0.978831396876
-1.0, -0.975676896611
-1.0, -0.608299174074
1.0, 0.483461809427
-1.0, -0.92482346449
-1.0, -0.453065699151
-1.0, -0.75748910971
-1.0, -0.96936861315
-1.0, -0.540818216301
-1.0, -0.986606214331
-1.0, -0.945975351105
-1.0, -0.6511122028
-1.0, -0.814929958504
-1.0, -0.500963537604
-1.0, -0.892247941495
-1.0, -0.938035953446
-1.0, -0.80919991967
-1.0, -0.865096249447
-1.0, -0.909834271672
1.0, 0.0568481158611
-1.0, -0.786863622726
1.0, 0.565166129379
1.0, 0.414537512466
-1.0, -0.735162154257
-1.0, -0.618276189719
1.0, 0.838957022907
-1.0, -0.991049700766
1.0, 0.760318846651
-1.0, -0.254713030046
-1.0, -0.670000087502
-1.0, -0.951962688372
-1.0, -0.702568892494
-1.0, -0.156823203745
1.0, 0.0997390639319
1.0, -0.732467899858
1.0, 0.466580968001
1.0, 0.23862272959
-1.0, -0.985546689045
-1.0, -0.896730189325
1.0, 0.278261299678
1.0, 0.443614478661
1.0, -0.00178134506674
-1.0, -0.758963251189
-1.0, -0.895456083412
-1.0, -0.630445165652
-1.0, -0.615470378772
-1.0, -0.792124109633
-1.0, -0.81812522129
1.0, -0.00876766269111
-1.0, -0.793764437165
-1.0, -0.99429332157
-1.0, -0.802414069475
-1.0, -0.833104937087
-1.0, -0.954163768111
-1.0, -0.418851482723
1.0, 0.115440334394
-1.0, -0.979950739358
-1.0, -0.856709863414
-1.0, -0.674133033185
-1.0, -0.553470095418
1.0, 0.536935179891
-1.0, -0.538836939834
-1.0, -0.942937994013
-1.0, -0.735066340023
-1.0, -0.592269092149
-1.0, 0.107957525859
-1.0, -0.945703037078
-1.0, -0.483260802096
-1.0, -0.906314837777
1.0, 0.330350119335
-1.0, -0.519224193162
-1.0, -0.714482607516
-1.0, -0.2957328919
1.0, 0.654219377428
-1.0, -0.770399038291
-1.0, -0.935799294357
-1.0, -0.85119390204
-1.0, -0.417075336571
-1.0, -0.956197868725
-1.0, -0.603712538236
-1.0, -0.385548455325
-1.0, -0.926850050634
1.0, 0.59159262871
1.0, 0.680819673643
-1.0, -0.927887699141
1.0, 0.443793763083
-1.0, -0.376359175207
-1.0, -0.952779987701
-1.0, -0.819852914545
1.0, -0.392786400006
1.0, 0.64082158052
-1.0, -0.89777241326
-1.0, -0.450139056603
-1.0, -0.371562500487
-1.0, 0.202130828203
-1.0, -0.526501914679
1.0, 0.504107168614
-1.0, -0.475756326923
-1.0, -0.955061603519
1.0, -0.0738050811266
-1.0, -0.780967555013
-1.0, -0.846085337144
-1.0, -0.840730335094
-1.0, -0.891477194606
-1.0, -0.846871461724
1.0, 0.438978045183
-1.0, -0.274494720206
-1.0, -0.515719478313
-1.0, -0.7055938792
-1.0, -0.310823184432
-1.0, -0.290774096361
-1.0, -0.930715276285
-1.0, -0.941082580481
-1.0, -0.563940174009
1.0, 0.730140241057
1.0, -0.801861894438
-1.0, -0.497734305385
-1.0, -0.865511726065
1.0, 0.837147083147
-1.0, -0.468360780079
-1.0, -0.514212986703
-1.0, -0.996885476997
1.0, 0.130159239431
-1.0, -0.556734451777
-1.0, -0.775383083667
-1.0, -0.881587991547
1.0, 0.926587322602
-1.0, -0.190030935758
-1.0, -0.965322757484
-1.0, -0.933316353296
-1.0, -0.363523866383
1.0, 0.433558164441
-1.0, -0.852926467746
-1.0, -0.342553934001
-1.0, -0.718167919494
-1.0, -0.722206979249
