0.62108822397
0.621087811462
0.621087007073
0.621085828335
0.621084289947
0.621082404001
0.621080180187
0.621077625973
0.621074746767
0.621071546054
0.62106802552
0.621064185162
0.621060023378
0.621055537048
0.621050721604
0.621045571082
0.621040078176
0.621034234269
0.621028029465
0.621021452611
0.621014491309
0.621007131924
0.620999359583
0.620991158168
0.620982510309
0.62097339736
0.620963799382
0.620953695111
0.620943061927
0.620931875817
0.62092011133
0.62090774153
0.620894737947
0.620881070515
0.620866707515
0.620851615506
0.620835759257
0.620819101666
0.620801603683
0.620783224224
0.620763920079
0.620743645813
0.62072235367
0.620699993459
0.620676512445
0.620651855229
0.62062596362
0.620598776505
0.620570229711
0.620540255859
0.620508784211
0.620475740509
0.620441046811
0.620404621314
0.620366378169
0.620326227293
0.620284074167
0.620239819625
0.620193359642
0.620144585102
0.620093381564
0.620039629013
0.619983201612
0.619923967427
0.619861788163
0.61979651887
0.619728007658
0.619656095387
0.619580615362
0.619501393009
0.619418245553
0.619330981677
0.619239401192
0.619143294689
0.619042443195
0.61893661783
0.618825579465
0.618709078386
0.618586853964
0.61845863435
0.618324136177
0.618183064295
0.618035111536
0.617879958523
0.617717273528
0.617546712396
0.617367918542
0.617180523044
0.616984144844
0.616778391081
0.616562857575
0.616337129497
0.616100782246
0.615853382573
0.615594489991
0.615323658503
0.615040438716
0.614744380368
0.614435035341
0.614111961213
0.613774725405
0.613422909998
0.613056117264
0.61267397598
0.612276148568
0.611862339078
0.611432302037
0.610985852127
0.610522874603
0.610043336322
0.609547297146
0.609034921371
0.608506488717
0.607962404223
0.607403206212
0.606829571254
0.606242314825
0.605642386084
0.605030855018
0.60440888997
0.603777723568
0.603138605194
0.602492738536
0.601841203574
0.601184863614
0.600524259796
0.59985949791
0.599190135203
0.598515077983
0.597832503756
0.597139823688
0.596433701566
0.595710143195
0.594964664533
0.594192537519
0.593389099971
0.592550101668
0.591672045498
0.590752473941
0.589790150641
0.58878509711
0.587738465798
0.586652260323
0.585528945725
0.584371018864
0.583180624083
0.581959296974
0.580707898348
0.579426764246
0.578116052475
0.57677622001
0.575408527513
0.574015446103
0.572600846114
0.571169885285
0.569728587864
0.568283207771
0.566839570823
0.565402644263
0.563976532653
0.562564924991
0.561171770621
0.559801774617
0.558460327263
0.557152763851
0.555883252596
0.554653866426
0.553464308518
0.552312365503
0.551194722223
0.550107602345
0.549046934101
0.54800821597
0.546986588281
0.545977471264
0.544977561291
0.543985503981
0.543001737815
0.542027748401
0.541065498935
0.540117441439
0.539186631738
0.538276197333
0.537388245013
0.536523213899
0.53568023171
0.534857649565
0.534052833382
0.533261851306
0.53248013602
0.531703469668
0.530928023957
0.530150090183
0.529366566835
0.528575138913
0.527773417883
0.526958574285
0.526127590992
0.525276880542
0.524402368652
0.523500434962
0.522568091721
0.521603311034
0.52060559969
0.519575536437
0.518514687094
0.517425020118
0.51630788318
0.515163707131
0.513991672111
0.512790355494
0.511557655472
0.510291029975
0.508987352407
0.507643061334
0.506253766013
0.504814605533
0.503320872036
0.50176828957
0.500152735244
0.498470026649
0.496715930897
0.494886494558
0.492978822636
0.490990649519
0.488920313432
0.486766924756
0.484532206848
0.482220950461
0.479848744599
0.477523593168
0.476918254487
0.503859918076
0.476534997631
0.473920434632
0.474838860536
0.512593363045
0.488935087036
0.579739848096
0.564127136577
0.632213062078
0.65367034688
0.661524836956
0.664567321329
0.66529648134
0.664344946984
0.661339352624
0.654679228157
0.639875672803
0.606338389415
0.561124790158
0.597024776533
0.639078000299
0.633505269864
0.585509447066
0.547152138335
0.559528746815
0.579476742871
0.586344895131
0.581418547494
0.567170680955
0.548827759607
0.54216475018
0.556256288437
0.562409515944
0.54712986635
0.534605928322
0.538308991724
0.543710066258
0.54057151225
0.530315338752
0.526253338868
0.532040764522
0.530096871527
0.521000280275
0.520598121934
0.521856116825
0.515396126692
0.51031606854
0.511238546587
0.505010210191
0.497316247082
0.490858256872
0.473000979515
0.470206943897
0.457083627445
0.453741669869
0.473025563187
0.489854648415
0.471586781919
0.508673312017
0.459308737224
0.485865422414
0.480378734308
0.463877070992
0.471325610587
0.464667127399
0.444022396398
0.450179568074
0.436283978238
0.460592963213
0.43648997033
0.447488394322
0.442979775027
0.434386388389
0.439953491123
0.430330398098
0.434883807367
0.427092880929
0.430393646503
0.423608005205
0.424860756916
0.423637463513
0.424081410464
0.4210042525
0.422172123709
0.417382085714
0.420755862798
0.417786995501
0.417465663468
0.418654103154
0.414312770984
0.413907859055
0.412939160558
0.411151455903
0.410511614206
0.410942963732
0.411555939849
0.408276106758
0.40661470149
0.405887712586
0.405535826354
0.407069455297
0.411181704567
0.442941542754
0.425322422256
0.461151553813
0.418042181223
0.443628928553
0.435701488829
0.41171334661
0.434325100352
0.418920409679
0.404508959234
0.423240158966
0.421993914971
0.398590465329
0.413656656264
0.405261018246
0.399580869246
0.410268317219
0.396455859239
0.395297317522
0.399471261532
0.391688142877
0.399670903645
0.393382724949
0.391718664581
0.392987488034
0.388592213953
0.391935978885
0.386044252365
0.392219024702
0.386382571745
0.388908333894
0.384204718471
0.387195424845
0.384507314829
0.385270105835
0.38334670179
0.38298469563
0.383218209989
0.380971327848
0.38337144514
0.381100776632
0.379657060537
0.381980338471
0.380751627139
0.377337142106
0.381547724881
0.385073963535
0.37560172972
0.390951734383
0.385677941092
0.385385699613
0.384531887831
0.373868983476
0.374976085205
0.376275361369
0.372082406866
0.369906013551
0.374798986859
0.380420680688
0.367230052621
0.387288269698
0.385173943623
0.385807052616
0.37246794786
0.368499876321
0.378345348388
