1.24743427945
1.24735130374
1.24718951348
1.24695245858
1.24664312854
1.24626399803
1.24581706755
1.24530389977
1.24472565177
1.24408310376
1.24337668447
1.24260649352
1.24177232115
1.24087366545
1.23990974743
1.23887952396
1.23778169904
1.2366147333
1.23537685206
1.23406605203
1.23268010682
1.23121657137
1.22967278534
1.22804587575
1.2263327588
1.22453014102
1.2226345199
1.22064218404
1.21854921294
1.21635147646
1.21404463418
1.21162413462
1.2090852145
1.20642289812
1.203631997
1.20070710987
1.19764262318
1.19443271229
1.19107134335
1.18755227633
1.18386906907
1.18001508277
1.17598348909
1.17176727905
1.1673592741
1.16275213951
1.15793840062
1.15291046197
1.14766063008
1.14218113986
1.13646418541
1.13050195543
1.12428667385
1.11781064606
1.11106631125
1.10404630144
1.09674350751
1.08915115286
1.08126287503
1.07307281563
1.06457571889
1.05576703894
1.04664305591
1.03720100054
1.02743918695
1.01735715293
1.0069558065
0.996237577606
0.985206572841
0.973868730916
0.962231976024
0.950306365575
0.938104228294
0.92564028805
0.912931768304
0.899998471558
0.886862827927
0.87354990674
0.860087385206
0.84650546851
0.83283675637
0.819116052172
0.805380112185
0.791667334184
0.778017386964
0.76447078464
0.75106841226
0.737851011872
0.724858640745
0.712130115599
0.699702458463
0.687610360781
0.675885682662
0.664557003473
0.653649238493
0.643183333859
0.633176049011
0.623639832125
0.614582790191
0.606008751419
0.597917414028
0.590304572291
0.583162408222
0.576479835549
0.570242881784
0.564435094091
0.559037955334
0.554031297906
0.549393704644
0.545102888067
0.541136041239
0.537470155609
0.53408230304
0.53094988097
0.528050821003
0.525363762375
0.522868192569
0.520544557893
0.518374347148
0.516340151655
0.514425704804
0.512615904163
0.51089681888
0.509255684802
0.507680889392
0.506161948161
0.504689473987
0.503255140377
0.501851639478
0.500472635359
0.499112712955
0.497767322912
0.496432722506
0.495105912778
0.493784572079
0.492466986285
0.491151976047
0.48983882162
0.48852718595
0.487217036889
0.485908569596
0.484602130287
0.483298142665
0.481997038389
0.480699192963
0.479404868371
0.478114163616
0.476826974171
0.475542961
0.474261529549
0.472981818707
0.471702699346
0.470422781724
0.469140430652
0.467853787083
0.466560794579
0.465259229016
0.463946729955
0.462620832217
0.46127899656
0.45991863876
0.458537156975
0.457131957967
0.455700483495
0.454240238987
0.452748827321
0.451223991077
0.449663666839
0.44806605476
0.446429705401
0.444753623558
0.443037385071
0.441281257465
0.439486308831
0.437654482726
0.435788611797
0.433892342621
0.431969952707
0.43002606134
0.428065268918
0.426091797377
0.42410923
0.422120437798
0.420127713745
0.41813302536
0.416138194431
0.414144803262
0.412153764421
0.410164732514
0.408175728013
0.406183310636
0.404183338356
0.402171946308
0.400146181369
0.398103952289
0.396043508104
0.393963090267
0.391861225747
0.389737376427
0.387592118631
0.38542647053
0.383241035887
0.381035934546
0.378811493018
0.376568650235
0.374308521367
0.372031979023
0.369740202567
0.36743549168
0.365121017656
0.362799979492
0.360475596447
0.358151509234
0.355831265063
0.353517666074
0.351213187687
0.348920193958
0.346640205383
0.344373818108
0.342121001858
0.339880526227
0.337649868833
0.335425469149
0.333201959169
0.330971946524
0.328726150666
0.326453188704
0.324140206495
0.321773066738
0.31933688517
0.316817138145
0.314200591437
0.31147690059
0.308639720621
0.305687877497
0.302625032827
0.299458148844
0.29619400619
0.292836287365
0.289385568977
0.285843056045
0.282215252706
0.27851426965
0.274751476776
0.270929543012
0.267042589271
0.263085396269
0.259062277056
0.254980268011
0.25083464298
0.24661072328
0.242405358183
0.239904114907
0.269734666042
0.384992350015
0.447267308225
0.466119939415
0.473344653391
0.476478801541
0.477961934768
0.478661121442
0.478910924225
0.478835692458
0.478439299374
0.477633676656
0.476200870817
0.473697142703
0.469344412866
0.462424020621
0.454103715854
0.445998256716
0.436757370367
0.430578149726
0.429712376683
0.431619171896
0.433717468055
0.433357253982
0.42976845561
0.422918669636
0.413258420187
0.401866642236
0.39007252073
0.381726854471
0.376221024661
0.371139253861
0.369295777274
0.367986167025
0.356929793831
0.327889355088
0.312443240323
0.290491271569
0.298341857071
0.299077933734
0.295607778642
0.284336232724
0.276039314454
0.276615743837
0.278145778584
0.257474692875
0.228838036246
0.239473734457
0.255605109141
0.246686882717
0.238659564494
0.254809272662
0.230095869772
0.24062553725
0.235220935856
0.225624394305
0.233922767594
0.218368596907
0.222500471078
0.213579230527
0.223032436837
0.213197519354
0.216779762168
0.214515703686
0.206860340158
0.207142947946
0.201496694654
0.201714053848
0.195348673752
0.197613854073
0.192939635023
0.189895692957
0.184875981492
0.176532128573
0.174519767748
0.170273529188
0.168813366475
0.169462565295
0.1674988652
0.16638272783
0.166152579573
0.165304952833
0.165237973127
0.16298799204
0.164688683586
0.160718917002
0.163651691749
0.158941846972
0.165315397489
0.152056851572
0.177616802901
0.165809861985
0.170856766537
0.150843718842
0.156162428139
0.16699922428
0.177357752499
0.15354102021
0.150557440711
0.160000359472
0.139541005015
0.14938982147
0.157031363698
0.154055969786
0.142992352608
0.136447741568
0.144289166646
0.151333389682
0.147245505685
0.13795378211
0.134594731253
0.137606858884
0.141307898976
0.141759419003
0.138681227064
0.134596275493
0.133223082481
0.135444285293
0.137169830869
0.135359465604
0.132723492253
0.132546148535
0.133899198137
0.134298143773
0.13308877956
0.131703724072
0.131782107594
0.13264288571
0.13237799763
0.13126403509
0.130992053864
0.131468765947
0.131452155868
0.130753555974
0.130390729393
0.130665831798
0.130586557954
0.130033718062
0.129905246356
0.130025864842
0.129754930858
0.129396012838
0.129408370602
0.129319846721
0.128973514503
0.128873426564
0.128807267695
