2.38154904732
2.38150424195
2.38141686747
2.38128882051
2.38112168644
2.38091676443
2.38067508977
2.38039745345
2.38008441949
2.37973634001
2.37935336847
2.37893547107
2.37848243655
2.37799388453
2.37746927245
2.37690790129
2.37630892016
2.37567132972
2.37499398471
2.37427559545
2.3735147285
2.37270980644
2.37185910689
2.37096076071
2.37001274942
2.369012902
2.36795889078
2.3668482268
2.36567825432
2.36444614462
2.36314888913
2.36178329174
2.36034596039
2.35883329779
2.3572414914
2.35556650249
2.35380405433
2.35194961938
2.34999840555
2.34794534133
2.34578505986
2.34351188174
2.34111979664
2.33860244347
2.33595308921
2.33316460606
2.33022944706
2.32713961987
2.32388665862
2.32046159383
2.31685492004
2.31305656117
2.30905583337
2.30484140522
2.30040125501
2.29572262504
2.29079197268
2.28559491793
2.2801161874
2.27433955437
2.26824777487
2.26182251943
2.2550443005
2.24789239527
2.24034476386
2.23237796287
2.22396705415
2.21508550927
2.20570510965
2.19579584296
2.18532579658
2.17426104894
2.16256556023
2.15020106427
2.13712696401
2.12330023372
2.10867533204
2.0932041308
2.07683586639
2.05951712127
2.04119184605
2.02180143391
2.00128486241
1.97957892039
1.95661854123
1.93233726718
1.90666787378
1.87954318691
1.85089712883
1.82066603219
1.78879026247
1.75521618762
1.71989852904
1.68280311726
1.64391005821
1.60321728894
1.56074446384
1.51653706215
1.47067054546
1.42325432146
1.3744351942
1.32439990997
1.2733763565
1.22163295954
1.16947586386
1.11724360259
1.06529915667
1.01401957652
0.963783653632
0.914958439824
0.867885656049
0.822869148396
0.780164496119
0.739971648441
0.702431100243
0.667623682336
0.635573625967
0.606254240314
0.579595362678
0.555491712259
0.533811373701
0.514403810107
0.497107006909
0.481753537392
0.468175492785
0.45620832571
0.445693717926
0.436481611091
0.4284315436
0.421413427313
0.415307882511
0.410006232212
0.405410240643
0.401431666044
0.397991685382
0.395020237683
0.392455323385
0.390242289101
0.388333120243
0.386685758116
0.385263453095
0.384034161473
0.382969990235
0.382046691511
0.381243206478
0.380541257117
0.379924983275
0.379380621873
0.3788962248
0.378461411918
0.378067155636
0.377705593677
0.377369866871
0.377053979047
0.37675267641
0.376461344022
0.37617591731
0.375892806768
0.375608834261
0.375321179546
0.375027335836
0.374725073386
0.374412410216
0.374087589237
0.373749061078
0.373395472028
0.373025656486
0.372638633338
0.372233605616
0.371809962726
0.37136728441
0.370905345473
0.370424120134
0.369923784708
0.369404717191
0.368867492242
0.368312870126
0.367741778377
0.367155285382
0.366554565801
0.365940858678
0.365315420292
0.364679475086
0.364034169186
0.363380531813
0.362719450008
0.362051661193
0.36137776605
0.360698261103
0.360013586548
0.359324181078
0.358630532467
0.357933211563
0.357232878641
0.3565302549
0.355826057787
0.355120905475
0.354415201742
0.35370901615
0.353001974797
0.352293173736
0.35158112108
0.350863706065
0.350138185483
0.349401171503
0.348648600927
0.347875664939
0.347076680382
0.346244887755
0.345372166512
0.344448663516
0.343462334577
0.342398402021
0.341238736669
0.339961190507
0.338538958919
0.33694018026
0.335128254206
0.33306386796
0.33071050589
0.328046030679
0.325082581055
0.321892635807
0.318627487027
0.31550111498
0.312722979047
0.310415664542
0.308589781194
0.307187935524
0.306125127748
0.305280617137
0.304483385472
0.303544431072
0.30232987546
0.300824471863
0.299134429567
0.297412486668
0.295755456705
0.294168188255
0.292605187665
0.290989161532
0.289185171202
0.287040783002
0.284512384448
0.281712040883
0.27875325207
0.275657719685
0.272493042818
0.269205474686
0.265612677537
0.261666473219
0.257294203582
0.252639285655
0.247757418137
0.242694687189
0.237307944413
0.231550547818
0.225416851561
0.2189678451
0.212285807501
0.205287796075
0.197839599864
0.189977694112
0.182048586243
0.1758317553
0.186710703297
0.161357030398
0.149733220574
0.144050016086
0.14571549952
0.185249093283
0.144950621482
0.268381719378
0.184896902033
0.24840269511
0.236904522716
0.155887484448
0.150551160191
0.16042523313
0.100732203144
0.140549827208
0.151180758172
0.121346615169
0.0811420211273
0.0885487966086
0.123031221439
0.137086457475
0.119159016392
0.0908363994225
0.0744562489163
0.0729152686203
0.0825360046742
0.0955205238591
0.105086428829
0.109232376667
0.107075479607
0.0994205840498
0.088634218642
0.0778636841528
0.0696958359542
0.0651399045402
0.0638163018516
0.0647704748408
0.0669208995207
0.0690999794419
0.0702037452997
0.0696002936759
0.0673354688414
0.0641216413139
0.060884195539
0.0583310954669
0.0567992588526
0.0562805678332
0.0564713550843
0.0568708817494
0.0569680429064
0.0564513640583
0.0552840240924
0.053717537829
0.052151057103
0.0509406566237
0.0502449600264
0.0499502812148
0.0497115468329
0.0491483505294
0.0481203782476
0.0468459533817
0.0457129699198
0.0449405822053
0.0444008146727
0.0437581210404
0.0428039150976
0.0416694379083
0.040677587887
0.0399498654101
0.0392373361072
0.038278198452
0.037201711594
0.0362985433973
0.0355306013012
0.0346336498527
0.0336077211863
0.0326961583844
0.0318921561368
0.030976537934
0.0300163272431
0.0291809222144
0.0283417362702
0.0274231374248
0.0265826056943
0.0257830711107
0.0249234564032
0.0241249076742
0.0233626372735
0.0225659701068
0.0218301403044
0.0211041551493
0.0203712590654
0.0196911504949
0.0189981676644
0.01833245294
0.0176847664301
0.0170342664963
0.0164145116328
0.0157866878752
0.0151829319194
0.014579438685
0.0139905581635
0.0134096814646
0.012837577665
0.0122784064886
0.0117276176299
0.0111921625015
0.0106663657108
0.0101572683785
0.00966026563809
