0.750647356116
0.750501174675
0.750216475593
0.749800159154
0.749258453712
0.748597017432
0.747821048189
0.746935400763
0.745944711103
0.744853527839
0.743666451236
0.742388279605
0.741024162608
0.739579760024
0.738061403216
0.736476254699
0.734832458887
0.733139274071
0.731407172181
0.729647888897
0.727874402598
0.726100816955
0.724342119705
0.722613790402
0.720931234587
0.719309032655
0.717760010771
0.716294169689
0.714917545144
0.713631117692
0.712429933872
0.71130263335
0.710231583483
0.709193787691
0.708162645161
0.707110495794
0.7060117025
0.704845840536
0.703600434428
0.70227266375
0.700869587455
0.699406709904
0.697905076318
0.696387445098
0.694874330656
0.693380762826
0.691914447097
0.690475680986
0.68905897886
0.687655981155
0.686258949162
0.684864009404
0.683473322458
0.682095518364
0.680744087302
0.679433957377
0.678177178893
0.676979258373
0.675837858244
0.674744892364
0.673691455123
0.67267319914
0.671692998615
0.670758989164
0.669878959855
0.669054668802
0.668279893131
0.667543493813
0.666835199293
0.666149777473
0.665486397106
0.664843796396
0.664215700876
0.663591190663
0.662960094809
0.662317875075
0.661664517525
0.660998845267
0.66031541723
0.659607943593
0.658874511098
0.65811730158
0.657337152568
0.656531109604
0.655696687767
0.654835361051
0.653948928313
0.653035430846
0.652092181895
0.651119477977
0.650117329141
0.649082619678
0.648013273623
0.646909607169
0.645769807622
0.644591070905
0.643372724008
0.642112561085
0.640807164748
0.639455353542
0.638054913825
0.636603910434
0.635102448055
0.633549689753
0.631946680134
0.630294244497
0.628592615907
0.626841997355
0.62504114156
0.623189567502
0.621285746695
0.619328876958
0.617317516607
0.615251117765
0.613128877083
0.61095077568
0.608718264144
0.606433926934
0.604101112737
0.601722607813
0.599299483309
0.596830677915
0.594313852132
0.591746179802
0.589125670936
0.586452021501
0.5837264248
0.580952363032
0.578143887667
0.575423821794
0.574117311389
0.589717206152
0.72962139105
0.75695448944
0.655033710699
0.830263331402
0.648231241369
0.741553039925
0.772939308875
0.777226982068
0.764072015993
0.73749159701
0.714284673083
0.727875379691
0.749153282588
0.736125357338
0.705676579227
0.699204528617
0.704260450739
0.698087445894
0.681529743227
0.673153158484
0.678943631772
0.670127039057
0.642651618413
0.61662877947
0.58517474931
0.574382316145
0.570969226706
0.579380314428
0.565104145807
0.593034072821
0.564439988254
0.577687459066
0.558854964968
0.566735301592
0.552658301677
0.54084431702
0.554086685287
0.537993981985
0.53477618533
0.548676655703
0.536728315045
0.528461895131
0.547388674209
0.54450946522
0.525597580673
0.591635380225
0.558905347331
0.579243095858
0.505308645531
0.568973626823
0.541426224473
0.574125855231
0.519669196749
0.526360376268
0.521762386006
0.511376098598
0.534936303866
0.50574238133
0.492576505826
0.518732840427
0.485650390798
0.492044133046
0.503770984682
0.487964517492
0.480354354397
0.494643882312
0.476121537508
0.481978565905
0.484079545839
0.472394186169
0.47899782093
0.474189656451
0.471109524236
0.474904603963
0.467255990489
0.47161293126
0.46632861421
0.467339600528
0.46625372173
0.46335947951
0.464219629506
0.461176142011
0.461861017916
0.458741163278
0.45952912022
0.456975331702
0.456863779025
0.45510626575
0.453904595601
0.453558092902
0.451187145571
0.451214548668
0.449684788562
0.447689148968
0.447589440802
0.446722920396
0.444151084033
0.442450613062
0.441689222139
0.441553758387
0.444532729433
0.448061110933
0.46983990129
0.438746737289
0.501678155779
0.442837709891
0.471153611043
0.44025803505
0.448822199615
0.441110024021
0.437409642443
0.445879479601
0.422554229567
0.446193426509
0.421426898188
0.431155876266
0.430994218104
0.417398460394
0.431179596981
0.415183686867
0.424794124098
0.415312476119
0.42033561454
0.41315905763
0.416328335017
0.412843567206
0.413159404233
0.409673204582
0.411330062151
0.407872345687
0.409906040511
0.404798993919
0.407255544657
0.402969748414
0.40495468389
0.402451546752
0.401020361065
0.402128033422
0.39877599281
0.398019097282
0.398653307797
0.396405647376
0.394134906054
0.394618047615
0.394992548211
0.391653890419
0.389583646838
0.38915594041
0.389762605306
0.392666554617
0.392262996434
0.401147835274
0.397023302657
0.417550763288
0.384448310629
0.452072852726
0.39462927904
0.421785883556
0.383515329658
0.407658339581
0.409130314996
0.376110084638
0.40557607592
0.408863276813
0.379886272645
0.375602862238
0.398501607906
0.381555675244
0.367515225998
0.380588885661
0.384311109071
0.370973356778
0.366016360858
0.377249054375
0.369566663624
0.363925566781
0.371014750396
0.368495664445
0.361887375347
0.3671909071
0.36472432446
0.361070504488
0.364904252506
0.361658882255
0.36026304855
0.36245242108
0.358638746576
0.360367624233
0.359223973711
0.357767075813
0.358892479852
0.3565377916
0.357605292958
0.355956706614
0.356130096758
0.355291598583
0.354835636228
0.354436681461
0.353711044035
0.353285191532
0.35279689658
0.352026784124
0.351866499721
0.350737793582
0.350569501809
0.349781067411
0.348941346094
0.348593191253
0.347863936014
0.346936411729
0.346180436206
0.345590750734
0.345108492515
0.344817671295
0.346055798512
0.349622239118
0.367517302835
0.340670768546
0.375091905243
0.347400978546
0.359342347411
0.340855569296
0.349688898557
0.350671583886
0.343863907076
0.35563046444
0.335197027786
0.342113114674
0.337413895701
0.331431934701
0.33661121884
0.331287972209
0.329538443869
0.332667736945
0.330060758913
0.327233694451
0.326128928086
0.326784534048
0.328744553986
0.328233597889
0.33062124979
0.32913880983
0.335952175243
0.335866916568
0.363619986376
0.324026819674
0.406214943549
0.338691196765
0.371627655544
0.32856438447
0.352277954957
0.362658261014
0.318317645932
0.352781479098
0.362779919693
0.332687976312
0.316138512649
0.348635969382
0.341736873004
0.312790407811
0.324594480752
0.337637620088
0.333546270487
0.317253985116
0.311093323024
0.323426043189
0.324408075118
0.311608136446
