1.32475543016
1.32473833325
1.32470499717
1.32465615398
1.32459242055
1.32451430787
1.32442222948
1.32431650886
1.32419738613
1.32406502389
1.32391951252
1.32376087468
1.32358906948
1.32340399591
1.32320549601
1.32299335746
1.32276731594
1.322527057
1.3222722177
1.32200238796
1.32171711163
1.32141588729
1.32109816892
1.32076336628
1.32041084514
1.32003992741
1.31964989099
1.31923996962
1.3188093525
1.31835718385
1.31788256237
1.31738454058
1.3168621241
1.3163142708
1.31573988997
1.31513784139
1.31450693427
1.31384592624
1.31315352228
1.31242837354
1.31166907618
1.31087417015
1.31004213796
1.30917140335
1.30826032998
1.30730722003
1.30631031281
1.30526778321
1.30417774016
1.30303822498
1.30184720956
1.30060259455
1.29930220718
1.29794379909
1.29652504379
1.2950435339
1.293496778
1.29188219718
1.29019712099
1.288438783
1.2866043156
1.28469074418
1.28269498048
1.280613815
1.27844390846
1.27618178207
1.27382380669
1.27136619062
1.26880496611
1.26613597443
1.2633548496
1.26045700083
1.25743759375
1.25429153077
1.25101343088
1.24759760945
1.24403805878
1.24032843039
1.2364620204
1.23243175962
1.2282302106
1.22384957422
1.21928170915
1.21451816824
1.20955025653
1.20436911659
1.19896584753
1.19333166514
1.18745811081
1.18133731756
1.17496234089
1.16832756114
1.16142916146
1.15426568091
1.14683863562
1.1391531909
1.13121885414
1.12305014175
1.11466715436
1.10609597499
1.09736878802
1.08852360836
1.07960351641
1.07065532211
1.0617276361
1.052868408
1.04412209379
1.03552672026
1.0271111999
1.01889328805
1.01087854456
1.00306055888
0.995422533017
0.987940120513
0.980585228322
0.97333033309
0.966152762619
0.959038352769
0.951983910311
0.944997999146
0.938099736537
0.931315555111
0.924674253933
0.918201082582
0.911911974679
0.905809234034
0.899879855734
0.894097193087
0.888425932991
0.882829493962
0.877278240406
0.87175653135
0.866266753482
0.860829194944
0.85547781994
0.850253418039
0.845196711175
0.840344177319
0.835728152023
0.83138035963
0.827335445775
0.823630040629
0.820294826557
0.817341798993
0.814753644872
0.812482781435
0.810462086277
0.808621037414
0.80689712467
0.805237471335
0.803595504983
0.80193209823
0.80022411172
0.798472082108
0.796696123854
0.794919945529
0.793155892046
0.791402934339
0.789654464014
0.787902811552
0.786136355198
0.784339597326
0.782503419617
0.780635293826
0.778755924683
0.77688762296
0.775049724577
0.773259003313
0.771522800515
0.769833601336
0.768179373907
0.766553544781
0.764950242946
0.763362951865
0.761786840295
0.760211176126
0.75862334356
0.757023338936
0.755423697034
0.753847236849
0.752316318337
0.750836203527
0.749400040203
0.747996078449
0.746618681744
0.745268958727
0.743944666094
0.742640262825
0.741349552255
0.740072137752
0.738805502866
0.737541739668
0.73627067216
0.734987577492
0.733688205603
0.732364263662
0.731013007713
0.729640476276
0.728249995405
0.726837850992
0.725401719614
0.723940429847
0.72245222739
0.720939502667
0.719402448853
0.717839267599
0.716262602959
0.714781004733
0.714459799931
0.727454660264
0.863475611092
0.802991264389
0.730481550247
0.783908475558
0.714830390455
0.765304643016
0.712118044121
0.744263147562
0.706681656068
0.729811236706
0.716939887412
0.711011958039
0.714876854296
0.700374612031
0.714700315667
0.699726170613
0.706636808926
0.694753474985
0.702422865292
0.694338379858
0.697279375277
0.693532342641
0.691010411905
0.694348857834
0.687506619475
0.692613743173
0.687183609726
0.686374379198
0.689586908768
0.684857095519
0.682518498325
0.685232427679
0.684635079093
0.680675999777
0.678946252792
0.68006250526
0.68306203803
0.687872123696
0.689198038812
0.687937671438
0.685439868713
0.691159639301
0.705940159174
0.749314347964
0.67626569984
0.7434564443
0.670428242256
0.726893781098
0.688516225509
0.700355811223
0.6933152366
0.682279684348
0.697205830051
0.669971515978
0.692930787671
0.664082528226
0.685274759737
0.66467805869
0.675191245684
0.666538435503
0.668495770906
0.667171948548
0.660042647394
0.669261159178
0.658265156726
0.661993831615
0.662557849676
0.656552113737
0.662034197705
0.657948533065
0.653816735398
0.65754378091
0.659355300936
0.653286582348
0.651533278873
0.65676271765
0.660996936939
0.662174766305
0.655383334112
0.648228029075
