0.900001682887
0.899983337616
0.899947573936
0.899895189679
0.899826864317
0.899743168653
0.899644573605
0.899531458151
0.899404116515
0.899262764659
0.899107546141
0.898938537404
0.898755752548
0.898559147635
0.898348624586
0.898124034702
0.897885181861
0.897631825427
0.897363682917
0.897080432438
0.896781714962
0.896467136441
0.896136269803
0.895788656868
0.895423810189
0.89504121487
0.89464033037
0.894220592322
0.893781414401
0.89332219025
0.892842295509
0.892341089949
0.891817919753
0.891272119959
0.890703017088
0.890109931989
0.889492182912
0.888849088844
0.888179973117
0.887484167322
0.886761015543
0.886009878921
0.885230140587
0.884421210949
0.883582533377
0.882713590262
0.881813909482
0.880883071249
0.879920715359
0.878926548805
0.877900353757
0.876841995864
0.875751432857
0.874628723394
0.873474036104
0.872287658741
0.871070007388
0.869821635593
0.868543243348
0.867235685762
0.865899981302
0.864537319439
0.863149067518
0.861736776671
0.860302186563
0.858847228751
0.857374028438
0.855884904362
0.854382366603
0.85286911204
0.851348017231
0.84982212848
0.848294648872
0.846768922088
0.84524841283
0.84373668375
0.84223736879
0.840754142939
0.839290688455
0.837850657686
0.836437632713
0.835055082143
0.833706315464
0.832394435494
0.831122289572
0.829892420233
0.828707016231
0.827567864862
0.826476306635
0.825433193392
0.82443885106
0.823493048206
0.82259497159
0.821743209862
0.820935746494
0.820169962915
0.819442652697
0.818750047464
0.818087854981
0.81745130965
0.816835235389
0.816234120552
0.815642204249
0.815053573074
0.814462266846
0.813862391577
0.813248237357
0.812614398364
0.811955891551
0.811268269943
0.810547725728
0.809791177611
0.808996336242
0.808161741031
0.807286761515
0.806371556902
0.805416988673
0.804424483629
0.803395848642
0.802333043929
0.801237928632
0.800112000542
0.798956159585
0.797770530594
0.796554382405
0.795306174819
0.794023750447
0.79270466448
0.791346614467
0.789947900513
0.788507823461
0.787026925692
0.785507004401
0.783950881924
0.782361991619
0.780743909572
0.779100003748
0.777433358372
0.775747052397
0.774044741526
0.772331354012
0.770613620253
0.76890017219
0.767201097812
0.765527084492
0.763888521016
0.762294992671
0.760755382878
0.759278349505
0.7578725611
0.75654611838
0.755305152578
0.754152305763
0.753086015055
0.752100940464
0.751188960573
0.750339824539
0.749541222726
0.74877903297
0.748038560291
0.74730641847
0.746571714245
0.745825910846
0.745062395311
0.744276921387
0.743468354578
0.742638273425
0.741789644228
0.74092626133
0.740053096179
0.73917585145
0.738299623289
0.737428437314
0.736565474632
0.735712442578
0.734869098682
0.734034142663
0.73320568164
0.732380957949
0.731557021977
0.730731009626
0.729899682385
0.729060155428
0.728210318613
0.727349039111
0.726476860305
0.725595156193
0.724705285801
0.723807295058
0.722898989942
0.721976522462
0.721035506672
0.720072827619
0.719087198026
0.718079185744
0.717050146668
0.716001163458
0.714931737568
0.713839322295
0.712720243153
0.711571268826
0.710391028626
0.709179713969
0.707936601377
0.706658120286
0.705338675746
0.703972721894
0.702556526563
0.70108710571
0.699560775186
0.697972060134
0.696317093295
0.69460645908
0.693025480456
0.694041754003
0.727427357099
0.830800151663
0.869710888389
0.795239829661
0.71204004924
0.841517321299
0.693774441485
0.758787310448
0.797750830987
0.786276966569
0.729151285352
0.690211180358
0.765824128475
0.750538099066
0.677988150764
0.700542374269
0.727666509862
0.721000948268
0.692270457186
0.687396035918
0.713268515802
0.695756445387
0.673495168178
0.685584679531
0.687478356504
0.673041736593
0.679517785315
0.686678466051
0.669774731381
0.673940913988
0.675104043431
0.666311390154
0.670185871765
0.673489839656
0.665650971606
0.668152808575
0.667791352596
0.661837980791
0.665897864945
0.663445174168
0.662273016494
0.663949009115
0.659608693948
0.661430237233
0.659165542327
0.659066910329
0.659150918548
0.656964128343
0.65774691101
0.65538371394
0.656176850619
0.654426775024
0.654809281709
0.652944980639
0.653028186656
0.65162926639
0.651699733306
0.650194364141
0.64994291223
0.6486250873
0.648227971529
0.647375763373
0.646152917425
0.645687115934
0.64469971361
0.643396313465
0.642591813915
0.641937018726
0.640940424437
0.64000710305
0.639235443983
0.640521719043
0.644310485241
0.667439507659
0.657157671533
0.701134955695
0.655891373619
0.789306163211
0.674632580954
0.738374925566
0.693485208849
0.649256060502
0.716648687527
0.633137746152
0.658460049228
0.676693315589
0.634878953693
0.668738251143
0.660993562168
0.623170412048
0.653508308491
0.660657332922
0.641529137875
0.633848686681
0.649690530305
0.637787518967
0.617119876022
0.624099679216
0.626464330972
0.620311163733
0.62867888874
0.622839558596
0.612730705855
0.615432257613
0.612684229782
0.614839712787
0.617755995131
0.610992143652
0.60994257424
0.607820563384
0.607531870078
0.610169326395
0.60654808215
0.606575914263
0.603280527321
0.605088719891
0.603632888241
0.603487071694
0.601606174402
0.601109541875
0.600223425989
0.600385367792
0.598357350875
0.598464624
0.596765569243
0.596937501866
0.595266912129
0.594505318787
0.594047914324
0.59264447828
0.591957866412
0.591303555829
0.589975542555
0.588648985292
0.587709135166
0.587276684887
0.58776371247
0.589215434948
0.597941461979
0.597044792611
0.621440752212
0.584762716589
0.667036610963
0.609638838463
0.64029329048
0.589218987972
0.62160827432
0.625849949702
0.577745776678
0.618597183606
0.626043524999
0.588053069288
0.580092145576
0.612507865244
0.585291976441
0.569398857303
0.587595697297
0.591947691776
0.57658642565
0.57025157961
0.5826404369
0.574169172344
0.564377344655
0.572811948817
0.571942659667
0.564248698081
0.570448263519
0.565972324097
0.561833662915
0.566141577258
0.562777254462
0.562464275049
0.563789977868
0.559146714313
0.560961691982
0.559526340616
0.559354267275
0.559248371397
0.557137734086
0.557651280027
0.556139375013
0.557026968926
0.554981112027
0.555180800309
0.55379116681
0.554317895784
0.552785425198
0.552684469129
0.551489006893
0.55144807761
0.550573570823
0.549659130556
0.549423373334
0.548409089208
0.547549286012
0.547121775565
0.546423823533
0.54527004206
0.544218710061
0.543455357893
0.542871176528
0.543112942952
0.545482541294
0.558299331814
0.566112620353
0.623969851424
0.579098573508
0.680864503873
0.545283536628
0.60928965175
0.595424040048
0.537702892736
0.613772572373
0.545116961235
0.559752976026
0.586225301094
0.56113029539
0.531278380216
0.565939304428
0.569787353292
0.53176512264
0.539518679137
0.557963725478
0.549764205617
0.528500720358
0.535255667067
0.546580309848
0.527525638005
0.528475482339
0.538588831506
0.530936200597
0.522973304418
0.532720835475
0.526412397027
0.522505142334
0.528602311912
0.523999018161
0.521464164255
0.525770613425
0.520035955765
0.522022672276
0.522162804239
0.518690171118
0.521443997433
0.518338306181
0.518880658769
0.518945577761
0.516906660845
0.518287257714
0.516086044021
0.516713540654
0.515794593194
0.515347045281
0.515076865062
0.514279341714
0.514109192956
0.513361290506
0.512998661135
0.512535102599
0.511743120209
0.511706697014
0.510633928719
0.510271418536
0.509840562064
0.508890380044
0.50828167853
0.507901710198
0.507335009765
0.506475155909
0.505655723183
0.504897202573
0.504455634762
0.505293958461
0.513254874284
0.534422720973
0.536627806988
0.506879078633
0.574805247199
0.517531927603
0.541504168743
0.498703625106
