0.0888013983663
0.0888003131977
0.0887981968769
0.0887950950657
0.0887910457695
0.0887860799532
0.0887802220839
0.0887734906074
0.0887658983643
0.0887574529523
0.0887481570384
0.0887380086266
0.0887270012837
0.088715124328
0.0887023629819
0.0886886984932
0.0886741082247
0.0886585657164
0.0886420407202
0.0886244992092
0.0886059033618
0.0885862115232
0.0885653781425
0.0885433536875
0.0885200845373
0.0884955128525
0.0884695764217
0.088442208487
0.0884133375452
0.0883828871257
0.0883507755445
0.0883169156333
0.0882812144431
0.0882435729218
0.088203885565
0.0881620400393
0.0881179167784
0.0880713885508
0.0880223199999
0.0879705671575
0.0879159769311
0.0878583865688
0.0877976231034
0.0877335027826
0.0876658304902
0.0875943991699
0.0875189892619
0.0874393681711
0.0873552897855
0.0872664940744
0.0871727067998
0.0870736393856
0.0869689889991
0.0868584389156
0.0867416592506
0.086618308168
0.0864880336966
0.0863504763193
0.0862052725346
0.086052059639
0.0858904820267
0.0857201993685
0.0855408970949
0.0853522996779
0.0851541872608
0.0849464162192
0.0847289441977
0.0845018600291
0.0842654186101
0.0840200802061
0.0837665526622
0.0835058335556
0.0832392474381
0.0829684712452
0.082695539249
0.0824228185549
0.0821529481861
0.0818887399309
0.0816330467379
0.081388612121
0.0811579183121
0.0809430495275
0.080745581052
0.0805664995051
0.0804061587105
0.0802642781668
0.0801399917046
0.0800319476072
0.0799384493431
0.0798576147101
0.0797875272665
0.0797263590434
0.0796724540774
0.0796243729121
0.0795809052609
0.0795410606974
0.079504046664
0.0794692409197
0.0794361630888
0.0794044479175
0.0793738214131
0.0793440801822
0.0793150738417
0.07928669021
0.0792588429662
0.0792314615051
0.079204482779
0.0791778449571
0.0791514827596
0.0791253243242
0.0790992894495
0.0790732890443
0.079047225594
0.079020994446
0.0789944857021
0.0789675864919
0.07894018336
0.0789121644259
0.078883420852
0.0788538469623
0.0788233380995
0.0787917849961
0.0787590630952
0.078725014938
0.078689423494
0.0786519742022
0.0786122036138
0.0785694331204
0.0785226880765
0.0784706078119
0.0784113654767
0.0783426476149
0.0782618031264
0.0781663550667
0.0780551047788
0.0779298624741
0.077797240725
0.0776688673003
0.0775563804049
0.0774585496376
0.0773535104891
0.0772168650973
0.0770491878636
0.0768764332651
0.0767242202318
0.0765973370024
0.0764827490895
0.0763667705059
0.0762474912922
0.0761326885013
0.0760286177884
0.0759333471161
0.0758398148689
0.0757419815581
0.0756376121092
0.0755269360775
0.0754096852863
0.0752834793158
0.0751454406382
0.0749966825384
0.0748448346984
0.0746961470714
0.0745453814143
0.0743882378125
0.0742342158177
0.0740876318086
0.0739374469966
0.0737809272091
0.0736250486097
0.0734640047903
0.0732928998362
0.0731184015453
0.0729373932855
0.072746456852
0.0725520689397
0.0723503214716
0.0721421708579
0.0719290843996
0.0717056339122
0.0714742297744
0.0712286635571
0.0709689032328
0.0706903010076
0.0703935038962
0.0700750557958
0.0697372492346
0.0693818386768
0.0690130908302
0.0686331993572
0.0682449171601
0.0678570391787
0.0674770782405
0.0671048657005
0.0667348670351
0.0663601935657
0.0659693457946
0.0655428164021
0.065067777695
0.0645384509668
0.0639881767502
0.0634533723316
0.0629414607405
0.062447449851
0.0620056100257
0.0618648560111
0.0651749845658
0.0604376555669
0.0633201459553
0.0680285383457
0.0704185673408
0.0641637006178
0.0606518743591
0.0661730053733
0.0587566496709
0.0627562110644
0.0641356347796
0.0635823168099
0.0623614911416
0.0614626310364
0.0573590944467
0.0588438331026
0.0581964152888
0.0567651711739
0.057983191081
0.0573699678381
0.0552700695126
0.0565648768483
0.0543956474191
0.0549404963839
0.054812806002
0.0535375649893
0.0536032151351
0.0540869802886
0.052955502445
0.0530756401736
0.0533898433765
0.0526507917055
0.0524598453709
0.0524666505356
0.0522922835906
0.0520693284755
0.051782243366
0.0516381722096
0.0516184933934
0.051430171981
0.0512721079557
0.0510948635243
0.0510011631363
0.0509101176915
0.050749998283
0.0505857419159
0.0504394844812
0.0502848650921
0.050155968515
0.0500169783891
0.0499026457152
0.049894596937
0.050179657031
0.0531403151412
0.052189230516
0.0504725567406
0.0492840639789
0.0494493647557
0.0492643224914
0.0490624343683
0.0490861139858
0.0488652110133
0.0490270243803
0.0485878472812
0.0491453817356
0.0485879475434
0.0514351872734
0.0486384967684
0.0507751787874
0.0536278195755
0.0530173428412
0.0523351976156
0.0499001819644
0.0505146111344
0.0487762229591
0.0501635950747
0.050326309718
0.0490445125466
0.0479930349384
0.0501689814813
0.0481725178631
0.0480225363318
0.0484873445612
0.0487247444483
0.0484032299077
0.0478802612976
0.0476171867413
0.0477807359975
0.0474515164547
0.04719065104
0.0472052704801
0.0471934330233
0.0471340946622
0.0468727681053
0.046978195585
0.046737998379
0.0467453674185
0.0466405727279
0.0465436762796
0.0464454999805
0.0463458370459
0.0461760423201
0.0460093066827
0.0460188979778
0.0465663053906
0.0473101980439
0.0470900455541
0.0460569597169
0.0457455998487
0.04640919176
0.046706694788
0.0458643980855
0.0456584397041
0.0449948506978
0.0447627196495
0.0452726015312
0.0482939974011
0.0481998254092
0.0448390871221
0.0478177339742
0.0475152127022
0.046788002374
0.0500352408564
0.0455721816998
0.046434019296
0.0469615672021
0.0438062698317
0.0469641738
0.0442343168031
0.0456420342228
0.0466308471801
0.0450509659352
0.0450095700627
0.0432680139178
0.0438701781585
0.043857830459
0.0441186125607
0.0431064055598
0.0426160011383
0.044466353485
0.0445567191154
0.0426141910578
0.0426509203374
0.0425162442102
0.0418402162612
0.0445864766233
0.0415675664171
0.0413151310407
0.041366848423
0.0413363790083
0.0419262172747
0.041867838998
0.041740244973
0.0411790624578
0.0404833246253
0.0412149770217
0.0405059677934
0.0407309084013
0.0402228924069
0.0419464962214
0.0405694671411
0.0408308377516
0.0405677747043
0.0405952545656
0.0399496464674
0.0403988682047
0.0404278757309
0.0400487887897
0.0397711242014
0.0394744879148
0.0396336902347
0.0394060787965
0.0392452957954
0.0391108331093
0.0390442385004
0.039027469081
0.0389507332229
0.039635994966
0.0405290017688
0.0404280961225
0.0425941041141
0.041093062972
0.0395876201765
0.0396510181991
0.0393947772218
0.0394880098413
0.0403543788693
0.0393392294206
0.0396104144358
0.0391611567004
0.0422249252881
0.0399813573482
0.039928887977
0.0394487028931
0.0394031983509
0.03892625213
0.0381680577883
0.0380074108345
0.0383621414113
0.0383119088666
0.0387294479678
0.0382075893253
0.0375893618971
0.0391723315498
0.0385753190126
0.0388008085587
0.0394190077105
0.0380012526338
0.0378243173106
0.0373954905123
0.0381854087188
0.0372351726323
0.03745317996
0.0367123020272
0.0372243516972
0.0380065963677
0.0377869067896
0.0367251625281
0.0383084464575
0.0369498656063
0.0376919972349
0.0387079634112
0.0375390753138
0.0372161376113
0.036219239146
0.0372338233434
0.0363073415153
0.0367920866639
0.036199838555
0.0372089377436
0.0359175817743
0.0364524566463
0.0354252474124
0.0366856773071
0.0354721475718
0.0358299000969
0.0360775031222
0.0355689329344
0.0362753166475
0.03721842306
0.0375618717759
0.0363230439823
0.039423741685
0.036280400148
0.0393680825501
0.0372576201579
0.035528112819
0.0390297667024
0.0389030151731
0.0373111733466
0.0361547351392
0.0373589875916
0.0365426146364
0.0353889654839
0.0351476770017
0.0362255430797
0.0346849008859
0.034463864883
0.0350118707589
0.0351687025766
0.0345858721595
0.0343071479692
0.0341117518707
0.0344980797967
0.0344058607422
0.034305306285
0.0346090262789
0.034723113649
0.034139731726
0.0353509775377
0.0345815172131
0.0365781590415
0.0360865057066
0.0378136428954
0.0363835709924
0.0353380419858
0.035035794706
0.0374934477519
0.0344813839039
0.0345069186611
0.0358093800265
0.0349628785844
0.0349134366685
0.0347847298691
0.0345341185061
0.0338414371641
