1.22234412186
1.22233235842
1.22230942102
1.22227581209
1.22223195426
1.22217819682
1.2221148215
1.22204204761
1.22196003661
1.22186889617
1.2217686837
1.22165940953
1.22154103962
1.22141349798
1.22127666872
1.22113039783
1.22097449468
1.22080873329
1.22063285332
1.22044656097
1.22024952955
1.22004140001
1.2198217812
1.21959025009
1.21934635178
1.21908959938
1.21881947389
1.21853542384
1.21823686493
1.21792317952
1.2175937161
1.21724778866
1.216884676
1.21650362096
1.21610382967
1.21568447066
1.21524467402
1.21478353051
1.21430009058
1.21379336352
1.21326231645
1.21270587343
1.21212291452
1.21151227491
1.21087274405
1.21020306485
1.20950193293
1.20876799595
1.20799985305
1.20719605436
1.20635510066
1.2054754432
1.2045554836
1.20359357411
1.20258801786
1.20153706955
1.20043893625
1.19929177862
1.19809371234
1.19684280997
1.19553710321
1.19417458552
1.19275321529
1.19127091943
1.18972559762
1.18811512706
1.18643736787
1.18469016925
1.18287137627
1.18097883756
1.17901041371
1.17696398664
1.17483746994
1.17262882007
1.17033604877
1.16795723646
1.16549054685
1.16293424278
1.1602867033
1.15754644217
1.15471212764
1.15178260385
1.14875691368
1.14563432324
1.14241434803
1.13909678088
1.13568172167
1.13216960902
1.12856125377
1.12485787458
1.12106113531
1.11717318442
1.113196696
1.10913491235
1.10499168768
1.10077153233
1.09647965679
1.09212201437
1.08770534117
1.08323719138
1.07872596574
1.07418093025
1.06961222171
1.06503083616
1.0604485958
1.0558780894
1.05133258124
1.04682588339
1.04237218668
1.03798584665
1.03368112197
1.02947186499
1.02537116672
1.02139096166
1.01754160167
1.01383141193
1.01026624583
1.00684905936
1.00357952787
1.00045373019
0.997463924712
0.994598441199
0.991841708785
0.98917443663
0.986573958346
0.984014745553
0.981469090097
0.978907948831
0.976301939561
0.973622471524
0.970842987627
0.967940287559
0.964895888754
0.961697364252
0.958339570926
0.954825647987
0.951167626368
0.947386451805
0.943511202603
0.939577300455
0.935623600055
0.931688431052
0.927804967211
0.923996681344
0.920274007795
0.91663349408
0.913060458138
0.909535326468
0.906042486377
0.902579060821
0.899160219847
0.895818188396
0.892594227246
0.88952592151
0.886634685467
0.883918939606
0.881356244535
0.878913551302
0.876560605452
0.874279598089
0.872065733094
0.869918276614
0.867827775787
0.865768725397
0.863704383846
0.861601650141
0.859444869399
0.857236872932
0.854986263453
0.852693192123
0.850348024678
0.847944427843
0.845492602019
0.843016910547
0.840539105495
0.838066467428
0.835599390254
0.833146307802
0.83072161163
0.828327948964
0.825951053552
0.823575840152
0.821196137755
0.818803035486
0.816379102538
0.813913904416
0.811408715467
0.808859865123
0.806258129949
0.803601713596
0.800887703048
0.798106252647
0.795256069947
0.792340251129
0.789358372147
0.786317664692
0.783223575651
0.780076889675
0.776882441382
0.773639234351
0.770349429104
0.767013573177
0.763629001851
0.760190678157
0.756687211489
0.753108682799
0.74944554638
0.745693848239
0.741849930912
0.737909094807
0.733864528507
0.72970758477
0.72543130909
0.721027096772
0.71648329293
0.711785417809
0.706916817851
0.701859482008
0.696594604294
0.691104935675
0.685372901057
0.679382351902
0.673126560489
0.66671935652
0.661315515229
0.670089784514
0.814184260671
0.638259081045
0.842071775137
0.829726352068
0.854041645217
0.650085047019
0.713413586973
0.675163476013
0.693975183064
0.616621956102
0.637711829284
0.652827592452
0.623903586218
0.659358207865
0.610297636171
0.625099217013
0.639713629126
0.559078847783
0.635342454311
0.549774746561
0.586318859875
0.612731510842
0.573071352754
0.531258812525
0.566511064897
0.592096783729
0.564531849122
0.525132186426
0.524964754543
0.545825004048
0.550143276472
0.531098876068
0.511254846704
0.515920812318
0.529306339023
0.52143387952
0.505289948973
0.506502028013
0.514600779873
0.511182297728
0.500098511372
0.498791377424
0.5044600354
0.500058473105
0.493020936222
0.495175834668
0.496326112175
0.490769420662
0.48815413985
0.490297307117
0.487304279418
0.483716977523
0.484697084356
0.482990338735
0.479532903487
0.479743482748
0.478087222272
0.475208188996
0.475044225697
0.47275864171
0.470760591021
0.469959298552
0.467195413091
0.466186914509
0.463849845371
0.462119191684
0.460127842429
0.457977140202
0.455965038828
0.4536311382
0.45136140358
0.449026832684
0.446345033617
0.44402428831
0.441011684467
0.438336709927
0.435462783579
0.432179582727
0.429033565267
0.425866283
0.422414990217
0.418715031201
0.414890000271
0.410975808498
0.407059139583
0.403652844753
0.404461771266
0.42718521519
0.436634888276
0.386578084396
0.403769990198
0.393776745496
0.378930608854
0.400006305437
0.367411204096
0.385193635135
0.379838202038
0.357823594925
0.37760368228
0.354342430669
0.354301711431
0.360990480958
0.343075122639
0.349820582443
0.345410503368
0.337404111805
0.343598883852
0.33243433868
0.336373745588
0.330991001954
0.328973497929
0.328847356885
0.323358945747
0.324965738833
0.31943236119
0.320476674619
0.315482391509
0.316138881179
0.311983810258
0.311431946053
0.308588931998
0.306329090523
0.30537519493
0.301604885124
