2.35899300912
2.35897104846
2.3589282223
2.3588654586
2.35878353198
2.35868307614
2.35856459479
2.35842847124
2.35827497687
2.35810427853
2.35791644494
2.35771145225
2.35748918873
2.35724945883
2.35699198643
2.35671641756
2.35642232251
2.35610919736
2.35577646505
2.35542347595
2.35504950798
2.35465376623
2.3542353823
2.35379341304
2.35332683906
2.35283456274
2.35231540586
2.35176810687
2.35119131768
2.35058360016
2.34994342205
2.3492691526
2.34855905759
2.34781129402
2.34702390419
2.34619480926
2.34532180227
2.34440254054
2.34343453737
2.34241515313
2.34134158545
2.34021085875
2.33901981276
2.3377650901
2.33644312284
2.3350501179
2.33358204115
2.33203460021
2.33040322569
2.3286830508
2.32686888917
2.32495521064
2.32293611488
2.32080530258
2.318556044
2.31618114454
2.31367290704
2.31102309052
2.30822286489
2.30526276125
2.30213261725
2.29882151703
2.29531772509
2.29160861341
2.28768058117
2.28351896605
2.27910794637
2.27443043302
2.26946794987
2.26420050169
2.258606428
2.25266224153
2.24634244962
2.23961935688
2.23246284747
2.22484014508
2.21671554896
2.20805014441
2.19880148634
2.18892325513
2.17836488475
2.16707116434
2.15498181606
2.14203105494
2.12814713972
2.11325192898
2.09726046378
2.08008060746
2.06161278621
2.04174989056
2.02037742024
1.99737398268
1.97261229041
1.94596084478
1.91728654165
1.8864584865
1.85335335465
1.81786266589
1.77990234032
1.73942483588
1.69643399339
1.6510023851
1.60329042377
1.55356571671
1.50222016897
1.44978129234
1.39691335182
1.34440383091
1.29313174236
1.24401691934
1.19795348819
1.15573541494
1.11798581804
1.08510294251
1.05723323441
1.03427616198
1.01591813722
1.00168668763
0.991012971659
0.983291369613
0.977928215694
0.974376020572
0.972153244307
0.970852038437
0.970137338273
0.969740626025
0.969451075656
0.969106012758
0.968581907537
0.967786565872
0.966652806583
0.96513368456
0.963199196721
0.960834348792
0.958038429094
0.954825299738
0.951224449091
0.947282429533
0.943064117576
0.938652986364
0.934149321758
0.929665159143
0.925314869249
0.92120103537
0.917396740254
0.913927535657
0.910758580902
0.907793482865
0.904889814307
0.9018914162
0.898670426114
0.895165540984
0.891401205796
0.887477713009
0.883533561931
0.879693886382
0.876025682011
0.872517800691
0.869092631487
0.865643108121
0.862079427333
0.858367192763
0.854541626416
0.850689743185
0.846904470507
0.843231113081
0.839639441347
0.836047883651
0.832390807669
0.828677111829
0.824984774276
0.821390885055
0.817901110971
0.81444491702
0.810937711158
0.807346779771
0.803696886805
0.800014509781
0.79628044547
0.792457239182
0.788559009668
0.784659424858
0.780818543798
0.777037293323
0.773302935897
0.769636421547
0.766054062433
0.762520903579
0.759000378133
0.755509405475
0.752068714385
0.748667342419
0.745316714234
0.742047122927
0.738846940621
0.73570061328
0.73261869015
0.729583168651
0.726578817306
0.72361123526
0.720654424672
0.717691590755
0.71470194771
0.71165116161
0.708532166998
0.705326505766
0.702033654114
0.698639136374
0.695130764931
0.691493177683
0.687717943055
0.683796113802
0.679720161604
0.675473958434
0.671049445761
0.666437287493
0.661634284618
0.656633081298
0.651424055412
0.646005861798
0.640380597759
0.634542309665
0.628475733533
0.622166628651
0.615602047192
0.608773492208
0.601711024171
0.594805248804
0.591784324693
0.62757495915
0.7062184832
0.671113725542
0.660819577005
0.556561314963
0.581437811298
0.536616197533
0.568062548127
0.526137993527
0.54113554595
0.526854477377
0.516461595394
0.517705006471
0.504427640836
0.507668065763
0.490569215019
0.49738002982
0.483143382485
0.485822459224
0.47404477391
0.474424596106
0.467879613036
0.463283456423
0.46289427292
0.452864778697
0.452056587463
0.448946896161
0.441565069313
0.437248159071
0.436077900135
0.435398973586
0.432397642298
0.436083553067
0.438643417729
0.463098830188
0.409169446651
0.476180442048
0.401456592631
0.440960367864
0.403781973597
0.41264278881
0.405533309039
0.394504457663
0.403866619009
0.378713865182
0.397485261991
0.375249335103
0.379908480512
0.380960730155
0.365559392453
0.376209400132
0.363334974279
0.365790658362
0.364060303852
0.35687884207
0.361072451708
0.352146248352
0.356273409594
0.348536125948
0.351784503067
0.345130622123
0.347252616023
0.34181879793
0.343407453118
0.338206651824
0.339301174071
0.334788344202
0.335271219453
0.331766736218
0.330648821399
0.329116986552
0.325994104408
0.325413394401
0.323066095374
0.320345196558
0.319057449473
0.317560836345
0.315284852896
0.312623438155
0.310119283425
0.30772671908
0.305393820765
0.303268276464
0.302713606865
0.313520387667
0.401726625819
0.305658021106
0.305880540668
0.36927114795
0.298553741701
0.395611345287
0.293162588982
0.351117199586
0.379679173645
0.305980666086
0.288696754015
0.347689077823
0.320997540988
0.27260856702
0.298424369576
0.331787690761
0.335483259622
0.30781083552
0.273928965224
0.268574494488
0.29157753872
0.310108738785
0.309431775849
0.290444474294
0.269408745101
0.261463655798
0.267686633402
0.278068254985
0.282558947435
0.277848932556
0.267534620294
0.259443657309
0.259266831971
0.264828266959
0.268265782436
0.265222791089
0.259050470223
0.256140263882
0.258061897811
0.260815922167
0.260491928122
0.257186470102
0.254501414598
0.254989538513
0.256756805116
0.256445580677
0.254110491355
0.252788294775
0.253515996943
0.254139265192
0.253129077308
0.251654060235
0.251503031119
0.252016823122
0.251491349092
0.250368195956
0.250142793849
0.250345436688
0.24979187809
0.248988512315
0.248886662026
0.248771367806
0.248063212038
0.247662481642
0.247551710164
0.246981852039
0.246497011338
0.246292370725
0.245723652713
0.245269980268
0.244936802707
0.244325799974
0.243922094684
0.243401006092
0.242830079935
0.242354979577
0.241704242554
0.241186019706
0.240505461944
0.239917995275
0.239204295325
0.238553579496
0.237790529965
0.23707942028
0.236264692654
0.235477607422
0.234627428585
0.233738810046
0.232851428336
0.231891874074
0.230900590056
0.229897305264
0.228845538948
0.227737482122
0.226587782293
0.225401154452
0.224174856501
0.222907070167
0.22160484492
0.220323503168
0.219459476119
0.222473760813
0.253968208883
0.300206501029
0.23231651985
0.335935291068
0.217935238767
0.283300105203
0.299353107848
0.225109019597
0.228703500952
0.277292973961
0.238637052382
0.206593973141
0.233719942402
0.2594989851
0.258314335639
0.232249065947
0.207140029974
0.206787377769
0.226056605406
0.238981406677
0.23575321971
0.219790093982
0.205001196599
0.200738772687
0.205795376175
0.21323310897
0.216511883516
0.213351907281
0.206114806436
0.199935975782
0.198809170433
0.20228342558
0.205576875507
0.204617498042
0.200354934746
0.197206823303
0.197529310247
0.199638534092
0.200518163154
0.19903040986
0.196584243776
0.195524095187
0.196397704992
0.197299428717
0.19657084
0.194966313652
0.194333683593
0.194863050655
0.195147617233
0.194420752409
0.193448875177
0.193286366098
0.193595404062
0.193325091769
0.192567279035
0.192262328763
0.192378724881
0.192137458371
0.191549928304
0.191298531881
0.191276707906
0.190888919708
0.190440990839
0.190306895536
0.190028147642
0.189556811124
0.189313786134
0.189005742397
0.188529828374
0.188228725368
0.187818314622
0.187340132302
0.186969468286
0.186438673022
0.18597657098
0.185454009782
0.18489325269
0.184349844892
0.183722504959
0.183130062917
0.182455397043
0.181806014288
0.181092576132
0.180377567827
