0.782460690727
0.782298080988
0.781981166813
0.781517189665
0.780912414254
0.780172209384
0.779301122849
0.778302950712
0.777180801364
0.775937154745
0.774573917154
0.773092472047
0.771493727238
0.769778158908
0.767945852789
0.765996542924
0.763929648337
0.761744307975
0.759439414232
0.757013645389
0.754465497235
0.751793314177
0.748995320077
0.746069649077
0.743014376621
0.739827550903
0.7365072249
0.733051489184
0.729458505628
0.725726542134
0.721854008461
0.717839493202
0.713681801934
0.709379996491
0.704933435313
0.700341814727
0.695605210992
0.690724122863
0.685699514382
0.680532857513
0.67522617419
0.669782077259
0.664203809727
0.658495281659
0.652661103992
0.646706618475
0.640637922887
0.634461890641
0.62818618387
0.621819259061
0.615370364341
0.608849527557
0.602267534367
0.59563589565
0.588966803733
0.582273077045
0.57556809308
0.568865709766
0.562180175596
0.555526029216
0.548917989412
0.542370836796
0.535899288755
0.529517869533
0.523240777529
0.517081752127
0.511053942484
0.505169780791
0.499440862519
0.493877836071
0.488490304114
0.483286738612
0.478274411293
0.473459340891
0.468846258126
0.464438588889
0.460238455697
0.456246696975
0.452462903327
0.44888546953
0.445511660652
0.442337690408
0.439358809654
0.436569402784
0.433963089726
0.431532831271
0.42927103553
0.427169663488
0.425220331807
0.423414411271
0.421743119551
0.420197607231
0.41876903633
0.417448650828
0.416227838967
0.415098187342
0.414051526976
0.413079971791
0.412175949977
0.411332228926
0.41054193441
0.409798564792
0.409096001019
0.408428513197
0.40779076446
0.407177812871
0.406585111953
0.406008510443
0.405444251711
0.404888973208
0.404339706168
0.403793875637
0.403249300745
0.402704194923
0.402157165573
0.401607212435
0.401053723636
0.400496468146
0.399935583081
0.399371554055
0.398805186621
0.398237566776
0.397670008615
0.397103987617
0.396541058704
0.395982759356
0.395430499566
0.394885442434
0.394348381505
0.393819623483
0.393298887226
0.392785231591
0.392277025066
0.391771968648
0.391267179562
0.390759337042
0.390244882763
0.389720258828
0.389182156915
0.388627745762
0.38805484258
0.387461999015
0.386848484289
0.386214165846
0.385559308239
0.384884329903
0.384189570247
0.383475122366
0.382740777366
0.381986105028
0.381210664809
0.380414306103
0.379597484374
0.378761499418
0.377908563924
0.377041643828
0.376164079555
0.375279087632
0.374389322502
0.373496697109
0.372602572199
0.371708232452
0.370815364136
0.369926188838
0.369043097964
0.368167997359
0.367301840841
0.366444735565
0.365596542684
0.364757432044
0.363927840568
0.363107850108
0.362296662177
0.361492840473
0.360695133377
0.359902907006
0.359115647175
0.358332253846
0.357551179984
0.356771211103
0.355991662326
0.355211716898
0.354430130998
0.353645876445
0.352858447117
0.352067145603
0.351270767549
0.350468272475
0.349658907624
0.348841686831
0.348015808483
0.347181230922
0.346338173804
0.345487118518
0.344629270642
0.343766045702
0.34289905077
0.342030290668
0.341161414725
0.340293698836
0.339427805392
0.338563520283
0.337700188777
0.33683650376
0.335971044822
0.335102396097
0.334229595337
0.333352087363
0.332469649859
0.331582129874
0.33068940449
0.329791003278
0.328886045279
0.32797328485
0.327051427889
0.326119305872
0.32517611022
0.324221518027
0.323255534851
0.322278261978
0.321289494526
0.320288371637
0.319273239644
