0.298043022336
0.297969670746
0.29782634204
0.297615600792
0.297339274267
0.296998512631
0.296593838824
0.296125190045
0.2955919528
0.294992993557
0.294326687236
0.293590946101
0.292783252168
0.291900696952
0.290940033406
0.289897746242
0.288770148524
0.287553514567
0.286244261661
0.284839195991
0.283335840883
0.281732867698
0.280030650036
0.278231958449
0.276342802305
0.274373402993
0.272339241805
0.270262059347
0.268170585629
0.266100653727
0.264094216207
0.262196696922
0.260452171524
0.258896215448
0.257547009488
0.256396433761
0.255404098674
0.254497871881
0.253583600759
0.252563920115
0.251361872473
0.249941474283
0.248316806081
0.246545017692
0.244705505484
0.242873703929
0.24109972803
0.239398708091
0.237753736264
0.236127608504
0.2344779108
0.232770893146
0.230991288337
0.229146476722
0.227263964376
0.225381789612
0.223533384638
0.221732098552
0.21996420155
0.218198061817
0.216407625101
0.214594941337
0.212792879879
0.211043817565
0.209371593838
0.207770467858
0.206219397058
0.204707964946
0.203250521639
0.201874599394
0.200593339362
0.19939163002
0.198245227183
0.197150851127
0.196126123377
0.195179765329
0.19429698577
0.193460461696
0.192671746236
0.191937798044
0.191244891412
0.190567359259
0.189897362659
0.189238897195
0.188580736382
0.187906508167
0.187217903701
0.186518719536
0.185799382118
0.185058972673
0.184304334588
0.183529595209
0.182733585323
0.181922547027
0.181091017882
0.180239372035
0.179371546453
0.178484137134
0.177582989325
0.176669965852
0.175749513012
0.174828640312
0.173908265313
0.172991668886
0.17207325706
0.171149405073
0.170210981151
0.169254578541
0.168277249989
0.167279459389
0.166262625233
0.165223830315
0.164157467299
0.163056150254
0.161912897019
0.160724816179
0.15949260552
0.158216970102
0.156895759234
0.155526704439
0.154123388869
0.152822255542
0.153031654943
0.166890980723
0.202122549633
0.211206822945
0.163898177033
0.194202435511
0.184800827049
0.155864974401
0.189020881229
0.19574352086
0.176795240343
0.150997627124
0.160332992743
0.188001661872
0.188622659662
0.165508246814
0.151190813222
0.154508541114
0.163931888185
0.171538456836
0.175676031775
0.17576758178
0.172175802299
0.165733976357
0.158029260443
0.151390246653
0.148235289697
0.149545504865
0.153486754902
0.156257481261
0.155166529714
0.150731233453
0.146144955492
0.1441671607
0.144935384897
0.1465566381
0.14704914822
0.145607639346
0.142785292354
0.140261282678
0.139602832018
0.14046345308
0.140613596989
0.138859926688
0.136660638211
0.135931871386
0.136265140911
0.135948061159
0.134492230557
0.13334508022
0.133556002247
0.133607848335
0.132547496961
0.132005043308
0.132370750479
0.132160343647
0.131433291349
0.131479625706
0.131565655411
0.130946731465
0.130766410012
0.130793687382
0.130306377184
0.130029519404
0.129983241231
0.1295265682
0.129313814534
0.129138005209
0.128722626822
0.128566223758
0.128249430258
0.127945448469
0.127725053221
0.127344208585
0.127111323964
0.126725680124
0.126444697789
0.126065018783
0.125745467159
0.125345597342
0.124994836553
0.124557951985
0.124171981046
0.12370783368
0.123258353238
0.122794274484
0.122276374126
0.121769212467
0.121244121642
0.120669530594
0.120063824946
0.119441486721
0.118798509916
0.11813504321
0.117484660323
0.117008011395
0.117784499595
0.123378577856
0.124059466495
0.113415140896
0.123890798331
0.115298760888
0.116687246301
0.115018578269
0.110009984036
0.113996784028
0.108243021975
0.110280722994
0.112487568726
0.105813809291
0.110179350537
0.10609839931
0.106261926018
0.105928445658
0.102738777943
0.104530944841
0.10189526078
0.101801382137
0.102674200561
0.100031944428
0.100304291786
0.101123773291
0.0985816032992
0.0982851322652
0.0995592686439
0.098272753981
0.0969007120107
0.095820993544
0.0953229442027
0.0953236575812
0.0960608556524
0.0996581013576
0.102745411874
0.118135427603
0.0980724321183
0.135927699031
0.0933767061243
0.116016895194
0.112234312457
0.0941195955501
0.113892004908
0.106326292684
0.0935157579212
0.106306103311
0.109134445053
0.0962457285356
0.0915438932596
0.103263897323
0.100831618219
0.0895125348836
0.0930755262456
0.0987227278175
0.0974622991132
0.0908608345676
0.0882345938877
0.0928813260885
0.0958598163131
0.0918883084789
0.08749605365
0.0883824523453
0.0912393234001
0.0913702835873
0.0886640729762
0.0867005314999
0.0879395182926
0.0894419017727
0.0881592942964
0.0864233214627
0.0869121788461
0.0879514303274
0.0874374199997
0.0861753435157
0.0862427741389
0.0870179732664
0.0865536626849
0.0857262011281
0.0860045763069
0.0863384074168
0.0858184504931
0.0854121431438
0.085734585333
0.0856806533448
0.0851989587222
0.0852707873632
0.0853775267104
0.0850332230445
0.0849168369111
0.0850330681082
0.0847887467175
0.0846491539223
0.0847056462772
0.0845047335789
0.0843849865908
0.0843900463447
0.0841934192311
0.0841268466422
0.0840590079634
0.0838860255619
0.0838467978472
0.0836890448651
0.0835960188181
0.0834788145921
0.0833418721158
0.0832370492043
0.0830828454677
0.0829674050706
0.0828064706379
0.0826696718248
0.0825091187467
0.0823414065081
0.0821837360216
0.0819869734238
0.0818113568326
0.0816137229068
0.0813939184565
0.0811813675359
0.080957662015
0.0807094610737
0.0804435148971
0.0801655766092
0.0798752291472
0.0795717749565
0.0792589674345
0.0789592748942
0.0788098470387
0.0799304673491
0.0913718030774
0.0850054944812
0.0813519997935
0.0777746486036
0.0767350494152
0.0771611153578
0.0798159412576
0.091566172809
0.0752991004552
0.0878326603735
0.0790255993396
0.081455253936
0.0788382567388
0.0753090920822
0.0801477058464
0.0773979769182
0.0768769323634
0.0755516011902
0.0767187734785
0.0748331032254
0.0762438356894
0.0725819439789
0.0757434683944
0.0743446128549
0.0728973386792
0.0741463369213
0.0719278757022
0.0735401844618
0.0710249209091
0.0729121352381
0.0708373138066
0.0719928530171
0.0704583991598
0.0712497748434
0.070433675163
0.0704639942546
0.0703098945163
0.0696831083112
0.0701987182964
0.0692616809983
0.0697662588586
0.0693259900198
0.0689251593715
0.0693286508727
0.0687797385364
0.0684542634284
0.0687634539989
0.0685233861282
0.0679583018554
0.0678887037635
0.0681355228857
0.0681195355774
0.0680802170975
0.0680168656518
0.0687561933824
0.0702067018839
0.0757252548407
0.0663824765213
0.0743967634011
0.0670852365602
0.0709186648257
0.0658462380938
0.0696332700457
0.0685302005273
0.0656627768618
0.0689064969898
0.0677228659723
0.0649243027837
0.0671883631527
0.0666571162214
0.0646483844695
0.0663845468654
0.0656492342612
0.0644368199364
0.0658092093486
0.0645515070205
0.0645930598726
0.0651045748186
0.0639828616331
0.0646183289937
0.0642322268917
0.0639149085915
0.0642939654044
0.06360618485
0.0640150517414
0.0635707309697
0.0636428470544
0.0635605835193
0.0633344507375
0.0634265927253
0.0631289836875
0.0632449413357
0.0629520290999
0.0630539792797
0.0627930672433
0.0628519473967
0.0626308937103
0.0626515541323
0.0624732478713
0.0624387566946
0.0623243540514
0.0622067179843
0.0621676871812
0.0620021226849
0.0619332380431
0.0618554919954
0.0616979250604
0.0615838979906
0.0615096596929
0.0614135821077
0.061298198658
0.0611826754628
0.0611265916267
0.061284903209
0.0622876248163
0.0653010749605
0.0626671175772
0.0603563742589
0.0636648500597
0.0603127071557
0.0617100819806
0.0607699688529
0.0598419647456
0.0611926487168
0.0593530936737
0.0600994823683
0.0603596359682
0.0588849781784
0.0599512748629
0.0599515772868
0.0585077995636
0.0594400065662
0.0598500794963
0.0582483553818
0.0585143266
0.0594190708602
0.0583587805547
0.0576269437531
0.0578998577342
0.0583762217194
0.0584520247693
0.057619400891
0.0570645307467
0.0568370921552
0.0568543977631
0.0572051580597
0.0580797475952
0.0607698911224
0.0562320956054
0.0587384897058
0.0563674341913
0.0574294817448
0.05632567303
0.0562152794299
0.0567822018221
0.055373884431
0.0567864817657
0.0553992330285
0.0554878186788
0.0558780245926
0.0547559272788
0.0552455377414
0.0550637136145
0.054425258383
0.0546700862886
0.0546782639252
0.0541793074898
0.0540764012543
0.0542917343894
0.0542550876265
0.0539052673373
0.0536251970284
0.0534527375988
0.0533508134202
0.0533302732382
0.0536409731231
0.0555522037484
0.0627192236387
0.0609727197865
0.052644137333
0.0592584311689
0.0550862518468
0.0547172112666
0.0579527385466
0.0539293747678
0.0566178235225
0.0588098423166
0.0517684203804
0.0581333113676
0.0561194634345
0.0518011609816
0.0565340463895
0.0565779670404
0.0519036515531
0.0528152550757
0.0555094301576
0.0536755630632
0.0511247383158
0.0523411309112
0.0537741948271
0.0524121969577
0.0509112061689
0.0519806513464
0.0525819473872
0.0511983413642
0.0509457394742
0.0518481262222
0.051467021337
0.0506696623443
0.0511929448708
0.0513170945851
0.0506250329096
0.0508153222658
0.0510726414056
0.0505964608159
0.0505754966988
0.0508209308089
0.0504759169015
0.0504678263314
0.0506072189822
0.0503409307368
0.0503870195322
0.0504233791026
0.0502192389466
0.0503059910688
0.0502423601748
0.0501321262647
0.0501994985733
0.0500672154021
0.050074199638
0.0500407603288
0.0499556006959
0.0499750283418
0.0498735649531
0.0498810954846
0.0498053680673
0.0497808864316
0.04972790243
0.0496865708133
0.0496383330547
0.0495943344971
0.0495377044062
0.0494998245489
0.0494300992495
0.0493948306512
0.0493237213328
0.0492685152596
0.0492166075061
0.0491410252996
0.0490751294116
0.0490163981233
0.0489457923699
0.0488645128103
0.0487808798344
0.0486964822753
0.0486099368207
0.0485199921277
0.0484261251448
0.0483285395758
0.0482309731113
0.0481708260593
0.048565578203
0.0538430506233
0.0587371305053
0.0484292400138
0.0521406458737
0.0477553501618
0.051096340918
0.0473964126977
0.0495821792752
0.0500042327337
0.047077866588
0.0489944491968
0.0499730511316
0.047230935395
0.047508406435
0.049002642577
0.0475881881579
0.0467034061974
0.0480434491871
0.0473228493514
0.0465114243617
0.0474461409083
0.0469620421399
0.0463787825599
0.0470811660218
0.0465028781752
0.0463823625764
0.0467333356492
0.0461680191047
0.0464082579764
0.046330783342
0.0460604384569
0.0463098891265
0.0459596258264
0.046112083375
0.0459654378637
0.0459048887465
0.0459260222916
0.0457552789167
0.0458368602451
0.0456512672676
0.0457222764811
0.0455579292088
0.0456058605413
0.0454621774669
0.0454885193301
0.0453603778491
0.0453719099111
0.0452529390881
0.0452487549951
0.0451471270737
0.0451101562808
0.0450497371964
0.044960352083
0.0449276107833
0.0448469879621
0.044758342968
0.044707342004
0.0446485534673
0.0445620985541
0.044469434801
0.0443798137772
0.0442927007109
0.0442045006715
0.0441135813109
0.0440192776684
0.0439213901364
0.0438207172039
0.0437269323544
0.0437604996247
0.0453190805623
0.0639415123018
0.0682709646937
0.0440192580249
0.0551491742891
0.0432941467668
0.0542019222433
0.0447968593306
0.0485218327036
0.0540611452247
0.0475933742473
0.042960653311
0.0493303208583
0.0512734058533
0.0447292372941
0.0429713267832
0.0471267361769
0.0492050525447
0.0476984106074
0.0441802617882
0.0422165649676
0.0435090982365
0.0456132225363
0.0461854669294
0.0447456767653
0.042775888021
0.0420482930704
0.0428008764906
0.0438247519642
0.0439624496888
0.0431297504488
0.0421564371285
0.0419536909453
0.0425080995146
0.0429371879529
0.0426599025001
0.0420404480075
0.0418246195837
0.0421214969528
0.0423766144478
0.0422116968732
0.0418509079733
0.0417644801044
0.0419726860909
0.0420558976411
0.0418628828115
0.0416938533734
0.0417644856925
0.0418705549798
0.0417950526658
0.0416524843152
0.0416581118249
0.041736760419
0.041697830715
0.041596155997
0.0415971319323
0.0416436636379
0.0416044483841
0.0415356906102
0.041544910268
0.0415621555015
0.0415135936516
0.0414770331281
0.0414911966952
0.0414765356761
0.0414323193415
0.0414269053573
0.0414226043216
0.0413849053001
0.0413713263479
0.0413629826879
