0.318987167253
0.318979439158
0.31896438655
0.318942370296
0.31891371186
0.318878696522
0.318837576495
0.318790573913
0.318737883701
0.318679676296
0.31861610025
0.318547284693
0.31847334168
0.318394368414
0.318310449365
0.318221658283
0.318128060116
0.318029712832
0.317926669172
0.317818978307
0.317706687434
0.317589843288
0.317468493598
0.317342688456
0.317212481628
0.317077931782
0.316939103649
0.316796069088
0.316648908077
0.316497709597
0.316342572415
0.31618360576
0.316020929865
0.315854676382
0.31568498865
0.315512021808
0.31533594274
0.315156929843
0.314975172611
0.314790871021
0.314604234718
0.314415481996
0.314224838568
0.31403253612
0.313838810669
0.313643900709
0.313448045162
0.31325148115
0.313054441594
0.312857152665
0.312659831097
0.312462681396
0.312265892964
0.312069637164
0.311874064352
0.311679300918
0.311485446346
0.311292570328
0.311100709964
0.310909867063
0.310720005574
0.310531049156
0.310342878908
0.310155331269
0.309968196087
0.309781214864
0.309594079174
0.309406429239
0.309217852662
0.3090278833
0.308836000263
0.308641627015
0.30844413058
0.308242820829
0.308036949836
0.307825711328
0.307608240197
0.307383612138
0.307150843407
0.306908890774
0.306656651723
0.306392964979
0.30611661147
0.305826315823
0.305520748512
0.305198528761
0.304858228268
0.304498375746
0.304117462183
0.303713946492
0.303286261007
0.30283281585
0.302352000744
0.3018421822
0.301301693384
0.30072881328
0.30012173141
0.299478494429
0.298796931987
0.298074561618
0.297308476598
0.29649522661
0.295630708117
0.294710087725
0.293727784929
0.29267753712
0.291552557746
0.290345779462
0.289050155104
0.287658982127
0.28616623308
0.28456691906
0.282857570603
0.281036955252
0.279107112892
0.277074637147
0.274951867409
0.272757382437
0.270515128553
0.268251936877
0.265994079585
0.26376426122
0.261580063504
0.259453316111
0.257388870769
0.255382490476
0.253419862027
0.25147905586
0.249536314786
0.247572406732
0.245576537248
0.243546979346
0.24148989723
0.23941785561
0.237347178024
0.2352922262
0.233257771707
0.231234388797
0.229200346248
0.227128491119
0.224994651931
0.222785413606
0.220503069442
0.218165065912
0.21579820271
0.21343079619
0.211085172222
0.208772784393
0.206494856155
0.204246765908
0.202021457949
0.199811274267
0.197608278898
0.195403158038
0.193185596449
0.190945123457
0.188670034445
0.18634461576
0.183945077032
0.181438239514
0.178783771118
0.175938673482
0.172863147531
0.169525746409
0.165908010744
0.16200605498
0.157830437614
0.153405755406
0.148763723207
0.143933865836
0.138941034705
0.133795202065
0.128491915744
0.122997153722
0.117341094611
0.112428696579
0.127348178966
0.223215134263
0.26475234119
0.252755773249
0.196799170226
0.126396031522
0.279068169077
0.124360726505
0.16421585595
0.197259343401
0.221059402181
0.231836262314
0.233879592737
0.229314170229
0.220070051404
0.207491824357
0.190655223657
0.168958150854
0.150135636742
0.142422568181
0.142025922926
0.143995698191
0.145312138396
0.144109281207
0.138908476303
0.128981248503
0.117979585606
0.110553652069
0.106250308304
0.103066660335
0.100353548881
0.0983366648008
0.0971989038787
0.0967947159186
0.0968098320376
0.0969556160589
0.0970836443849
0.0971668017744
0.0971468589357
0.0968543398822
0.0961410499259
0.0950131894783
0.0936024265353
0.0920091992427
0.090190317898
0.087964595172
0.0850737734805
0.0812939107838
0.0767421170849
0.0720736982341
0.0677674345812
0.0644736609397
0.0625542606178
0.0609555655624
0.0588186263986
0.0551826341465
0.0503765695629
0.0455489814152
0.0421631070835
0.0400973758846
0.0388608060374
0.0377011541759
0.036089453589
0.0339605975225
0.0316467931373
0.0294573341615
0.0277973256366
0.0272647365035
0.0322012283109
0.023228022951
0.0227516711362
0.0266753397797
0.0200835984228
0.0246518911481
