1.06411407886
1.06386893242
1.0633910316
1.06269105011
1.06177808567
1.06065978951
1.05934248397
1.05783126917
1.05613011965
1.05424197202
1.05216880427
1.0499117077
1.04747095219
1.04484604548
1.0420357872
1.03903831828
1.03585116627
1.03247128728
1.02889510498
1.02511854718
1.02113708057
1.01694574406
1.01253918117
1.00791167197
1.00305716499
0.997969309609
0.992641489219
0.987066855814
0.981238366246
0.975148820695
0.968790903735
0.962157228446
0.955240383972
0.94803298695
0.940527737192
0.932717477991
0.924595261403
0.916154418788
0.907388636878
0.898292039537
0.888859275336
0.879085610922
0.868967030087
0.858500338254
0.84768327197
0.836514612785
0.824994304671
0.813123573912
0.800905050122
0.788342886755
0.775442879168
0.762212578019
0.748661395416
0.734800701006
0.720643904872
0.706206523922
0.691506228293
0.676562864219
0.661398449884
0.646037140923
0.630505162609
0.614830706224
0.599043787797
0.583176068267
0.567260635104
0.551331746624
0.535424541477
0.519574717156
0.503818182661
0.488190691786
0.472727464548
0.457462805243
0.442429726178
0.427659586435
0.413181754849
0.399023305901
0.385208756266
0.371759848482
0.358695386619
0.346031127039
0.33377972541
0.32195073925
0.310550683424
0.299583134418
0.289048877856
0.278946092683
0.269270564781
0.260015922466
0.251173886345
0.24273452634
0.234686519275
0.22701740119
0.219713809438
0.212761710578
0.206146611061
0.199853748605
0.193868263029
0.188175346064
0.182760370289
0.177608997859
0.172707270104
0.168041679352
0.163599224504
0.159367452039
0.155334484086
0.151489035248
0.147820419741
0.144318550336
0.140973930479
0.137777640814
0.134721321231
0.131797149404
0.128997816688
0.126316502096
0.123746845017
0.121282917199
0.118919194466
0.116650528563
0.114472119459
0.11237948838
0.110368451818
0.108435096697
0.10657575688
0.10478699114
0.103065562709
0.101408420498
0.0998126820569
0.0982756183187
0.0967946401562
0.0953672867658
0.0939912158605
0.0926641956434
0.0913840985093
0.0901488963973
0.0889566577011
0.0878055456148
0.0866938177726
0.0856198270138
0.0845820230822
0.0835789550419
0.0826092741665
0.0816717370367
0.0807652085562
0.079888664579
0.079041193825
0.0782219987575
0.0774303950976
0.0766658096704
0.0759277763097
0.0752159296019
0.0745299963247
0.073869784526
0.073235170307
0.0726260824984
0.0720424855557
0.0714843611368
0.0709516889466
0.070444427533
0.0699624957842
0.0695057558893
0.0690739984936
0.0686669306898
0.0682841673447
0.06792522609
0.067589526096
0.0672763905441
0.0669850525108
0.0667146638098
0.0664643062082
0.0662330043527
0.0660197397177
0.0658234649036
0.065643117677
0.0654776342378
0.0653259613056
0.0651870667376
0.065059948502
0.0649436419371
0.0648372253113
0.0647398237683
0.0646506117937
0.064568814366
0.0644937069757
0.0644246146958
0.0643609104794
0.0643020128482
0.064247383114
0.0641965222544
0.0641489675431
0.0641042890095
0.0640620857829
0.0640219823562
0.0639836247809
0.0639466767927
0.0639108158413
0.0638757289844
0.0638411085833
0.0638066477147
0.0637720351856
0.0637369500058
0.0637010551287
0.063663990215
0.0636253631001
0.0635847395464
0.0635416307252
0.0634954776833
0.0634456317921
0.0633913298054
0.0633316616353
0.063265528207
0.0631915856811
0.0631081707631
0.0630131995309
0.0629040288446
0.0627772644673
0.0626284928811
0.0624519037319
0.0622397567078
0.0619816325764
0.061663403018
0.0612658913612
0.0607633763742
0.0601226871387
0.0593053091839
0.0582788628665
0.0570506819935
0.0557345401475
0.0546102900509
0.054013156872
0.0539610393642
0.0539893341253
0.0536778891122
0.0530327989207
0.0523381184131
0.051830429309
0.051578214525
0.0515115839536
0.0515026703822
0.0514443264337
0.0512956985118
0.0510867535361
0.0508870250487
0.050753038303
0.050687264057
0.0506419804354
0.0505639720121
0.0504385870677
0.0502954455026
0.0501754869174
0.0500936032871
0.0500309237281
0.0499583196231
