0.783305743258
0.783277958845
0.783223800758
0.783144490483
0.78304107575
0.782914444681
0.782765338672
0.782594364097
0.782402002923
0.782188622316
0.781954483328
0.781699748742
0.781424490159
0.781128694399
0.780812269293
0.780475048934
0.780116798468
0.779737218479
0.779335949053
0.778912573574
0.778466622333
0.777997576009
0.777504869081
0.776987893257
0.776446000952
0.775878508896
0.775284701908
0.774663836882
0.774015147022
0.773337846334
0.772631134395
0.771894201372
0.77112623327
0.770326417359
0.769493947717
0.768628030798
0.76772789095
0.766792775775
0.765821961233
0.7648147564
0.763770507792
0.762688603187
0.761568474881
0.760409602324
0.75921151407
0.757973788975
0.756696056493
0.755377995916
0.754019334285
0.752619842644
0.751179330228
0.749697636152
0.748174618165
0.746610138139
0.745004044093
0.743356148836
0.741666205527
0.73993388082
0.738158726428
0.736340150196
0.7344773878
0.732569476266
0.730615230548
0.728613224583
0.726561778617
0.724458955139
0.722302566409
0.720090197049
0.717819245239
0.715486985571
0.713090655593
0.710627566731
0.708095239042
0.705491558331
0.702814953276
0.700064588778
0.697240568874
0.694344137899
0.691377862804
0.68834577406
0.685253439024
0.682107940459
0.678917734193
0.675692364182
0.67244202345
0.669176968802
0.665906825935
0.662639854415
0.659382271978
0.656137760463
0.652907285266
0.649689340009
0.646480658915
0.64327732419
0.640076070496
0.636875496736
0.633676868109
0.630484255867
0.6273039283
0.624143129004
0.62100857734
0.617905136738
0.614835064033
0.611798057256
0.60879203673
0.6058143282
0.602862745193
0.599936084688
0.59703377121
0.594154742584
0.5912960684
0.588452005259
0.585614044118
0.582772009088
0.579915684026
0.577036143248
0.574126130976
0.571179435749
0.568189858654
0.565150588468
0.562054337089
0.558893857783
0.55566216619
0.55235221195
0.548956488943
0.545467380428
0.541878378157
0.538185196228
0.534385676583
0.530478477644
0.526461659088
0.52233208466
0.51808539367
0.513715605085
0.509215031614
0.504579735774
0.499935029708
0.497970705031
0.552962613259
0.609919182881
0.618998671737
0.601798219197
0.599857229349
0.560729075091
0.519373642471
0.699701804694
0.518991060716
0.588310433406
0.501164730954
0.541623496922
0.571071017179
0.463153001098
0.500461454446
0.557826366849
0.570819279662
0.534983908017
0.471553061795
0.44932600845
0.497931887158
0.533054220833
0.516557076185
0.468245534022
0.440502755458
0.450245447154
0.472901066403
0.488872497563
0.489798152487
0.476198480912
0.454470661395
0.436615735341
0.434009040803
0.445580215247
0.455786062553
0.451911208908
0.438032501301
0.428741155167
0.430531295621
0.437084176458
0.43967020821
0.435397276466
0.427872302637
0.423979178813
0.42642991641
0.429710109007
0.427799437591
0.422641930074
0.420486918387
0.422161089479
0.423216386397
0.421100000184
0.417927707093
0.417256548931
0.418376101509
0.417614831177
0.415159048214
0.414302906928
0.414789946859
0.413999645729
0.41215751696
0.411581634708
0.411624971358
0.41036507881
0.409170816589
0.409017450421
0.408212996621
0.406955226564
0.40656302583
0.405751953895
0.404604829293
0.404104289529
0.403060031423
0.402108284084
0.401374919776
0.400179135127
0.399399405827
0.3982142639
0.397255772589
0.396080481075
0.394989380841
0.393753612743
0.392578672441
0.391222934761
0.389983165492
0.388513889633
0.387140369978
0.385651236224
0.384044215841
0.382483563378
0.380838467403
0.379054100489
0.377202874959
0.375306765072
0.373358323975
0.371384432902
0.369591804767
0.369502600954
0.382103951572
0.486892113751
0.361683293218
0.561249390169
0.468938157585
0.51637225644
0.374543173094
0.510656022418
0.464665607225
0.382960177868
0.483316773683
0.48478654641
0.391915724214
0.376964757226
0.454259825219
0.414537458833
0.353565609322
0.388734524483
0.431212192148
0.438146889486
0.406563853733
0.361165053293
0.347039717573
0.37633631628
0.406872495859
0.410049436375
0.38413910379
0.353011860225
0.340700981271
0.349270227124
0.364277479409
0.375052443842
0.376076755691
0.367453211205
0.353304032931
0.340706360123
0.336220664427
0.340999748993
0.348903888465
0.351756716064
0.34693190761
0.338732883424
0.333796402881
0.334641580364
0.338393473269
0.340641569927
0.33923782768
0.335203567073
0.33176289192
0.331441915038
0.333415274231
0.33444788299
0.332882972634
0.330296682503
0.329255054147
0.330032049122
0.330727601275
0.32996601238
0.328319685978
0.327448484279
0.327802496195
0.328022653442
0.327166912376
0.326056339702
0.325789561497
0.325941786527
0.325513288567
0.324616905878
0.324167391406
0.324143627181
0.323691313767
0.322948932799
0.322636002586
0.32240538908
