0.858632926798
0.858632398964
0.858631369698
0.858629861448
0.858627893042
0.858625479978
0.858622634687
0.858619366762
0.858615683164
0.8586115884
0.858607084683
0.858602172069
0.858596848576
0.858591110288
0.858584951442
0.858578364501
0.85857134022
0.858563867686
0.858555934366
0.858547526131
0.858538627271
0.858529220515
0.858519287024
0.858508806389
0.85849775662
0.858486114121
0.858473853669
0.858460948379
0.858447369665
0.858433087193
0.858418068837
0.858402280613
0.858385686628
0.858368249003
0.858349927808
0.858330680976
0.858310464227
0.858289230971
0.85826693222
0.858243516484
0.858218929661
0.858193114935
0.858166012648
0.85813756018
0.858107691823
0.858076338637
0.858043428314
0.858008885028
0.857972629274
0.857934577716
0.857894643009
0.857852733628
0.857808753683
0.857762602734
0.857714175588
0.857663362098
0.857610046955
0.857554109464
0.857495423323
0.857433856391
0.857369270449
0.857301520951
0.857230456778
0.857155919978
0.857077745504
0.856995760944
0.856909786252
0.856819633471
0.856725106458
0.856626000602
0.856522102545
0.856413189908
0.856299031016
0.856179384625
0.856053999667
0.855922615
0.855784959163
0.855640750165
0.855489695282
0.855331490883
0.855165822287
0.854992363655
0.854810777925
0.854620716797
0.854421820771
0.854213719257
0.853996030751
0.853768363112
0.85353031392
0.853281470952
0.853021412785
0.852749709536
0.852465923748
0.852169611465
0.851860323485
0.851537606826
0.851201006424
0.850850067078
0.850484335666
0.850103363646
0.849706709874
0.849293943736
0.848864648625
0.848418425754
0.847954898325
0.847473716037
0.846974559916
0.846457147442
0.845921237922
0.845366638048
0.844793207538
0.84420086475
0.843589592117
0.842959441199
0.84231053714
0.841643082233
0.840957358286
0.8402537274
0.839532630761
0.838794584974
0.838040175471
0.837270046485
0.836484887136
0.835685413172
0.834872344046
0.834046375104
0.833208144885
0.832358197754
0.831496942416
0.830624607224
0.82974119355
0.828846428952
0.827939722173
0.827020122379
0.826086285147
0.82513644774
0.824168415912
0.823179563934
0.822166848669
0.821126837386
0.820055747621
0.818949495976
0.817803751363
0.816613987233
0.815375526859
0.814083576206
0.812733240399
0.811319522388
0.809837306116
0.808281330899
0.806646168405
0.804926217649
0.803115735935
0.801208923562
0.799200076351
0.797083812163
0.794855365337
0.792510927573
0.790047997231
0.787465685326
0.784764920956
0.781948507958
0.779021013977
0.775988524231
0.772858357599
0.769638900378
0.766339727301
0.762972111166
0.759549856913
0.756090177323
0.752614172072
0.74914652026
0.745714296746
0.74234522201
0.739065842212
0.73589989889
0.732866677194
0.729978989533
0.727241064044
0.724647513127
0.722184548039
0.71983310372
0.717571940241
0.715379269475
0.713233679875
0.711115860274
0.709010476418
0.706906015106
0.704792641044
0.702660776842
0.700501277306
0.698305035319
0.696062009201
0.693762641526
0.691401273668
0.688978046949
0.686499447259
0.683978694219
0.681433139859
0.678878844415
0.676326510251
0.673778461022
0.671227249205
0.668658065984
0.666051463968
0.663386936693
0.66064710383
0.657818727257
0.654892579264
0.651860886132
0.648715630472
0.645447977571
0.642048240184
0.638504958687
0.634802765254
0.630920610724
0.626832545149
0.622512366576
0.617941202638
0.613110836428
0.608019541507
0.602664202402
0.597035501241
0.591120752426
0.584911077677
0.578404096239
0.571602239315
0.564508585271
0.557124767714
0.549470533177
0.541952547088
0.54051442767
0.626588836845
0.531045069841
0.50898211827
0.522779362672
0.608222817807
0.687423669099
0.783349760656
0.753724653557
0.672456518442
0.682134226632
0.717175246451
0.638337582857
0.532121197008
0.54315982189
0.534785937228
0.579943668341
0.587541835029
0.497071511319
0.508051847064
0.512062239016
0.512693191973
0.515591840025
0.483528113517
0.443583591552
0.441901738537
0.45301834916
0.464859837618
0.447564515518
0.418769023331
0.412668819185
0.422841702089
0.428299685848
0.411467320215
0.400494092453
0.401753215591
0.403044400717
0.392577234797
0.386962450672
0.387372768467
0.384214884195
0.376641413187
0.375857713084
0.3761468277
0.368187146109
0.362864616127
0.364019713997
0.359863697825
0.35305005651
0.351823264915
0.348495933014
0.344590302809
0.341999739377
0.336722873896
0.334320778262
0.329976361353
0.325435407042
0.322372002837
0.317530612028
0.314567979132
0.313625827519
0.33795337591
0.313423004556
0.297476160646
0.292799278382
0.292281112145
0.309744835118
0.281788193767
0.291052597522
0.312955229784
0.28494897305
0.313040145061
0.280517607895
0.286077560782
0.295036833264
0.253808604493
0.29410678031
0.253838612788
0.262961177343
0.270655243331
0.243184609734
0.261033571463
0.261565389461
0.236587389639
0.249975625418
0.259989989871
0.250952455563
0.23411693657
0.232324102836
0.242774901887
0.245012090199
0.234606923418
0.226346594683
0.228450878185
0.233494308951
0.232743551787
0.226202287359
0.221804592891
0.224274928939
0.226825532693
0.223353047795
0.219286834279
0.220012535203
0.221727090387
0.220139943288
0.217127012571
0.216874368846
0.217923991766
0.216412539099
0.21439705112
0.214668296228
0.214752114419
0.213087459276
0.212002184853
0.212237596691
0.21139845049
0.210033861222
0.209832706401
0.20926576577
0.207996221369
0.207583316218
0.206914017559
0.205749228263
0.205276773529
0.204316644641
0.203355848767
0.202676006536
0.201507764119
0.200751753177
0.199612706956
0.19866015512
0.197544475106
0.196448585486
0.195270219226
0.194089684455
0.192791528561
0.191549235679
0.190116620206
0.188784695215
0.187273201838
0.185744267691
0.184218422184
0.182544748662
0.180816415842
0.179091417861
0.177306964701
0.175435648116
0.173506703453
0.171571103147
0.169856646355
0.169352957771
0.177577666761
0.168728730633
0.161313193919
0.15890382472
0.16088584288
0.1675154217
0.152269599231
0.164440574726
0.148491431735
0.156212364882
0.146703371416
0.147945632888
0.146020799947
0.141921278895
0.144011992916
0.137485678728
0.141088571002
0.134889466983
