1.0, 0.61630200542
1.0, 0.453911578248
-1.0, -0.363494825047
-1.0, -0.147233357318
1.0, 0.799854095309
1.0, 0.733828666096
1.0, 0.889827478246
1.0, 0.638431298153
-1.0, -0.853353176367
1.0, 0.651531662944
-1.0, 0.133738450737
1.0, 0.638907009815
-1.0, -0.956623490865
-1.0, -0.825759625804
-1.0, -0.991762123224
1.0, 0.806562757499
1.0, 0.889476533225
-1.0, -0.63709688607
-1.0, -0.348842225745
-1.0, -0.826286565747
-1.0, -0.584917326753
1.0, 0.373135179416
1.0, 0.990914326589
-1.0, -0.285172784825
-1.0, -0.242383675698
1.0, 0.917315139974
-1.0, -0.785755061556
-1.0, -0.601035833014
-1.0, -0.879711321808
1.0, 0.899373717246
1.0, 0.7784020966
1.0, 0.500386778364
1.0, 0.800666515389
-1.0, -0.996541889149
-1.0, -0.19684757144
1.0, 0.957857792221
-1.0, -0.333083350744
1.0, -0.241517904249
1.0, 0.445152057748
1.0, 0.767269540128
1.0, 0.349196414447
1.0, 0.608313641824
1.0, 0.789451182911
1.0, 0.274745106654
-1.0, -0.128809542669
1.0, 0.877575966301
-1.0, -0.953833736152
-1.0, -0.478927324162
-1.0, -0.976631022369
-1.0, -0.227786928078
1.0, 0.801208454173
1.0, 0.823437073253
-1.0, -0.984005371208
-1.0, -0.808956202084
-1.0, -0.389661277169
-1.0, -0.389738112404
1.0, 0.593153613624
1.0, 0.619374785137
-1.0, -0.682867212547
1.0, 0.275331001989
1.0, 0.984249843097
1.0, -0.0823638167477
1.0, 0.675765707211
1.0, 0.434404780476
1.0, 0.655268530301
1.0, 0.73877707658
-1.0, 0.227346585192
1.0, 0.999894702009
1.0, -0.235126069743
1.0, 0.616694109906
-1.0, -0.549166916977
1.0, 0.998644745366
-1.0, -0.558274020697
1.0, 0.595723934481
-1.0, -0.984577608902
1.0, 0.750649136111
1.0, 0.942630411071
1.0, 0.872312051818
-1.0, -0.190203811302
1.0, 0.863785455901
1.0, 0.760287631074
-1.0, -0.316009940907
-1.0, -0.567066128177
-1.0, -0.421911320584
1.0, 0.75114194437
1.0, 0.792172239828
-1.0, -0.86033605915
-1.0, -0.987303730243
-1.0, -0.421709539474
1.0, 0.147713730717
-1.0, -0.791932164245
1.0, -0.919767643793
-1.0, -0.61763955
-1.0, -0.972283575235
1.0, 0.281508859467
-1.0, -0.354232170037
1.0, 0.205366493276
-1.0, -0.503864496746
-1.0, -0.756426128466
-1.0, -0.650562769861
1.0, 0.483728809034
1.0, 0.849044402681
-1.0, -0.847888551548
1.0, 0.160032589716
1.0, 0.594017176251
-1.0, -0.883699062626
1.0, -0.20548855822
1.0, 0.624072808418
-1.0, -0.893992141106
-1.0, -0.6978305158
1.0, 0.175214314914
1.0, 0.937906282739
1.0, -0.0253379043246
-1.0, -0.448178280078
1.0, 0.6859428057
-1.0, -0.768370628812
-1.0, -0.212878013596
-1.0, -0.536408809049
-1.0, -0.868998453001
-1.0, -0.98930315109
-1.0, -0.270323142033
1.0, 0.868955864214
1.0, 0.270104238387
-1.0, -0.401709066556
1.0, 0.736198439321
-1.0, -0.928331190011
-1.0, -0.866795181867
-1.0, -0.942119666205
-1.0, -0.780162488994
1.0, 0.954125751525
-1.0, -0.421748933128
-1.0, -0.601986492683
-1.0, -0.414845031448
-1.0, -0.273534662685
-1.0, -0.69690638922
-1.0, -0.691722328348
1.0, 0.384989666507
-1.0, 0.0774642706215
1.0, 0.470903435195
1.0, 0.148982348481
-1.0, -0.68150016788
-1.0, -0.372805258805
1.0, -0.0943538142534
1.0, 0.42223990847
-1.0, -0.5103383627
-1.0, 0.0521780380478
1.0, 0.420296002749
1.0, 0.623626615878
1.0, 0.323776994311
-1.0, -0.567547628489
-1.0, -0.945342262519
1.0, 0.77514533748
1.0, 0.183513441193
1.0, 0.751146839759
1.0, 0.847836717084
1.0, 0.78693564381
1.0, 0.546939698178
1.0, 0.175089244159
-1.0, -0.245527499115
-1.0, -0.97369813385
-1.0, -0.988017655035
-1.0, -0.627314799293
-1.0, -0.601174123865
-1.0, -0.839693192407
1.0, 0.41528871437
-1.0, -0.981810829572
-1.0, -0.729156027329
1.0, 0.694987314821
1.0, 0.947687103288
1.0, 0.64611527126
-1.0, 0.204917578626
-1.0, 0.307368435571
-1.0, -0.28326887629
1.0, 0.798078619603
-1.0, -0.62924641885
1.0, 0.801671581551
-1.0, -0.666523108055
-1.0, -0.623823416311
-1.0, -0.931074944743
1.0, 0.602782374106
-1.0, -0.493877889405
-1.0, -0.721672255127
1.0, 0.160762345898
-1.0, -0.898441691442
-1.0, -0.96177346699
-1.0, -0.536054157657
-1.0, -0.946699108731
1.0, 0.344431049812
-1.0, -0.567839840302
1.0, 0.968608078127
-1.0, -0.790656012564
1.0, 0.240387285989
-1.0, -0.322028331839
-1.0, -0.714073388732
-1.0, -0.906954341325
1.0, 0.810141607655
-1.0, -0.806195238828
-1.0, -0.204119073013
-1.0, -0.427083651091
-1.0, -0.159259067429
1.0, 0.513506896848
1.0, 0.361887050723
-1.0, -0.876749432782
-1.0, -0.854981359735
-1.0, -0.952755533651
1.0, 0.831352142781
1.0, 0.841832696468
-1.0, 0.390186440902
-1.0, -0.386117711572
-1.0, -0.591827863057
-1.0, -0.627399133687
-1.0, -0.445670461544
-1.0, -0.821757765664
1.0, -0.0385407650815
1.0, -0.0248092685448
1.0, -0.198091161726
-1.0, -0.334243219424
-1.0, -0.858432799993
1.0, 0.954621746265
-1.0, -0.649590738342
-1.0, -0.839114664819
-1.0, -0.98550539395
-1.0, -0.0476722381479
-1.0, -0.915780445076
-1.0, -0.84407698525
-1.0, -0.981090298644
-1.0, -0.302769446868
1.0, 0.57529079971
-1.0, -0.92376061887
-1.0, -0.278729733374
-1.0, -0.563769347691
-1.0, -0.52825438253
-1.0, -0.976677433151
-1.0, -0.962186071726
1.0, 0.230281270125
-1.0, -0.390828764942
-1.0, -0.468267372733
1.0, 0.922266081708
1.0, 0.928148217524
-1.0, -0.804548304201
-1.0, -0.333437957472
1.0, 0.913800288857
1.0, 0.487543235527
-1.0, -0.0962446262884
-1.0, -0.526207509945
1.0, 0.427764388408
1.0, 0.152504065065
1.0, 0.643551451166
1.0, 0.527942799072
-1.0, -0.8190771426
1.0, 0.86773334085
1.0, 0.687189219951
-1.0, -0.102351698912
1.0, 0.392841273561
1.0, 0.784437516232
1.0, 0.0831542679215
1.0, 0.352047420975
1.0, -0.119423562811
-1.0, -0.332584846431
1.0, 0.743473934978
-1.0, -0.760757698943
-1.0, -0.733946146033
-1.0, -0.96335077545
1.0, 0.69853964221
1.0, 0.664430009406
1.0, 0.968301274297
1.0, 0.0533363173939
-1.0, -0.498877704723
-1.0, -0.285972631864
1.0, 0.672777263093
1.0, 0.407685935954
-1.0, -0.042572061443
-1.0, -0.600919521535
-1.0, -0.682717733997
1.0, 0.863125842433
-1.0, -0.718812907886
-1.0, -0.291483249575
-1.0, -0.758215395549
-1.0, -0.0982101115107
-1.0, -0.725935194572
-1.0, -0.947309441508
-1.0, -0.426606547151
-1.0, -0.16431495659
1.0, 0.679961956917
1.0, 0.995242786327
1.0, 0.425847941227
-1.0, -0.453752339942
-1.0, -0.898045582476
-1.0, -0.892501912543
1.0, 0.525073500577
-1.0, -0.83317801227
-1.0, -0.407382310689
1.0, 0.753612610362
1.0, 0.58589193087
-1.0, -0.730730025549
1.0, 0.460868493399
-1.0, -0.794696184159
-1.0, -0.779848579991
-1.0, -0.804995323439
-1.0, -0.702363636005
-1.0, -0.122052862681
-1.0, -0.470268578924
-1.0, -0.663326512873
1.0, 0.832062718849
1.0, 0.994123042884
1.0, 0.53459871642
1.0, 0.55685318519
1.0, 0.94866263954
1.0, 0.513204844051
-1.0, -0.593268908287
-1.0, -0.999702980044
-1.0, -0.8501202197
1.0, 0.43636028589
1.0, 0.964591222347
-1.0, -0.0857488735958
-1.0, -0.638134925554
-1.0, -0.0934416162642
1.0, 0.461151652359
-1.0, -0.507587292566
-1.0, -0.514470384879
1.0, 0.555964797323
1.0, 0.798851957176
1.0, 0.926517728782
1.0, 0.396052718181
-1.0, 0.669389835145
-1.0, -0.686370793848
1.0, 0.136364258839
1.0, 0.998469810182
1.0, 0.415029237875
-1.0, -0.350020638734
1.0, 0.98964497317
1.0, 0.616762648682
-1.0, -0.335180933067
1.0, 0.621113016126
-1.0, -0.939389894356
-1.0, -0.863704089761
-1.0, -0.99036350997
-1.0, -0.706016831324
-1.0, 0.413872183639
1.0, 0.530071791198
1.0, 0.649753713193
1.0, 0.962884221383
-1.0, -0.569452150786
1.0, 0.79645745491
-1.0, -0.946897382313
-1.0, -0.858512627088
-1.0, -0.988914457363
-1.0, -0.738592874809
1.0, -0.856596419348
1.0, 0.155076888103
-1.0, -0.945723105361
1.0, -0.798555961113
-1.0, -0.95675907399
-1.0, 0.0496434354572
1.0, 0.769032792051
1.0, 0.488933190563
-1.0, -0.82016920079
1.0, 0.219368319667
1.0, 0.593873535048
-1.0, -0.645577735993
1.0, 0.365755916913
-1.0, -0.685199227296
1.0, -0.261103568189
-1.0, -0.816298675632
-1.0, -0.542541302295
1.0, -0.211431698656
-1.0, -0.304632984597
-1.0, -0.324859933249
1.0, -0.795664639863
-1.0, -0.142205150099
1.0, 0.511521385886
-1.0, -0.872758762534
1.0, 0.264604626652
-1.0, -0.798923735393
-1.0, -0.491553679972
1.0, -0.454343982865
-1.0, -0.075535813112
-1.0, 0.754463888277
-1.0, -0.556061647866
1.0, 0.553244171603
-1.0, -0.112083838009
-1.0, -0.731924963808
-1.0, -0.853178442143
-1.0, -0.788413283628
-1.0, -0.641668189658
1.0, 0.630593297983
1.0, 0.922183585723
-1.0, -0.684899631609
-1.0, 0.0255117566205
-1.0, 0.145524959323
-1.0, -0.776492463932
1.0, -0.894785451744
-1.0, -0.961419091643
1.0, 0.0631326995499
-1.0, -0.440179993952
-1.0, -0.240773957061
-1.0, -0.317535214993
-1.0, 0.0698788246623
-1.0, -0.954802154042
-1.0, -0.650416908286
-1.0, -0.541408634995
-1.0, -0.92281112072
-1.0, -0.0425606747774
-1.0, 0.274061468214
1.0, -0.259577844782
-1.0, -0.830358155427
1.0, 0.949079344426
-1.0, -0.487380832019
-1.0, -0.763523421412
-1.0, -0.934871331863
1.0, -0.116248971599
1.0, 0.566990733903
1.0, 0.697789377136
1.0, 0.911580495701
1.0, 0.910714318915
1.0, 0.655600259131
-1.0, -0.507236376737
1.0, 0.782552971395
1.0, 0.53149313332
-1.0, -0.334574589076
-1.0, -0.924208893706
1.0, 0.631314033644
1.0, 0.549868653633
-1.0, -0.868913871186
-1.0, -0.937668960975
-1.0, -0.43085606451
-1.0, -0.590496819896
1.0, -0.0204963070972
-1.0, -0.753437655331
1.0, -0.984203101692
-1.0, -0.914418834074
-1.0, -0.982281415745
-1.0, -0.771218626603
-1.0, -0.570118606202
1.0, 0.475799550808
1.0, 0.263052409368
1.0, 0.657468692213
1.0, -0.275586617832
-1.0, -0.657305416505
1.0, 0.778781814109
1.0, 0.665789453052
-1.0, -0.546800836103
-1.0, -0.9485585944
-1.0, -0.807015353739
1.0, 0.461104194003
-1.0, -0.835403177386
-1.0, -0.850644635887
1.0, 0.765598230866
-1.0, -0.56652465078
-1.0, -0.660137195711
-1.0, 0.396225338419
1.0, -0.232294484327
-1.0, -0.678545190002
-1.0, -0.848602341918
1.0, 0.551193455073
-1.0, -0.917059344012
1.0, 0.289728273196
-1.0, -0.593450262254
1.0, 0.172227143247
1.0, -0.729659283091
1.0, -0.992266568969
1.0, 0.283257261394
-1.0, -0.991030608778
1.0, 0.61436436721
1.0, 0.788239594274
-1.0, -0.799901320235
-1.0, -0.926244338897
-1.0, -0.724247611041
1.0, 0.532535577747
-1.0, 0.0893646050297
-1.0, -0.705649851425
-1.0, -0.920896415813
-1.0, 0.504301946143
-1.0, -0.481735986192
-1.0, -0.168075198903
-1.0, -0.161147351226
-1.0, -0.421543630489
1.0, 0.347731988787
-1.0, -0.309890304746
1.0, -0.3589520072
-1.0, -0.709816563702
-1.0, -0.2790447316
-1.0, 0.129437641121
1.0, -0.702376000396
-1.0, -0.830444806271
-1.0, -0.454802238237
1.0, 0.154608543792
-1.0, -0.994678068639
-1.0, -0.378240021006
-1.0, -0.722482344256
-1.0, -0.637751344827
1.0, 0.560708880751
1.0, 0.288460826952
-1.0, 0.102604885218
-1.0, -0.417482729445
-1.0, -0.360299119463
-1.0, -0.458940253193
-1.0, -0.556598302415
1.0, 0.664455204221
1.0, -0.92827676594
-1.0, -0.827734704787
-1.0, -0.654977573545
-1.0, -0.92718613198
-1.0, -0.534989207154
-1.0, -0.714838648289
1.0, 0.607294695369
-1.0, -0.919058067047
-1.0, -0.642096088887
-1.0, 0.0496755211146
1.0, 0.1627161851
-1.0, -0.871117832902
1.0, 0.206756749484
-1.0, -0.615419765887
1.0, 0.421590134427
-1.0, -0.925512471741
1.0, 0.377280870743
-1.0, -0.752139865607
-1.0, -0.709933200998
1.0, 0.095827311268
1.0, 0.59558911911
1.0, 0.512202769686
1.0, 0.497825554612
-1.0, 0.254967333437
1.0, 0.866457829979
-1.0, 0.340841165736
-1.0, -0.886816423438
-1.0, -0.992907844926
-1.0, -0.563471810116
-1.0, -0.430806477061
1.0, 0.498889022783
1.0, 0.57921009362
1.0, 0.374336962681
1.0, 0.690139474038
-1.0, -0.973199102993
1.0, 0.408840009638
-1.0, -0.416758416666
-1.0, -0.949818564294
-1.0, -0.982561783835
1.0, 0.656247701628
1.0, 0.963660347588
-1.0, -0.56594102058
1.0, 0.723674907607
-1.0, -0.90453162694
-1.0, -0.632727900262
1.0, 0.731262405948
-1.0, 0.947218006735
1.0, 0.422176210579
1.0, 0.556900053829
1.0, 0.734356046715
-1.0, -0.455745405607
1.0, 0.888559052602
1.0, 0.608377907438
1.0, 0.178534008161
-1.0, -0.98146780694
-1.0, -0.993443099344
-1.0, -0.668394770643
-1.0, -0.571216413405
1.0, -0.992660465238
-1.0, -0.837898844822
-1.0, -0.768270106958
1.0, 0.129511101002
-1.0, -0.983769531265
-1.0, -0.72059510907
-1.0, -0.521442426226
1.0, -0.027405701766
-1.0, -0.989762421234
1.0, 0.868028350393
1.0, 0.543352779081
-1.0, -0.979157376024
-1.0, -0.356085245009
1.0, 0.454336138733
-1.0, -0.121567327091
1.0, -0.178276875593
1.0, 0.936814270612
-1.0, -0.304411882688
-1.0, -0.454659642607
1.0, 0.777641000273
-1.0, -0.990263147066
