1.56094095642
1.55795577923
1.55213153481
1.54359056304
1.53243617487
1.51875825905
1.50263995507
1.48416572505
1.46343122564
1.44055535007
1.41569462155
1.3890596954
1.36093300214
1.33168552493
1.30178946847
1.27182243913
1.24245820126
1.21443964843
1.18853171404
1.16545553326
1.14580979513
1.12999006885
1.11812079269
1.11001594388
1.10518130616
1.10286292777
1.10213478668
1.1020086107
1.10154505478
1.09994936577
1.09664313348
1.09131148596
1.08392814152
1.07475816526
1.06433227362
1.05338163267
1.0427240831
1.03310609183
1.02502844265
1.01860783396
1.01353495341
1.00916976236
1.00476817557
0.999776957484
0.994086765597
0.988118497385
0.982660352995
0.978488438159
0.975954201033
0.974790835099
0.974275605992
0.973646068278
0.972499956916
0.970931950216
0.969333908657
0.96800508068
0.966870752368
0.965552071092
0.963733879608
0.961480109558
0.959177568619
0.957163912601
0.955428965564
0.95369350039
0.951755280638
0.949709748792
0.94780086221
0.946089739757
0.944377096888
0.942499003829
0.940556348178
0.938704863063
0.936856675238
0.934826990465
0.932669281735
0.930573394442
0.928532079851
0.926446424122
0.924396756545
0.92244727158
0.920464846021
0.918403791353
0.916364813563
0.91432113486
0.912250368895
0.910253122177
0.908290248742
0.906320980375
0.904397669248
0.902459303152
0.900527143106
0.898617244198
0.896694668219
0.89480839232
0.892919368424
0.891051591681
0.889165806493
0.887268105122
0.885346899579
0.883421145096
0.881471829357
0.879499801476
0.877477243942
0.875417090249
0.873306052434
0.871136678226
0.868909441769
0.866609670033
0.864228717553
0.861769050066
0.859225320383
0.856583997431
0.85384188372
0.850999205504
0.848082096345
0.845244760007
0.843687602882
0.853341989463
0.936131685551
0.94544275793
0.836511414751
0.93232970297
0.842218219596
0.864345026934
0.875447358373
0.81407075734
0.858409053158
0.814084843701
0.847916451774
0.830058165917
0.814189778238
0.834699042672
0.79819071767
0.826728385371
0.79518312546
0.813498009574
0.796826892621
0.802537249587
0.79394539102
0.795560130812
0.790005509876
0.791077051283
0.783024265177
0.788010580199
0.777324860576
0.785147565066
0.771496569048
0.779238116809
0.769269808601
0.769999836914
0.769515302302
0.761930273245
0.765393179396
0.761522997505
0.755483849962
0.757095502351
0.756195056269
0.750111484282
0.746162144174
0.745610126551
0.747426020546
0.752026529381
0.755633149536
0.760662911486
0.756758662193
0.76537728749
0.77346651349
0.797524198277
0.782947043016
0.792258095711
0.778558546996
0.819583008281
0.7088185725
0.810835187296
0.706646703619
0.766118330945
0.699837136788
0.746700787255
0.73710094211
0.69425713494
0.738591655064
0.7181068054
0.683730234496
0.717538753305
0.720066633736
0.681785040273
0.687511830839
0.707078919201
0.687233465322
0.672609805382
0.690429580834
0.683381739857
0.667928590294
0.679866535127
0.67650738907
0.664321037298
0.673501673809
0.66812631004
0.661836167039
0.668283050195
0.660439861002
0.660534325779
0.66190919615
0.655180057419
0.658637577659
0.654427159518
0.653336660244
0.653351003465
0.649467513028
0.650856982449
0.646837178712
0.647647620658
0.64455241001
0.644357589075
0.641961218373
0.641343275676
0.63891280608
0.638397411505
0.635679934343
0.635119140896
0.632700820544
0.630989590242
0.629777551659
0.627225187161
0.625176464648
0.623741662825
0.621840966555
0.61938404173
0.616848159056
0.614396522093
0.612262052391
0.611642236351
0.620764978266
0.676360168326
0.65848465882
0.600889990776
0.62192982701
0.688641233992
0.592049781186
0.690549447176
0.594535851174
0.65991854862
0.655114278161
0.584587830079
0.658815900642
0.606661893633
0.586818335754
0.630765937763
0.604824517876
0.569718132143
0.602124681991
0.616453574213
0.578691072996
0.566653495535
0.592182746195
0.600415170286
0.577752392531
0.559579297716
0.571380319071
0.582704187136
0.569757515023
0.556659746512
0.564006835404
0.570754186609
0.561664770713
0.553680718116
0.559904916137
0.562143607755
0.553930448617
0.552362111552
0.557016743148
0.554151820831
0.549480614836
0.552161656717
0.552185179186
0.547903885261
0.54865998364
0.549587833061
0.546377179126
0.546029331983
0.546809139002
0.544344987433
0.544016406802
0.544180965688
0.542143090881
0.542101003412
0.541489118076
0.540005295532
0.540067679508
0.538648189891
0.538088135853
0.537330940357
0.536181382539
0.535689665678
0.53436584004
0.533817710142
0.532477036549
0.531784675842
0.530451700253
0.529566474959
0.528301572809
0.527107775687
0.525981036523
0.524501890618
0.523253629592
0.521886525434
0.520273466456
0.518712395403
0.517197300686
0.515598929219
0.513915262815
0.512291052057
0.511181163706
0.512986002068
0.526380199261
0.587746008337
0.515194803291
0.514880928296
0.575551728882
0.497517459775
0.575059933563
0.501041027096
0.548571345054
0.55676630499
0.487175785651
0.549645157599
0.537176399504
0.483154813426
0.528448522969
0.542474091043
0.493990777575
0.48656980631
0.520581787977
0.516222545053
0.48096306818
0.481359651678
0.503752491323
0.506875540548
0.486570900788
0.471696803861
0.480732691637
0.491754167404
0.483832548954
0.470528987947
0.472591408468
0.481029825553
0.478293640942
0.468773973082
0.468775105911
0.474763273319
0.472410119519
0.465991748526
0.467364247084
0.470560221274
0.467272135148
0.463942950175
0.466217889598
0.46655700725
0.463144899547
0.462983686067
0.464361295123
0.462358187219
0.461077017009
0.462141450232
0.46095028967
0.459630983374
0.460254986257
0.459246460773
0.458198279215
0.45850675553
0.457378756334
0.456772746374
0.45664541669
0.455479070921
0.455299959239
0.454464741334
0.453805660389
0.453289962956
0.452365541338
0.451896050663
0.450903980134
0.45034915963
0.449342288785
0.448656715545
0.447670969607
0.446784459902
0.445871422462
0.444755772223
0.44382300096
0.442687185639
0.441471626873
0.440346013523
0.439132815294
0.437776899644
0.436349694485
0.434886685898
0.433377556661
0.431817167854
0.43024772806
0.42898746888
0.430474034362
0.450885015575
0.45844866276
0.432883722618
0.419362026533
0.424017420846
0.440177317389
0.462814314706
0.413239245068
0.458471951586
0.409356512933
0.445530774276
0.419023817384
0.420611727317
0.427751819082
0.404255068198
0.42482595505
0.40694968031
0.404457659164
0.413894138302
0.396387391843
0.406349685092
0.401421896097
0.395314653468
0.402159230609
0.391611847248
0.398154319642
0.391411585545
0.393278335369
0.391500811734
0.389279059316
0.390075723652
0.386676885395
0.387921111442
0.384702538355
0.385695889573
0.382912215512
0.383323905573
0.381442090327
0.380825616583
0.380185194478
0.378257353302
0.378604873754
0.376381132873
0.375976173081
0.375340865988
0.373341168319
0.372668477451
0.372272679206
0.3709102049
