1.18927862707
1.1886631829
1.18746389313
1.18570847969
1.18342110902
1.18062269608
1.17733119113
1.17356185001
1.16932748874
1.16463872385
1.15950419969
1.15393080435
1.14792387573
1.14148739943
1.13462419995
1.12733612688
1.11962423758
1.11148897774
1.10293036128
1.09394815065
1.08454203884
1.0747118339
1.06445764662
1.05378008211
1.04268043516
1.03116088951
1.01922472039
1.00687649944
0.994122300633
0.980969905105
0.967429002572
0.953511385996
0.939231135815
0.924604789279
0.909651489856
0.894393111157
0.87885434933
0.863062777673
0.847048857075
0.830845896143
0.814489955346
0.7980196904
0.781476131375
0.764902395659
0.748343334973
0.731845118999
0.715454760825
0.699219592164
0.683186699041
0.667402331173
0.651911300415
0.636756385203
0.621977758724
0.607612458544
0.593693914415
0.580251549107
0.567310464418
0.554891221074
0.543009717425
0.531677167731
0.520900176872
0.510680904597
0.501017309334
0.491903459105
0.483329895527
0.475284036073
0.467750599803
0.460712042516
0.454148988589
0.448040648484
0.442365212908
0.437100216706
0.432222867604
0.427710336873
0.423540010681
0.419689702357
0.416137826961
0.412863540435
0.409846846253
0.407068672853
0.404510925336
0.402156514945
0.39998936972
0.397994429544
0.396157628542
0.394465867474
0.392906978498
0.391469684328
0.390143553528
0.388918953417
0.387787001775
0.386739518331
0.385768976806
0.384868458111
0.384031605134
0.383252579459
0.382526020223
0.381847005235
0.381211014445
0.380613895749
0.380051833109
0.379521316929
0.379019116587
0.37854225503
0.378087985318
0.377653768996
0.37723725617
0.376836267181
0.376448775747
0.376072893476
0.375706855644
0.375349008155
0.374997795593
0.374651750308
0.374309482491
0.373969671193
0.373631056285
0.373292431359
0.372952637612
0.37261055877
0.37226511715
0.371915270989
0.371560013205
0.371198371814
0.370829412253
0.370452241905
0.370066017168
0.369669953433
0.369263338331
0.36884554857
0.368416070627
0.367974525314
0.367520696019
0.367054559909
0.366576320744
0.366086441095
0.365585670573
0.365075065421
0.364555993414
0.364030116901
0.363499346466
0.362965758703
0.362431475018
0.361898504846
0.361368566575
0.360842911803
0.360322190526
0.359806401154
0.359294963269
0.358786927333
0.358281294209
0.357777368544
0.357275033969
0.35677483842
0.356277828133
0.355785159251
0.35529761148
0.354815183514
0.354336933216
0.353861137822
0.353385723775
0.352908801924
0.352429087972
0.351946020336
0.351459514276
0.350969481886
0.35047541874
0.349976382273
0.349471471882
0.348960542263
0.348444628801
0.347925730719
0.347406127127
0.346887817126
0.34637253006
0.345862146674
0.345358913795
0.344865039367
0.34438197937
0.343910189934
0.343449655753
0.343000543846
0.342563161421
0.342137398124
0.341722600272
0.341318149342
0.340923894173
0.340539793066
0.340165384079
0.339799914751
0.339442671445
0.339092669886
0.338748274388
0.338407600593
0.338068959817
0.337730611215
0.337390742736
0.337047905654
0.336700772745
0.336347753983
0.335987289173
0.33561777379
0.335237459995
0.334844976266
0.334439251485
0.334019491836
0.33358528346
0.333136120692
0.332671492818
0.332190658132
0.331692752185
0.33117698372
0.330642774714
0.330089793324
0.329517588661
0.328925338751
0.328311889748
0.327675853854
0.327015791986
0.326330306131
0.32561807679
