1.14773207326
1.14696440255
1.14548493014
1.14335900118
1.14065975723
1.13746649674
1.13386296621
1.1299354984
1.12577094645
1.12145440131
1.11706672422
1.11268197391
1.1083648549
1.10416835294
1.10013174994
1.09627921649
1.09261916232
1.08914448151
1.08583376509
1.08265347377
1.07956097943
1.07650830324
1.07344631043
1.07032906921
1.0671180473
1.06378580048
1.06031880449
1.0567190955
1.05300442383
1.04920670533
1.04536869389
1.04153901216
1.03776596694
1.03409091067
1.0305422196
1.02713112951
1.02385057463
1.02067772082
1.01758007679
1.01452405568
1.01148393626
1.0084486965
1.00542446556
1.00243146304
0.999496056444
0.996640435176
0.993873635789
0.991187585325
0.98856018288
0.985964596841
0.983380970834
0.980805026733
0.97824884351
0.975732676886
0.973271831218
0.970866461362
0.968501496527
0.966157504645
0.963824647573
0.961508003098
0.959218680279
0.956958077351
0.95471056858
0.952452946637
0.950171595474
0.947868837006
0.94555145047
0.943216354127
0.940853104721
0.938460152437
0.936050871214
0.933639488378
0.931228286074
0.92881542887
0.926407682478
0.924014040783
0.921632269086
0.919254622982
0.916881035649
0.914512994152
0.912143399305
0.909766299656
0.907383796301
0.904994718059
0.902595187141
0.900189088703
0.897779647347
0.895366123117
0.892952870733
0.890541119621
0.888128911477
0.885718265177
0.883306883603
0.880894369636
0.878480897879
0.87606478685
0.873647544407
0.871227466351
0.868805019389
0.866377461505
0.863943461769
0.861499088748
0.859041784906
0.856567875384
0.854075968078
0.851563060467
0.849024553517
0.846454433698
0.843845224879
0.841189989403
0.838482397248
0.835715016308
0.832878959173
0.82996522993
0.826965357713
0.823872141165
0.820678133793
0.817375654281
0.813960340075
0.810463828757
0.807254618216
0.808528486657
0.856650330611
0.886703250748
0.8683984485
0.81402475521
0.789150658806
0.780973685467
0.787684947931
0.836207588108
0.797768785554
0.766041704191
0.778082382622
0.794788196102
0.779903362993
0.757061082682
0.747165906159
0.745335606954
0.755009113921
0.800936306815
0.741052958109
0.742148751088
0.775062486564
0.724044106931
0.775102509037
0.732394234968
0.745926521333
0.737127152453
0.723791298593
0.729422534895
0.711469313589
0.716982739906
0.705011857711
0.702839956972
0.706329500005
0.688866779819
0.704484306324
0.680434091036
0.695061009102
0.679243544357
0.677881195352
0.68439770507
0.66763110968
0.670287989291
0.67216805214
0.659110881976
0.659253981223
0.661850414996
0.65243898693
0.64637361531
0.648063988766
0.648973582055
0.643105269494
0.635910351163
0.630572016069
0.626425812537
0.622642384456
0.618897323012
0.615039295078
0.611508428696
0.612076208743
0.653398513456
0.692671293731
0.59867601003
0.689960173465
0.5970499114
0.671208384239
0.648400605122
0.598016248381
0.654846824638
0.587932329726
0.596597386627
0.624162093559
0.582393508275
0.570025511254
0.59975100125
0.59349985146
0.56174972677
0.567154759469
0.584292808635
0.56848241868
0.553367497686
0.566423314665
0.567111177557
0.551345915235
0.553884272789
0.560651702397
0.550374703711
0.546859919152
0.55338598836
0.547324362928
0.543198611721
0.547788636102
0.543050228899
0.540511903502
0.54331846913
0.538645598184
0.538355727303
0.538704903431
0.534905755305
0.536157927631
0.533844268933
0.532573154146
0.532471747031
0.529883755051
0.530212973443
0.527683865665
0.527599803732
0.525479428798
0.524992632371
