1.3872818339
1.38676145038
1.38574700378
1.38426118307
1.38232335132
1.37994982596
1.37715413554
1.37394725508
1.37033782196
1.3663323344
1.36193533467
1.35714957888
1.35197619549
1.34641483438
1.3404638084
1.33412022945
1.32738014073
1.32023864737
1.31269004701
1.30472796258
1.29634547897
1.28753528561
1.27828982707
1.26860146346
1.25846264274
1.24786608684
1.23680499342
1.22527325495
1.21326569676
1.20077833509
1.18780865607
1.17435591581
1.16042146116
1.14600906973
1.13112530672
1.11577989467
1.09998609064
1.08376106359
1.06712626262
1.05010776432
1.03273658556
1.01504894526
0.997086457077
0.978896232862
0.960530875944
0.94204834326
0.923511656452
0.904988444968
0.886550308777
0.868271994863
0.850230390201
0.832503344038
0.815168343751
0.798301080306
0.781973950689
0.766254554187
0.751204246117
0.736876815239
0.723317349014
0.710561343649
0.698634103805
0.687550460761
0.677314819089
0.667921522338
0.659355509592
0.651593219023
0.644603682876
0.63834975167
0.632789383902
0.627876940837
0.623564433118
0.619802675843
0.616542320062
0.613734740241
0.611332768027
0.609291272021
0.607567590735
0.606121831336
0.604917050322
0.603919334025
0.603097797231
0.602424517525
0.601874421526
0.601425137321
0.60105682534
0.600751997768
0.600495334617
0.600273502714
0.600074982245
0.599889904075
0.599709899884
0.599527966151
0.599338342181
0.599136401641
0.59891855647
0.598682171476
0.598425487413
0.598147549905
0.597848141141
0.597527710955
0.597187303669
0.596828477055
0.596453210045
0.596063796467
0.595662723299
0.595252533716
0.59483567776
0.594414356502
0.593990369115
0.593564975704
0.593138791442
0.592711728672
0.592283002133
0.591851207638
0.591414475975
0.59097069215
0.590517756881
0.590053855225
0.589577689713
0.589088635582
0.588586785395
0.588072869291
0.587548061874
0.587013711919
0.58647104999
0.58592093614
0.585363702278
0.584799122508
0.584226514584
0.583644943577
0.583053472931
0.582451395002
0.581838377325
0.581214483227
0.580580062652
0.579935552848
0.579281265595
0.578617252177
0.577943316748
0.577259192236
0.576564818144
0.575860601205
0.575147534514
0.57442711353
0.573701092972
0.572971217414
0.572239069801
0.571506098029
0.570773747046
0.570043533002
0.569316923681
0.568595035816
0.567878325951
0.567166491295
0.566458641203
0.565753560064
0.565049797741
0.564345522071
0.563638367115
0.56292556214
0.562204331185
0.561472251353
0.560727351283
0.559968124679
0.559193765607
0.55840454719
0.557601927683
0.556788279982
0.555966627578
0.555140546616
0.55431386187
0.553490043736
0.552671839908
0.551861283278
0.551059584716
0.550267026092
0.549483330301
0.548708068032
0.547940800971
0.54718142752
0.546430354638
0.54568823813
0.54495590598
0.544234096968
0.543523135032
0.542822889501
0.542132514868
0.541450523079
0.54077487766
0.540103271447
0.539433486032
0.538763652712
0.538092437163
0.537418924694
0.536742340239
0.53606173255
0.53537582496
0.534683134478
0.533982043105
0.533270853973
0.532547772593
0.53181082641
0.531057899842
0.530286867853
0.529495686993
