0.469257893115
0.469255928822
0.469252099126
0.469246488788
0.469239169611
0.469230201495
0.469219633392
0.469207504159
0.469193843322
0.469178671765
0.469162002346
0.469143840442
0.469124184439
0.469103026167
0.469080351287
0.469056139634
0.46903036552
0.469002998004
0.468974001128
0.46894333413
0.468910951627
0.468876803784
0.468840836457
0.468802991326
0.468763206018
0.468721414209
0.46867754573
0.468631526661
0.468583279425
0.468532722877
0.468479772402
0.468424340007
0.468366334426
0.468305661233
0.46824222296
0.468175919234
0.468106646922
0.468034300303
0.467958771251
0.467879949444
0.467797722595
0.467711976717
0.467622596408
0.467529465177
0.467432465796
0.467331480696
0.467226392399
0.46711708399
0.467003439637
0.46688534515
0.46676268859
0.466635360929
0.466503256752
0.466366275014
0.466224319842
0.466077301388
0.46592513673
0.465767750812
0.465605077431
0.46543706026
0.465263653903
0.465084824975
0.4649005532
0.464710832523
0.464515672213
0.46431509796
0.464109152945
0.463897898864
0.463681416902
0.463459808629
0.463233196802
0.463001726055
0.462765563456
0.462524898907
0.462279945364
0.462030938864
0.46177813832
0.46152182509
0.461262302268
0.460999893706
0.460734942741
0.460467810619
0.460198874595
0.459928525729
0.459657166357
0.459385207251
0.459113064482
0.458841156002
0.458569897965
0.458299700816
0.458030965197
0.457764077688
0.457499406446
0.457237296792
0.456978066786
0.456722002867
0.456469355594
0.456220335563
0.455975109554
0.455733796953
0.455496466514
0.455263133502
0.455033757261
0.454808239235
0.454586421486
0.454368085721
0.454152952838
0.453940683017
0.453730876339
0.453523073943
0.45331675971
0.453111362457
0.452906258649
0.452700775589
0.452494195106
0.452285757712
0.452074667242
0.451860095964
0.451641190187
0.451417076358
0.451186867682
0.45094967127
0.450704595833
0.450450759916
0.450187300657
0.449913383011
0.44962820935
0.449331029263
0.44902114931
0.448697942395
0.448360856251
0.448009420468
0.447643251302
0.447262053428
0.446865617741
0.446453814333
0.44602657999
0.445583899921
0.445125784083
0.444652239369
0.444163240049
0.443658700066
0.443138451851
0.442602236847
0.442049712527
0.441480478947
0.440894124653
0.440290287398
0.43966872041
0.439029351471
0.438372321383
0.437697991846
0.437006920491
0.436299811116
0.435577456985
0.434840700172
0.434090427233
0.433327610117
0.432553383798
0.431769134865
0.430976566371
0.430177710713
0.429374886201
0.428570626609
0.427767638527
0.426968836687
0.426177462542
0.425397224753
0.424632358793
0.423887529604
0.423167589211
0.422477281357
0.421820981619
0.421202473816
0.420624685876
0.420089342001
0.419596618944
0.419144978125
0.418731258767
0.418350936922
0.417998405697
0.417667287553
0.417350924123
0.417043070679
0.416738574102
0.41643377094
0.416126564843
0.41581630514
0.415503483129
0.415189163378
0.414874255899
0.414558919008
0.414242212941
0.413921947106
0.413594815605
0.413256911157
0.41290437076
0.412533946748
0.412143538474
0.411732475826
0.411301369981
0.410851757681
0.410385582711
0.409904584654
0.409409930634
0.408902040735
0.408380589966
0.407844532051
0.407291847059
0.406719263034
0.406122189886
0.405495322707
0.404833871976
0.404135081138
0.403399187488
0.402629130956
0.401828908929
0.401001435158
0.400147012776
0.399263152032
0.398345709473
0.397390869553
0.396396991084
0.395365343213
0.394299204144
0.393201014816
0.392069600247
0.390900016613
0.389687998991
