1.3033047705
1.30329552993
1.30327751235
1.30325111334
1.3032166662
1.30317444698
1.30312467904
1.30306753703
1.30300315056
1.30293160732
1.30285295596
1.30276720855
1.30267434281
1.30257430399
1.30246700657
1.30235233573
1.30223014854
1.3021002751
1.30196251935
1.30181665988
1.30166245051
1.30149962077
1.30132787628
1.30114689903
1.30095634753
1.30075585697
1.30054503918
1.30032348268
1.30009075254
1.29984639029
1.29958991378
1.29932081693
1.29903856961
1.29874261737
1.29843238126
1.29810725761
1.29776661787
1.29740980844
1.29703615053
1.29664494014
1.29623544805
1.29580691985
1.29535857617
1.29488961287
1.29439920151
1.2938864898
1.29335060232
1.29279064136
1.29220568793
1.29159480306
1.29095702923
1.29029139215
1.28959690274
1.28887255942
1.28811735077
1.28733025844
1.28651026046
1.2856563349
1.28476746392
1.28384263815
1.28288086151
1.28188115632
1.28084256877
1.27976417475
1.27864508581
1.27748445539
1.27628148506
1.27503543076
1.27374560877
1.2724114013
1.27103226147
1.26960771733
1.26813737465
1.26662091806
1.26505811017
1.26344878808
1.26179285684
1.26009027919
1.25834106106
1.25654523207
1.25470282051
1.25281382215
1.2508781624
1.24889565139
1.24686593181
1.24478841966
1.24266223814
1.24048614574
1.23825845983
1.23597697768
1.23363889777
1.23124074474
1.22877830215
1.22624655823
1.22363967004
1.22095095234
1.21817289745
1.21529723236
1.21231501864
1.20921679955
1.20599279685
1.20263315698
1.19912824336
1.19546896695
1.19164714337
1.18765585996
1.18348983227
1.17914572664
1.1746224245
1.16992120636
1.16504583938
1.16000256333
1.15479998465
1.14944890753
1.14396215051
1.13835441421
1.13264227288
1.12684435431
1.12098174118
1.11507857056
1.10916272957
1.10326645956
1.09742661299
1.09168429254
1.08608367214
1.08066997073
1.07548679408
1.07057330261
1.06596178703
1.0616761362
1.05773134346
1.05413374582
1.050881372
1.04796383505
1.04536169387
1.04304587423
1.04097812166
1.03911318964
1.0374025968
1.03579885379
1.03425876152
1.03274503058
1.03122664555
1.0296791537
1.02808567446
1.02643815654
1.02473746122
1.02299133918
1.0212110297
1.01940834384
1.01759429299
1.01577839861
1.01396726022
1.01216275799
1.01036197231
1.00855960107
1.00675078652
1.00493230274
1.00310310515
1.00126580549
0.999427366344
0.997596824642
0.99578206843
0.99398834555
0.992217006957
0.990463921419
0.988720813597
0.986978885521
0.985231190885
0.983475006689
0.981713665426
0.979954423593
0.978205252837
0.976471759232
0.974753762628
0.973045809129
0.971339644351
0.969627926259
0.967908009916
0.966181993557
0.964455016343
0.962731105922
0.961011216498
0.959293291005
0.957575203689
0.955856598191
0.954138943496
0.952422939004
0.950706650284
0.948985953035
0.947256768974
0.945516563358
0.943762946821
0.94199130666
0.940194741149
0.938366745242
0.936503431371
0.934602290114
0.932659691717
0.930671301804
0.928636023008
0.926569632934
0.92463799739
0.924790918066
0.947843125925
1.15628775446
0.952618227193
0.924251090123
1.05339848982
0.914521370505
0.985128019565
0.914434291344
0.953258721683
0.903576164392
0.939715386538
0.907191057932
0.923912824478
0.911679356218
0.911800598301
0.91034411045
0.905428323015
0.904719961655
0.903545881923
0.895717672343
0.904577206677
0.889245712816
0.902625416713
0.887449576989
0.893161608879
0.890708406507
0.883071545395
0.889859083098
0.883662472677
0.879446491621
0.88390506829
0.881295357315
0.875525568606
0.874330345385
0.876778064023
0.878985578702
0.877226468722
0.875263795782
0.875544790428
0.879941803296
0.889278264661
0.909038442882
0.925982874019
0.940851161193
0.918361039671
0.918077980425
0.946651168382
1.01707835172
0.854764688426
1.0522633524
0.857435427147
1.03290818148
0.989890670281
0.882954396813
0.991507068344
0.8642793743
0.904761967729
0.996038728906
0.953894794871
0.847996965647
0.874122050515
0.941127682625
0.928060090853
0.856735898776
0.839790095174
0.885606371433
0.91417888461
0.891956377373
0.846059348564
0.834143946414
0.862193964303
0.876696724122
0.855426541333
0.831079261264
0.838016934778
0.855341341826
0.85100934488
0.832257332516
0.829821249242
0.842009325184
0.841138900312
0.828433590874
0.828063978182
0.835737689699
0.832034170137
0.82448038646
0.828007013578
0.830601360633
0.824630883433
0.823394175996
0.826870569187
0.823950352912
0.821198857742
0.823714955168
0.822138262118
0.819675298693
0.821385577803
0.819912659557
0.818279867936
0.81939844407
0.817557482506
0.817055988218
0.817201660466
0.815466922843
0.815766688058
0.814715402136
0.813990935833
0.813764636408
0.812526125982
0.812451098671
0.811194618159
0.810981280422
0.809791524843
0.809436894771
0.808273217762
0.807758765461
0.806685692465
0.805860164756
0.805024477512
0.803839906445
0.802979694748
0.801954868743
0.800675084469
0.799502026433
0.7984106945
0.79725236696
0.79605152916
0.795012474282
0.794956681228
0.799866484973
0.826040433694
0.913557657686
0.809208252415
0.803570364544
0.888253173391
0.782335420237
0.872248462588
0.796425136098
0.847490096099
0.863975028699
0.775746660404
0.852214434883
0.844017903873
0.771850617897
0.824124917039
0.853461890456
0.790522376836
0.776923239747
0.821900608658
0.823617474518
0.780722926784
0.768477237323
0.797957419529
0.798336727614
0.769158736708
0.768063409725
0.786552709848
0.778459389626
0.761442618834
0.770781902042
0.776669851411
0.762946315636
0.761964316982
0.770214662842
0.762917541123
0.758400343982
0.764913751188
0.760511821806
0.75669870871
0.761295231139
0.757353270115
0.755536769355
0.758278877139
0.754134211241
0.754854045248
0.755035484981
0.751995332844
0.753617318817
0.751590245785
0.750993012569
0.75111206616
0.749095117156
0.749770090233
0.747921779566
0.748009865295
0.746878331906
0.746257588568
0.745563883221
0.744680581653
0.74400111725
0.743163579759
0.74223413105
0.741616994096
0.740350136618
0.739832126676
0.738587869738
0.737573861318
0.73679258409
0.735504261848
0.734224067328
0.733204798537
0.732172164618
0.73101363826
0.72989696312
0.729285399551
0.731192490574
0.741951845899
0.782884704728
0.732390042645
0.728461270016
0.768091226013
0.717009139033
0.760571205904
0.7178636062
0.746731292689
0.745079537442
0.712690717524
0.74598316719
0.726020210692
0.709710370962
0.73327824601
0.713422048645
0.710015585424
0.722359875934
0.702943464079
0.712718349787
0.709788219716
0.701261414797
0.710380116913
0.698518719358
0.705156269585
0.699830052194
0.699390642598
0.699630815374
0.695603063814
0.698102220072
0.693170198398
0.695935923602
0.691381732948
0.693608560997
0.689744896766
0.691291896519
0.688192481955
0.688880426731
0.686730463893
0.686326556056
