0.632343920117
0.632090219598
0.63159735672
0.630879598835
0.629950911982
0.628824951062
0.62751506515
0.6260343133
0.624395487044
0.62261113641
0.620693596889
0.618655015204
0.616507372177
0.614262501322
0.611932102073
0.609527746864
0.607060881498
0.604542818472
0.60198472315
0.59939759288
0.596792229339
0.594179204579
0.591568821445
0.58897106916
0.586395575058
0.58385155355
0.581347753518
0.578892405402
0.576493169291
0.574157085323
0.571890527698
0.569699163486
0.567587917375
0.565560943315
0.56362160387
0.561772457898
0.560015256985
0.558350950803
0.556779701412
0.555300906241
0.553913229353
0.552614640385
0.551402460416
0.550273413914
0.549223685814
0.548248982739
0.547344597369
0.54650547499
0.545726281282
0.545001470509
0.544325353366
0.54369216381
0.543096124387
0.542531509592
0.541992706981
0.541474275796
0.54097100294
0.540477956173
0.539990534398
0.539504514857
0.539016096952
0.538521942269
0.538019210169
0.537505588072
0.536979315256
0.536439198682
0.535884619069
0.535315525154
0.534732413975
0.534136295002
0.533528636296
0.532911291535
0.532286407857
0.531656316124
0.531023407301
0.530390001145
0.52975821601
0.529129850916
0.528506292544
0.527888459816
0.527276796664
0.526671318977
0.526071714717
0.525477487341
0.524888123591
0.52430325927
0.523722813282
0.523147062701
0.522576640862
0.522012455278
0.521455539905
0.520906872526
0.520367198252
0.519836900812
0.519315953138
0.518803959488
0.51830027745
0.517804185936
0.517315051206
0.516832442054
0.516356159509
0.515886173283
0.515422489624
0.514965002218
0.514513387501
0.514067090407
0.513625408006
0.513187631185
0.512753171585
0.512321603744
0.511892595205
0.51146576071
0.511040523724
0.510616067216
0.510191401518
0.509765501601
0.50933741987
0.508906300189
0.50847129653
0.508031480349
0.507585836355
0.507133372676
0.50667326435
0.506204910548
0.505727867132
0.505241744983
0.504746199193
0.504241021189
0.503726208591
0.503201904445
0.502668268676
0.502125445672
0.501573656811
0.501013253282
0.500444628616
0.499868135077
0.499284146239
0.498693132506
0.498095585616
0.49749193234
0.496882589101
0.496267971606
0.49564835543
0.495023829196
0.494394345324
0.493759646222
0.493119232884
0.492472463649
0.491818523583
0.491156412671
0.490485030011
0.489803130384
0.489109369634
0.488402348385
0.487680580298
0.486942570607
0.486186787301
0.48541169963
0.484615727053
0.483797202868
0.48295432486
0.482085141283
0.481187528251
0.480259183482
0.479297588861
0.478299995514
0.477263337061
0.476184165089
0.475058600969
0.473882236361
0.472650032481
0.471356253825
0.469994400118
0.468557311547
0.467037365822
0.465426886677
0.463718695746
0.461906938486
0.459988144081
0.457966847826
0.455927884017
0.455473846668
0.485849903286
0.463716071565
0.490721799995
0.471880541856
0.501860334196
0.455314219519
0.476981224901
0.470395434277
0.446903356276
0.473790850723
0.446838673645
0.447326130222
0.458938576878
0.440670821037
0.445332417403
0.437204039992
0.438591189233
0.441849999291
0.428384429499
0.44307899822
0.428821158892
0.436613236428
0.424869886506
0.435729232059
0.423479022342
0.429198222105
0.420730718922
0.428442215679
0.424087343503
0.422597185243
0.425007934077
0.417100776046
0.418295877299
0.417872858617
0.414041563146
0.41344321339
0.414864229077
0.415126371357
0.410211138371
0.411296766234
0.415679183238
0.408638708326
0.407003082164
0.409915491532
0.410483953545
0.417498585561
0.405394291073
0.402033379746
0.401462131535
0.403961590178
0.422432786323
0.399133093311
0.449102321812
0.445690871039
0.472837105572
0.441087764874
0.411030646664
0.46678592146
0.430829840527
0.413694240767
0.435706170394
0.447590857768
0.434359772467
0.404042112827
0.406155548295
0.430572968254
0.396567491556
0.396648926279
0.412661502346
0.417287673521
0.406107618862
0.390480744658
0.396862343818
0.408249984461
0.391586679883
0.390083142257
0.397963755289
0.396971841355
0.388604874561
0.38789857368
0.394153982428
0.388197525735
0.386517046644
0.390253231994
0.388762724274
0.38479423969
0.38727593624
0.386522901695
0.383752347734
0.38596125735
0.384614646856
0.383148010079
0.384905634073
0.382488047243
0.383404043054
0.382859436905
0.381775539297
0.382581183729
0.38110422333
0.381751555599
0.380793925697
0.380796853243
0.380319851031
0.379961282129
0.379734340713
0.379230899085
0.378961918187
0.378658603939
0.378105528309
0.378029002374
0.37726826973
0.377069687655
0.376659073502
0.376021916447
0.375691274469
0.375311700624
0.374754771017
0.374128662051
0.373566921329
0.373053908651
0.372626668005
0.372714221264
0.374210235901
0.384639496484
0.384063260185
0.422618734885
0.407323396568
0.407760178371
0.383832893363
0.391444152248
0.374179716742
0.376035802531
0.405398017974
0.396264737003
0.423192233875
0.369267017218
0.388280569738
0.375973619944
