1.74165445136
1.74154376124
1.74132791143
1.74101159859
1.74059875515
1.74009261117
1.73949574919
1.73881015282
1.73803724963
1.73717794877
1.73623267403
1.73520139258
1.73408363977
1.73287854051
1.73158482731
1.73020085544
1.72872461536
1.72715374261
1.72548552549
1.72371691055
1.72184450616
1.7198645842
1.71777308017
1.71556559156
1.71323737489
1.71078334128
1.7081980508
1.70547570552
1.70261014158
1.69959482006
1.69642281705
1.69308681278
1.68957907993
1.68589147138
1.68201540737
1.67794186215
1.6736613505
1.66916391405
1.66443910771
1.65947598652
1.65426309302
1.64878844564
1.64303952834
1.63700328215
1.63066609887
1.62401381783
1.61703172615
1.60970456363
1.60201653289
1.59395131623
1.58549210024
1.5766216097
1.56732215252
1.55757567749
1.54736384711
1.53666812777
1.5254699
1.51375059169
1.50149183744
1.48867566738
1.47528472904
1.46130254582
1.44671381575
1.43150475385
1.41566348108
1.39918046219
1.38204899365
1.36426574145
1.34583132636
1.32675095188
1.30703506653
1.28670004834
1.26576889451
1.24427189412
1.22224725578
1.19974165643
1.17681067176
1.15351904447
1.12994074314
1.10615876502
1.08226463845
1.05835758894
1.03454334527
1.01093257975
0.987638999446
0.964777130955
0.942459869084
0.920795885626
0.899887016368
0.879825758214
0.860693011819
0.842556196482
0.825467843166
0.809464740166
0.794567667153
0.780781711596
0.76809712158
0.756490615256
0.745927042791
0.736361283735
0.727740261014
0.720004961241
0.713092367093
0.706937228291
0.70147362038
0.696636262398
0.692361583963
0.688588547982
0.685259246868
0.68231929772
0.679718066032
0.677408748688
0.675348346075
0.673497550814
0.671820577374
0.670284953335
0.668861289482
0.667523042605
0.666246281918
0.665009467493
0.663793246982
0.662580275244
0.661355060101
0.660103836409
0.658814469697
0.657476389845
0.656080554458
0.654619440638
0.65308706273
0.651479012113
0.649792513176
0.648026487268
0.64618161348
0.644260371986
0.642267052403
0.640207707001
0.638090027366
0.635923124568
0.633717198443
0.631483092722
0.629231750343
0.626973606991
0.624717988228
0.622472600923
0.620243224511
0.618033701522
0.615846290659
0.613682376466
0.611543435569
0.609432062723
0.607352793982
0.605312463822
0.603319918246
0.601385068195
0.599517464142
0.597724737383
0.596011321467
0.594377803244
0.592821069966
0.591335174671
0.589912618941
0.588545626626
0.587227000347
0.585950316111
0.584709474183
0.583497898938
0.582307855074
0.581130323483
0.579955626087
0.578774592116
0.577579720404
0.576365736486
0.575129258297
0.573867815598
0.572578874702
0.571259499467
0.569906808012
0.568518775161
0.567094638212
0.565634456666
0.564138088299
0.562604407762
0.561031444493
0.559417265858
0.557760664125
0.556060915126
0.554316969077
0.552527165897
0.550689932766
0.548804600659
0.546871231833
0.54488968333
0.542859227179
0.540779118217
0.53864885041
0.536467337464
0.534232268032
0.531940711749
0.529589807361
0.527176462635
0.524697330794
0.522149753006
0.519531966963
0.516842420061
0.514079947198
0.511243982435
0.508333746845
0.50534824867
0.502286731116
0.499148299404
0.495932426405
0.492639349244
0.489269661823
0.485824648265
0.482305861157
0.478715116415
0.47505453235
0.471326037
0.467531297827
0.463671174805
0.459745780949
0.455753917468
0.451693142941
0.447559936883
0.443350308394
0.439059986062
0.434684812417
0.430221225413
0.425666141566
0.421016940415
0.416271165129
0.411425416982
0.406474074246
0.401408163788
0.396214611052
0.390876183058
0.385372110986
0.379679714727
0.37377717662
0.367647354163
0.361281267919
0.354687128761
0.347983146251
0.343032949347
0.372140894038
0.397668396913
0.398228241097
0.375522890912
0.395563913274
0.321644033177
0.352532058355
0.370410931099
0.317617190951
0.313670714802
0.334713045365
0.285470659866
0.297056577637
0.318886192006
0.323175813274
0.308989462047
0.287464261686
0.279005186659
0.29127379366
0.302724105165
0.292078162641
0.271907031334
0.265508693841
0.272381434794
0.278782598091
0.276575204112
0.267557792248
0.261343546241
0.264362052155
0.268214568918
0.263253474579
0.25641881584
0.256408184001
0.259313799313
0.258765361392
0.254984173254
0.253234761981
0.254798905813
0.254218640602
0.250754840188
0.249713312742
0.250572046426
0.2495315791
0.247506255483
0.247493161951
0.247289226846
0.245254037373
0.244551939519
0.244364324559
0.242907099051
0.242190292461
0.24175515079
0.240219321937
0.239571049272
0.238655716936
0.237453804859
0.23683872964
0.235431536236
0.23455006816
0.233267379711
0.23219028379
0.230933641438
0.229634612916
0.228239305955
0.226858242543
0.225298485845
0.223806961053
0.222018413343
0.220393182366
0.218564691515
0.216647763869
0.214824793949
0.212890130319
0.210863585907
0.208891722184
0.20698164005
0.205077818134
0.203221238328
0.201537777365
0.200652670728
0.202842409801
0.22112051246
0.196472244336
0.197403966647
0.210903311164
0.192892689759
