-1.0, -0.886155046047
-1.0, -0.341927704056
-1.0, -0.887461034257
1.0, 0.777596018961
1.0, 0.894035369098
-1.0, -0.74425586316
-1.0, -0.989086261946
-1.0, -0.892805122166
-1.0, -0.992054306814
-1.0, -0.993310275797
1.0, 0.7201165287
-1.0, -0.999667859721
-1.0, -0.841537515045
-1.0, -0.768167312687
-1.0, -0.998237676017
-1.0, -0.99613225419
-1.0, -0.999480804957
-1.0, -0.99902170367
-1.0, -0.826441083422
-1.0, -0.957703201124
1.0, 0.516388062361
-1.0, -0.913793253171
-1.0, -0.988558780789
-1.0, -0.975640912437
-1.0, -0.998259230211
1.0, -0.942946460611
1.0, 0.462156051902
1.0, 0.898384899352
-1.0, -0.963465908864
-1.0, -0.860910779983
-1.0, -0.992974220608
1.0, -0.991959161204
-1.0, -0.98573526997
-1.0, -0.999053472236
-1.0, -0.988924087301
1.0, -0.964685632071
-1.0, -0.560413041416
-1.0, -0.960667771042
-1.0, -0.599408609085
-1.0, -0.84294743511
-1.0, -0.957676555628
-1.0, -0.996592059523
-1.0, -0.981326907152
-1.0, -0.961405885623
-1.0, -0.998347748602
-1.0, -0.9672229926
1.0, 0.393557537521
-1.0, -0.923239356723
-1.0, -0.971580272112
-1.0, -0.933928496573
-1.0, -0.730656497877
-1.0, -0.894340807816
-1.0, -0.89240453324
1.0, 0.849829715461
-1.0, -0.985235199204
-1.0, -0.716031428312
-1.0, -0.801405882362
-1.0, -0.950450665713
-1.0, -0.802860890444
1.0, 0.484713423447
1.0, -0.111918899077
-1.0, -0.762830331105
1.0, -0.212690842288
1.0, 0.992602814442
-1.0, -0.80843146737
1.0, 0.666788745423
1.0, 0.511908097327
1.0, 0.56928180369
-1.0, -0.909879607939
-1.0, -0.999765421751
-1.0, -0.983500552132
-1.0, -0.990926823873
-1.0, -0.99228696246
-1.0, -0.991002312911
1.0, 0.467833147551
1.0, 0.441207269173
-1.0, -0.773292684753
-1.0, -0.950506679598
1.0, 0.532330474816
1.0, 0.772198205225
1.0, 0.798368470655
-1.0, -0.835686419347
-1.0, -0.994609846491
-1.0, -0.993483983698
-1.0, -0.973404703056
-1.0, -0.917112961286
-1.0, -0.988607625207
-1.0, -0.936071172878
-1.0, -0.986601089074
-1.0, -0.995686365154
-1.0, -0.856260852757
-1.0, -0.978871721139
-1.0, -0.873086691878
-1.0, -0.989526686126
-1.0, -0.996964672778
-1.0, -0.997261211878
-1.0, -0.947109088844
-1.0, -0.970911607099
-1.0, -0.996091585833
-1.0, -0.950578135871
-1.0, -0.954846701673
-1.0, -0.835440252393
-1.0, -0.977694711845
-1.0, -0.941299001895
-1.0, -0.99835103534
-1.0, -0.993258341214
-1.0, -0.759239513177
-1.0, -0.969406768017
-1.0, -0.999922333904
-1.0, -0.999030093542
1.0, 0.456784869437
1.0, 0.978552057748
1.0, 0.854002297333
-1.0, -0.914832375578
-1.0, -0.976390609634
-1.0, -0.855907640462
1.0, -0.954096382358
-1.0, -0.971361373817
-1.0, -0.994738605322
-1.0, -0.967911292752
-1.0, -0.987298918474
-1.0, -0.954580490582
1.0, 0.558309471821
-1.0, -0.899326201737
1.0, 0.589658357361
1.0, 0.991657800724
1.0, 0.878261315879
1.0, 0.850840100113
-1.0, -0.881209066999
1.0, 0.85605712411
1.0, 0.845624322772
-1.0, -0.995799875695
-1.0, -0.737860914508
-1.0, -0.401822334003
1.0, 0.307697960554
-1.0, -0.856144629127
-1.0, -0.983757683959
-1.0, -0.981516518667
-1.0, -0.999599617325
-1.0, -0.782212709715
-1.0, -0.974408802294
-1.0, -0.965860340853
-1.0, -0.971937598238
-1.0, -0.999862383803
-1.0, -0.999139159156
-1.0, -0.998581121903
-1.0, -0.990404272862
-1.0, -0.998660289157
-1.0, -0.929171039868
1.0, 0.508416170025
1.0, 0.882629287475
-1.0, -0.719987642243
-1.0, -0.981521265162
-1.0, -0.991176472592
-1.0, -0.942509899614
-1.0, -0.981589049432
-1.0, -0.989000881765
-1.0, -0.99066268745
1.0, -0.99542345899
-1.0, -0.968497299839
-1.0, -0.87968243601
-1.0, -0.932290288506
-1.0, -0.976236698192
-1.0, -0.994966872965
-1.0, -0.997721477526
-1.0, -0.99415039776
-1.0, -0.965607382868
-1.0, -0.849602813188
-1.0, -0.904326540472
-1.0, -0.995768268652
1.0, -0.978019542638
-1.0, -0.573106220654
-1.0, -0.866707956993
1.0, 0.989146524839
1.0, 0.952989239971
1.0, 0.860693577812
-1.0, -0.954128173891
-1.0, -0.91476654868
1.0, 0.254162941122
-1.0, -0.969447887969
-1.0, -0.773097552164
1.0, 0.813651159716
-1.0, -0.621898415984
-1.0, -0.996236918884
-1.0, -0.987570338576
-1.0, -0.895258270543
1.0, 0.564032340897
-1.0, -0.970594559507
-1.0, -0.664455709491
-1.0, -0.809761356113
-1.0, -0.995788916599
-1.0, -0.812618476672
-1.0, -0.926201191401
-1.0, -0.98811781771
-1.0, -0.770064802533
-1.0, -0.988373042619
-1.0, -0.998833615838
-1.0, -0.998789871168
-1.0, -0.997451124377
-1.0, -0.983857811214
-1.0, -0.891186535674
1.0, 0.413801801293
-1.0, -0.846928044608
-1.0, -0.593585134897
-1.0, -0.838903103448
-1.0, -0.999982772232
-1.0, -0.998950456895
1.0, -0.976605974226
1.0, 0.264650137696
1.0, 0.839512097638
-1.0, -0.999378344898
-1.0, -0.998776039737
-1.0, -0.998806130729
-1.0, -0.990867632165
-1.0, -0.777360977343
-1.0, -0.899670420926
-1.0, -0.991235909576
1.0, -0.998317528663
-1.0, -0.947856060362
-1.0, -0.977811037625
-1.0, -0.989483716708
-1.0, -0.95736094284
-1.0, -0.999663187179
-1.0, -0.998591559201
